-0.00SHrŠþ1575
0.0000
0.0000
0.0000
0.0000
0.00
0.00
0.00
0.00
0.00
0.00
0
0
0
0
1585
0.0000
0.0000
0.0000
0.0000
0.00
0.00
0.00
0.00
0.00
0.00
0
0
0
0
1593
0.0000
0.0000
0.0000
0.0000
0.00
0.00
0.00
0.00
0.00
0.00
0
0
0
0
1602
0.0000
0.0000
0.0000
0.0000
0.00
0.00
0.00
0.00
0.00
0.00
0
0
0
0
1610
0.0000
0.0000
0.0000
0.0000
0.00
0.00
0.00
0.00
0.00
0.00
0
0
0
0
1619
0.0000
0.0000
0.0000
0.0000
0.00
0.00
0.00
0.00
0.00
0.00
0
0
0
0
1629
0.0000
0.0000
0.0000
0.0000
0.00
0.00
0.00
0.00
0.00
0.00
0
0
0
0
1637
0.0000
0.0000
0.0000
0.0000
0.00
0.00
0.00
0.00
0.00
0.00
0
0
0
0
1646
0.0000
0.0000
0.0000
0.0000
0.00
0.00
0.00
0.00
0.00
0.00
0
0
0
0
1654
0.0000
0.0000
0.0000
0.0000
0.00
0.00
0.00
0.00
0.00
0.00
0
0
0
0
1664
0.0000
0.0000
0.0000
0.0000
0.00
0.00
0.00
0.00
0.00
0.00
0
0
0
0
1672
0.0000
0.0000
0.0000
0.0000
0.00
0.00
0.00
0.00
0.00
0.00
0
0
0
0
1681
0.0000
0.0000
0.0000
0.0000
0.00
0.00
0.00
0.00
0.00
0.00
0
0
0
0
1689
0.0000
0.0000
0.0000
0.0000
0.00
0.00
0.00
0.00
0.00
0.00
0
0
0
0
1698
0.0000
0.0000
0.0000
0.0000
0.00
0.00
0.00
0.00
0.00
0.00
0
0
0
0
1708
0.0000
0.0000
0.0000
0.0000
0.00
0.00
0.00
0.00
0.00
0.00
0
0
0
0
1716
0.0000
0.0000
0.0000
0.0000
0.00
0.00
0.00
0.00
0.00
0.00
0
0
0
0
1725
0.0000
0.0000
0.0000
0.0000
0.00
0.00
0.00
0.00
0.00
0.00
0
0
0
0
1733
0.0000
0.0000
0.0000
0.0000
0.00
0.00
0.00
0.00
0.00
0.00
0
0
0
0
1742
0.0000
0.0000
0.0000
0.0000
0.00
0.00
0.00
0.00
0.00
0.00
0
0
0
0
1751
0.0000
0.0000
0.0000
0.0000
0.00
0.00
0.00
0.00
0.00
0.00
0
0
0
0
1760
0.0000
0.0000
0.0000
0.0000
0.00
0.00
0.00
0.00
0.00
0.00
0
0
0
0
1768
0.0000
0.0000
0.0000
0.0000
0.00
0.00
0.00
0.00
0.00
0.00
0
0
0
0
1777
0.0000
0.0000
0.0000
0.0000
0.00
0.00
0.00
0.00
0.00
0.00
0
0
0
0
1786
0.0000
0.0000
0.0000
0.0000
0.00
0.00
0.00
0.00
0.00
0.00
0
0
0
0
1795
0.0000
0.0000
0.0000
0.0000
0.00
0.00
0.00
0.00
0.00
0.00
0
0
0
0
1804
0.0000
0.0000
0.0000
0.0000
0.00
0.00
0.00
0.00
0.00
0.00
0
0
0
0
1812
0.0000
0.0000
0.0000
0.0000
0.00
0.00
0.00
0.00
0.00
0.00
0
0
0
0
1821
0.0000
0.0000
0.0000
0.0000
0.00
0.00
0.00
0.00
0.00
0.00
0
0
0
0
1829
0.0000
0.0000
0.0000
0.0000
0.00
0.00
0.00
0.00
0.00
0.00
0
0
0
0
1839
0.0000
0.0000
0.0000
0.0000
0.00
0.00
0.00
0.00
0.00
0.00
0
0
0
0
1847
0.0000
0.0000
0.0000
0.0000
0.00
0.00
0.00
0.00
0.00
0.00
0
0
0
0
1856
0.0000
0.0000
0.0000
0.0000
0.00
0.00
0.00
0.00
0.00
0.00
0
0
0
0
1865
0.0000
0.0000
0.0000
0.0000
0.00
0.00
0.00
0.00
0.00
0.00
0
0
0
0
1873
0.0000
0.0000
0.0000
0.0000
0.00
0.00
0.00
0.00
0.00
0.00
0
0
0
0
1883
0.0000
0.0000
0.0000
0.0000
0.00
0.00
0.00
0.00
0.00
0.00
0
0
0
0
1891
0.0000
0.0000
0.0000
0.0000
0.00
0.00
0.00
0.00
0.00
0.00
0
0
0
0
1900
0.0000
0.0000
0.0000
0.0000
0.00
0.00
0.00
0.00
0.00
0.00
0
0
0
0
1908
0.0000
0.0000
0.0000
0.0000
0.00
0.00
0.00
0.00
0.00
0.00
0
0
0
0
1917
0.0000
0.0000
0.0000
0.0000
0.00
0.00
0.00
0.00
0.00
0.00
0
0
0
0
1926
0.0000
0.0000
0.0000
0.0000
0.00
0.00
0.00
0.00
0.00
0.00
0
0
0
0
1935
0.0000
0.0000
0.0000
0.0000
0.00
0.00
0.00
0.00
0.00
0.00
0
0
0
0
1944
0.0000
0.0000
0.0000
0.0000
0.00
0.00
0.00
0.00
0.00
0.00
0
0
0
0
1952
0.0000
0.0000
0.0000
0.0000
0.00
0.00
0.00
0.00
0.00
0.00
0
0
0
0
1961
0.0000
0.0000
0.0000
0.0000
0.00
0.00
0.00
0.00
0.00
0.00
0
0
0
0
1970
0.0000
0.0000
0.0000
0.0000
0.00
0.00
0.00
0.00
0.00
0.00
0
0
0
0
1979
0.0000
0.0000
0.0000
0.0000
0.00
0.00
0.00
0.00
0.00
0.00
0
0
0
0
1987
0.0000
0.0000
0.0000
0.0000
0.00
0.00
0.00
0.00
0.00
0.00
0
0
0
0
1996
0.0000
0.0000
0.0000
0.0000
0.00
0.00
0.00
0.00
0.00
0.00
0
0
0
0
2004
0.0000
0.0000
0.0000
0.0000
0.00
0.00
0.00
0.00
0.00
0.00
0
0
0
0
2014
0.0000
0.0000
0.0000
0.0000
0.00
0.00
0.00
0.00
0.00
0.00
0
0
0
0
2023
0.0000
0.0000
0.0000
0.0000
0.00
0.00
0.00
0.00
0.00
0.00
0
0
0
0
2031
0.0000
0.0000
0.0000
0.0000
0.00
0.00
0.00
0.00
0.00
0.00
0
0
0
0
2040
0.0000
0.0000
0.0000
0.0000
0.00
0.00
0.00
0.00
0.00
0.00
0
0
0
0
2050
0.0000
0.0000
0.0000
0.0000
0.00
0.00
0.00
0.00
0.00
0.00
0
0
0
0
2059
0.0000
0.0000
0.0000
0.0000
0.00
0.00
0.00
0.00
0.00
0.00
0
0
0
0
2070
0.0000
0.0000
0.0000
0.0000
0.00
0.00
0.00
0.00
0.00
0.00
0
3
0
0
2079
0.0000
0.0000
0.0000
0.0000
-0.06
-0.19
-0.12
0.00
0.00
0.00
0
3
0
0
2091
0.0000
0.0000
0.0000
0.0000
0.00
0.00
0.00
0.00
0.00
0.00
0
3
0
0
2103
0.0000
0.0000
0.0000
0.0000
-0.06
0.12
0.12
0.00
0.00
0.00
0
3
0
0
2116
0.0000
0.0000
0.0000
0.0000
-0.06
0.00
0.12
0.00
0.00
0.00
0
3
0
0
2127
0.0000
0.0000
0.0000
0.0000
0.00
0.00
-0.06
0.17
-0.18
0.33
0
3
0
0
2138
0.3174
-0.0001
-0.0001
-0.0001
0.12
-0.19
-0.12
0.17
-0.17
0.31
0
3
0
0
2148
0.3174
-0.0001
-0.0001
-0.0001
0.06
-0.19
-0.12
0.17
-0.19
0.32
0
3
0
0
2158
0.3174
-0.0001
-0.0001
-0.0001
0.00
-0.25
0.00
0.16
-0.18
0.35
0
3
0
0
2168
0.3174
0.6982
0.6417
-0.0001
0.00
-0.06
0.12
0.18
-0.17
0.34
0
3
0
0
2179
0.3174
0.6982
0.6417
-0.0001
-0.25
0.12
0.00
0.17
-0.18
0.32
0
3
0
0
2188
0.3174
0.6982
0.6417
-0.0001
-0.06
0.06
0.19
0.19
-0.18
0.33
0
3
0
0
2198
0.3174
0.6982
0.6417
-0.0001
-0.19
0.12
0.06
0.17
-0.17
0.33
0
3
0
0
2208
0.3174
0.6982
0.6417
-0.0001
0.00
-0.06
0.00
0.19
-0.17
0.33
0
3
0
0
2219
0.3174
0.6982
0.6417
-0.0001
0.00
-0.06
-0.12
0.18
-0.17
0.33
0
3
0
0
2228
0.3174
-0.0001
-0.0001
-0.0001
0.00
0.00
-0.12
0.17
-0.18
0.34
0
3
1
0
2238
0.3174
0.6982
0.6417
-0.0001
0.12
0.06
-0.12
0.00
-0.01
0.02
0
3
1
0
2248
0.3174
0.6982
0.6417
-0.0001
0.06
0.06
-0.06
0.00
-0.01
0.02
0
3
1
0
2258
0.3174
0.6982
0.6417
-0.0001
-0.12
0.12
0.19
0.01
-0.01
0.01
0
3
1
0
2269
0.3174
0.6982
0.6417
-0.0001
0.06
0.19
0.19
0.03
-0.01
0.02
0
3
1
0
2278
0.3174
0.6982
0.6417
-0.0001
0.00
0.19
0.06
0.00
-0.01
0.03
0
3
1
0
2288
0.3174
0.6982
0.6417
-0.0001
-0.06
0.06
-0.06
0.03
-0.01
-0.01
0
3
1
0
2298
0.3174
0.6982
0.6417
-0.0001
0.12
0.12
-0.12
0.04
0.00
0.02
0
3
1
0
2309
0.3174
0.6982
0.6417
-0.0001
0.12
-0.12
0.06
0.02
-0.02
0.02
0
3
1
0
2318
0.3174
0.6982
0.6417
-0.0001
0.06
-0.06
0.00
0.00
-0.02
0.01
0
3
1
0
2328
0.3174
0.6982
0.6417
-0.0001
0.00
-0.06
0.06
0.03
0.00
0.00
0
3
1
0
2338
0.3174
0.6982
0.6417
-0.0001
0.06
0.06
-0.06
0.00
0.00
0.01
0
3
1
0
2348
0.3174
0.6982
0.6417
-0.0001
0.00
-0.06
-0.12
0.00
-0.03
0.00
0
3
1
0
2358
0.3174
0.6982
0.6417
-0.0001
0.00
-0.06
0.06
0.02
-0.03
0.01
0
3
1
0
2368
0.3174
0.6982
0.6417
-0.0001
0.06
-0.06
0.12
0.01
-0.01
0.02
0
3
1
0
2378
0.3174
0.6982
0.6417
-0.0001
0.06
0.06
0.19
0.02
-0.01
0.02
0
3
1
0
2388
0.3174
0.6982
0.6417
-0.0001
-0.12
0.12
0.06
0.00
0.00
0.01
0
3
1
0
2398
0.3174
0.6982
0.6417
-0.0001
0.06
0.06
0.12
0.03
0.00
0.00
0
3
1
0
2408
0.3174
0.6982
0.6417
-0.0001
0.12
0.06
-0.06
0.00
-0.01
0.03
0
3
1
0
2418
0.3174
0.6982
0.6417
-0.0001
0.12
0.00
-0.19
0.02
0.00
0.03
0
3
1
0
2428
0.3174
0.6982
0.6417
-0.0001
0.00
-0.19
-0.25
0.02
0.00
0.00
0
3
1
0
2438
0.3174
0.6982
0.6417
-0.0001
0.00
0.00
0.06
0.01
-0.01
0.00
0
3
1
0
2448
0.3174
0.6982
0.6417
-0.0001
-0.06
-0.06
0.19
0.00
0.00
0.00
0
3
1
0
2458
0.3174
0.6982
0.6417
-0.0001
-0.06
0.19
0.19
0.04
-0.01
0.03
0
3
1
0
2468
0.3174
0.6982
0.6417
-0.0001
0.06
0.12
0.06
0.03
0.00
0.00
0
3
1
0
2478
0.3174
0.6982
0.6417
-0.0001
0.00
0.00
0.00
0.03
-0.01
0.00
0
3
1
0
2488
0.3174
0.6982
0.6417
-0.0001
0.00
-0.19
-0.06
0.01
-0.01
0.00
0
3
1
0
2498
0.3174
0.6982
0.6417
-0.0001
0.25
-0.19
-0.12
0.01
0.00
0.04
0
3
1
0
2508
0.3174
0.6982
0.6417
-0.0001
0.12
-0.19
-0.12
0.00
-0.01
0.04
0
3
1
0
2519
0.3174
0.6982
0.6417
-0.0001
0.06
0.19
-0.19
0.00
-0.01
0.01
0
3
1
0
2528
0.3174
0.6982
0.6417
-0.0001
0.00
0.12
0.12
0.01
-0.01
0.02
0
3
1
0
2538
0.3174
0.6982
0.6417
-0.0001
0.00
0.06
0.31
0.02
-0.02
0.00
0
3
1
0
2548
0.3174
0.6982
0.6417
-0.0001
-0.19
-0.06
0.25
0.00
-0.01
0.03
0
3
1
0
2557
0.3174
0.6982
0.6417
-0.0001
0.00
0.06
0.25
0.01
-0.02
0.01
0
3
1
0
2568
0.3174
0.6982
0.6417
-0.0001
0.06
-0.12
-0.12
0.02
0.00
0.01
0
3
1
0
2578
0.3174
0.6982
0.6417
-0.0001
0.12
-0.31
-0.19
0.01
-0.01
0.01
0
3
1
0
2588
0.3174
0.6982
0.6417
-0.0001
0.00
-0.25
-0.12
0.00
-0.03
0.01
0
3
1
0
2597
0.3174
0.6982
0.6417
-0.0001
0.12
0.06
0.00
0.01
-0.04
0.04
0
3
1
0
2608
0.3174
0.6982
0.6417
-0.0001
-0.06
0.25
0.00
0.02
-0.01
0.03
0
3
1
0
2618
0.3174
0.6982
0.6417
-0.0001
-0.12
0.31
0.25
0.00
0.01
0.04
0
3
1
0
2628
0.3174
0.6982
0.6417
-0.0001
-0.25
0.25
0.31
0.03
-0.02
0.01
0
3
1
0
2638
0.3174
0.6982
0.6417
-0.0001
-0.12
0.12
0.00
0.03
-0.02
0.00
0
3
1
0
2648
0.3174
0.6982
0.6417
-0.0001
0.12
0.00
-0.12
0.03
0.00
0.00
0
3
1
0
2658
0.3174
0.6982
0.6417
-0.0001
0.12
-0.12
-0.19
0.01
-0.02
0.06
0
3
1
0
2668
0.3174
0.6982
0.6417
-0.0001
0.00
0.00
-0.19
0.02
0.00
0.05
0
3
1
0
2678
0.3174
0.6982
0.6417
-0.0001
0.06
0.19
-0.12
0.00
-0.01
0.03
0
3
1
0
2688
0.3174
0.6982
0.6417
-0.0001
-0.06
0.12
0.06
0.03
0.00
0.00
0
3
1
0
2698
0.3174
0.6982
0.6417
-0.0001
-0.06
0.25
0.31
0.01
0.00
0.01
0
3
1
0
2708
0.3174
0.6982
0.6417
-0.0001
-0.06
0.37
0.19
0.01
-0.01
0.01
0
3
1
0
2718
0.3174
0.6982
0.6417
-0.0001
0.00
0.31
0.12
0.01
-0.02
0.01
0
3
1
0
2727
0.3174
0.6982
0.6417
-0.0001
0.12
0.19
0.06
0.03
-0.01
0.04
0
3
1
0
2738
0.3174
0.6982
0.6417
-0.0001
0.06
0.00
-0.19
0.02
-0.01
0.00
0
3
1
0
2748
0.3174
0.6982
0.6417
-0.0001
0.12
0.00
-0.12
0.02
0.00
0.01
0
3
1
0
2758
0.3174
0.6982
0.6417
-0.0001
0.00
-0.12
-0.12
0.01
-0.01
0.01
0
3
1
0
2768
0.3174
0.6982
0.6417
-0.0001
-0.06
0.00
0.06
0.00
-0.02
0.02
0
3
1
0
2778
0.3174
0.6982
0.6417
-0.0001
0.00
0.12
0.19
0.02
-0.02
0.02
0
3
1
0
2788
0.3174
0.6982
0.6417
-0.0001
0.06
0.06
0.12
0.02
-0.02
0.01
0
3
1
0
2798
0.3174
0.6982
0.6417
-0.0001
0.06
0.06
0.06
0.02
0.00
0.02
0
3
1
0
2807
0.3174
0.6982
0.6417
-0.0001
0.12
0.06
0.00
0.03
0.00
0.00
0
3
1
0
2818
0.3174
0.6982
0.6417
-0.0001
0.12
-0.06
-0.06
0.00
-0.02
0.03
0
3
1
0
2828
0.3174
0.6982
0.6417
-0.0001
0.06
-0.19
-0.06
0.01
-0.01
0.01
0
3
1
0
2838
0.3174
0.6982
0.6417
-0.0001
0.06
-0.12
0.00
0.03
-0.02
-0.01
0
3
1
0
2847
0.3174
0.6982
0.6417
-0.0001
-0.06
-0.06
-0.06
0.02
-0.02
0.01
0
3
1
0
2857
0.3174
0.6982
0.6417
-0.0001
-0.06
0.00
0.12
0.03
-0.01
0.00
0
3
1
0
2868
0.3174
0.6982
0.6417
-0.0001
-0.06
0.37
0.12
0.03
0.00
0.00
0
3
1
0
2878
0.3174
0.6982
0.6417
-0.0001
-0.06
0.19
0.19
0.02
-0.02
0.01
0
3
1
0
2887
0.3174
0.6982
0.6417
-0.0001
-0.12
-0.06
0.12
0.03
-0.01
0.00
0
3
1
0
2897
0.3174
0.6982
0.6417
-0.0001
0.00
-0.12
-0.06
0.00
-0.02
0.00
0
3
1
0
2908
0.3174
0.6982
0.6417
-0.0001
0.00
-0.12
-0.06
0.00
-0.02
0.04
0
3
1
0
2918
0.3174
0.6982
0.6417
-0.0001
0.00
-0.19
-0.12
0.01
-0.02
0.00
0
3
1
0
2928
0.3174
0.6982
0.6417
-0.0001
0.00
0.00
0.00
0.00
-0.02
0.02
0
3
1
0
2937
0.3174
0.6982
0.6417
-0.0001
0.00
0.12
0.19
0.01
-0.02
0.00
0
3
1
0
2948
0.3174
0.6982
0.6417
-0.0001
-0.12
0.31
0.19
0.02
-0.01
0.03
0
3
1
0
2958
0.3174
0.6982
0.6417
-0.0001
0.06
0.12
0.12
0.02
-0.02
0.01
0
3
1
0
2968
0.3174
0.6982
0.6417
-0.0001
0.00
0.12
0.00
0.01
-0.01
0.00
0
3
1
0
2977
0.3174
0.6982
0.6417
-0.0001
0.12
0.12
-0.19
0.03
0.00
0.00
0
3
1
0
2988
0.3174
0.6982
0.6417
-0.0001
0.06
-0.25
-0.06
0.02
-0.01
0.00
0
3
1
0
2998
0.3174
0.6982
0.6417
-0.0001
0.00
-0.31
-0.19
0.00
-0.02
0.03
0
3
1
0
3008
0.3174
0.6982
0.6417
-0.0001
0.12
-0.06
-0.06
0.00
-0.02
0.02
0
3
1
0
3018
0.3174
0.6982
0.6417
-0.0001
0.06
0.06
0.12
0.01
0.00
0.04
0
3
1
0
3027
0.3174
0.6982
0.6417
-0.0001
0.06
0.12
0.19
0.02
-0.01
0.00
0
3
1
0
3038
0.3174
0.6982
0.6417
-0.0001
-0.06
0.00
-0.06
0.01
0.00
0.02
0
3
1
0
3047
0.3174
0.6982
0.6417
-0.0001
0.12
-0.19
-0.06
0.01
-0.01
0.01
0
3
1
0
3057
0.3174
0.6982
0.6417
-0.0001
0.00
-0.19
-0.19
0.02
0.00
0.03
0
3
1
0
3067
0.3174
0.6982
0.6417
-0.0001
0.00
-0.06
-0.12
0.00
-0.02
0.05
0
3
1
0
3078
0.3174
0.6982
0.6417
-0.0001
0.00
0.00
-0.12
0.02
0.00
0.02
0
3
1
0
3087
0.3174
0.6982
0.6417
-0.0001
0.00
0.06
0.12
0.01
-0.02
0.01
0
3
1
0
3097
0.3174
0.6982
0.6417
-0.0001
-0.06
0.12
0.31
0.03
-0.02
0.00
0
3
1
0
3107
0.3174
0.6982
0.6417
-0.0001
0.06
0.00
0.19
0.02
-0.01
0.00
0
3
1
0
3118
0.3174
0.6982
0.6417
-0.0001
0.00
-0.12
-0.06
0.00
-0.03
0.04
0
3
1
0
3128
0.3174
0.6982
0.6417
-0.0001
0.00
-0.25
-0.19
-0.02
-0.01
0.03
0
3
1
0
3137
0.3174
0.6982
0.6417
-0.0001
0.06
-0.31
-0.25
0.01
-0.01
0.01
0
3
1
0
3147
0.3174
0.6982
0.6417
-0.0001
0.12
-0.06
-0.12
0.01
-0.01
0.00
0
3
1
0
3158
0.3174
0.6982
0.6417
-0.0001
0.06
0.19
0.12
0.01
0.00
0.02
0
3
1
0
3168
0.3174
0.6982
0.6417
-0.0001
-0.06
0.37
0.50
0.03
0.00
0.05
0
3
1
0
3177
0.3174
0.6982
0.6417
-0.0001
-0.12
0.50
0.44
0.03
0.00
0.01
0
3
1
0
3187
0.3174
0.6982
0.6417
-0.0001
-0.06
0.12
0.06
0.03
0.01
0.00
0
3
1
0
3197
0.3174
0.6982
0.6417
-0.0001
0.06
-0.25
-0.25
0.02
-0.02
0.00
0
3
1
0
3208
0.3174
0.6982
0.6417
-0.0001
0.06
-0.37
-0.37
0.05
0.00
0.00
0
3
1
0
3217
0.3174
0.6982
0.6417
-0.0001
0.06
-0.12
-0.31
0.02
-0.01
0.00
0
3
1
0
3227
0.3174
0.6982
0.6417
-0.0001
0.00
0.00
0.06
0.01
-0.01
0.02
0
3
1
0
3237
0.3174
0.6982
0.6417
-0.0001
0.06
0.06
0.31
0.02
-0.01
0.00
0
3
1
0
3248
0.3174
0.6982
0.6417
-0.0001
-0.12
0.44
0.31
0.01
0.00
0.03
0
3
1
0
3257
0.3174
0.6982
0.6417
-0.0001
-0.12
0.19
0.12
0.03
0.00
0.03
0
3
1
0
3267
0.3174
0.6982
0.6417
-0.0001
0.06
0.12
-0.12
0.01
-0.01
0.02
0
3
1
0
3277
0.3174
0.6982
0.6417
-0.0001
0.00
-0.19
-0.25
0.01
0.00
0.02
0
3
1
0
3288
0.3174
0.6982
0.6417
-0.0001
0.12
0.00
-0.37
0.02
-0.01
0.00
0
3
1
0
3297
0.3174
0.6982
0.6417
-0.0001
0.06
-0.06
-0.19
-0.01
-0.01
0.02
0
3
1
0
3307
0.3174
0.6982
0.6417
-0.0001
0.00
0.12
0.00
0.01
0.00
0.00
0
3
1
0
3317
0.3174
0.6982
0.6417
-0.0001
-0.06
0.44
0.31
0.02
-0.01
0.00
0
3
1
0
3328
0.3174
0.6982
0.6417
-0.0001
-0.06
0.25
0.25
0.01
-0.01
0.00
0
3
1
0
3337
0.3174
0.6982
0.6417
-0.0001
0.06
0.19
0.19
0.02
0.00
0.01
0
3
1
0
3347
0.3174
0.6982
0.6417
-0.0001
0.00
0.00
-0.06
0.00
-0.01
0.00
0
3
1
0
3357
0.3174
0.6982
0.6417
-0.0001
0.19
0.00
-0.12
0.03
0.00
0.00
0
3
1
0
3367
0.3174
0.6982
0.6417
-0.0001
0.00
-0.25
-0.06
0.00
-0.01
0.03
0
3
1
0
3378
0.3174
0.6982
0.6417
-0.0001
-0.06
0.06
0.00
0.01
-0.01
0.00
0
3
1
0
3387
0.3174
0.6982
0.6417
-0.0001
0.00
0.06
0.12
0.00
-0.03
0.00
0
3
1
0
3397
0.3174
0.6982
0.6417
-0.0001
-0.06
0.12
0.19
0.01
-0.01
0.04
0
3
1
0
3407
0.3174
0.6982
0.6417
-0.0001
-0.06
0.06
0.12
0.02
-0.01
0.03
0
3
1
0
3418
0.3174
0.6982
0.6417
-0.0001
0.00
-0.12
0.00
0.00
-0.01
0.01
0
3
1
0
3427
0.3174
0.6982
0.6417
-0.0001
0.00
-0.12
0.00
0.00
-0.02
0.04
0
3
1
0
3437
0.3174
0.6982
0.6417
-0.0001
0.19
0.00
0.00
0.02
-0.01
0.00
0
3
1
0
3447
0.3174
0.6982
0.6417
-0.0001
0.19
0.06
0.06
0.03
-0.01
-0.02
0
3
1
0
3458
0.3174
0.6982
0.6417
-0.0001
-0.12
0.06
0.12
0.05
-0.01
0.01
0
3
1
0
3468
0.3174
0.6982
0.6417
-0.0001
0.00
0.25
0.12
0.02
0.00
0.03
0
3
1
0
3477
0.3174
0.6982
0.6417
-0.0001
-0.06
0.37
0.00
0.02
-0.01
0.03
0
3
1
0
3487
0.3174
0.6982
0.6417
-0.0001
0.06
-0.19
0.12
0.02
-0.01
-0.02
0
3
1
0
3497
0.3174
0.6982
0.6417
-0.0001
0.06
-0.06
0.00
0.02
-0.01
0.01
0
3
1
0
3507
0.3174
0.6982
0.6417
-0.0001
-0.12
-0.25
-0.12
0.01
0.01
0.02
0
3
1
0
3517
0.3174
0.6982
0.6417
-0.0001
0.00
0.12
-0.06
0.00
0.00
0.04
0
3
1
0
3527
0.3174
0.6982
0.6417
-0.0001
-0.12
0.12
0.06
0.01
0.00
0.05
0
3
1
0
3537
0.3174
0.6982
0.6417
-0.0001
0.00
0.06
0.06
0.01
-0.02
0.02
0
3
1
0
3547
0.3174
0.6982
0.6417
-0.0001
-0.12
0.06
0.25
0.05
0.00
0.00
0
3
1
0
3557
0.3174
0.6982
0.6417
-0.0001
-0.06
0.12
0.25
0.01
-0.01
0.02
0
3
1
0
3567
0.3174
0.6982
0.6417
-0.0001
-0.06
0.25
0.00
0.03
0.00
0.00
0
3
1
0
3577
0.3174
0.6982
0.6417
-0.0001
0.00
-0.12
-0.12
0.01
-0.02
0.02
0
3
1
0
3587
0.3174
0.6982
0.6417
-0.0001
-0.06
0.19
-0.12
0.01
0.00
0.01
0
3
1
0
3597
0.3174
0.6982
0.6417
-0.0001
0.00
-0.06
0.00
0.00
-0.02
0.01
0
3
1
0
3607
0.3174
0.6982
0.6417
-0.0001
-0.06
0.06
0.12
0.02
-0.02
0.00
0
3
1
0
3617
0.3174
0.6982
0.6417
-0.0001
0.12
0.06
0.06
0.00
0.00
0.03
0
3
1
0
3627
0.3174
0.6982
0.6417
-0.0001
-0.06
0.12
-0.06
0.03
-0.01
0.03
0
3
1
0
3637
0.3174
0.6982
0.6417
-0.0001
0.00
-0.06
-0.06
0.00
0.00
0.00
0
3
1
0
3647
0.3174
0.6982
0.6417
-0.0001
0.06
0.00
0.12
0.01
0.00
0.03
0
3
1
0
3657
0.3174
0.6982
0.6417
-0.0001
0.06
0.12
0.19
0.00
-0.02
0.02
0
3
1
0
3667
0.3174
0.6982
0.6417
-0.0001
-0.06
0.12
0.25
0.03
-0.01
0.01
0
3
1
0
3677
0.3174
0.6982
0.6417
-0.0001
0.00
0.06
0.12
0.02
-0.01
0.00
0
3
1
0
3687
0.3174
0.6982
0.6417
-0.0001
0.00
0.06
0.00
0.04
-0.02
0.00
0
3
1
0
3697
0.3174
0.6982
0.6417
-0.0001
0.06
0.00
-0.06
0.02
0.00
0.00
0
3
1
0
3706
0.3174
0.6982
0.6417
-0.0001
0.06
-0.12
0.00
0.02
-0.01
0.04
0
3
1
0
3717
0.3174
-0.0001
-0.0001
-0.0001
0.12
-0.06
-0.12
0.01
-0.01
0.02
0
3
1
0
3727
0.3174
0.6982
0.6417
-0.0001
-0.06
-0.06
-0.12
0.01
-0.01
0.05
0
3
1
0
3737
0.3174
0.6982
0.6417
-0.0001
0.00
0.19
-0.06
0.03
-0.03
0.00
0
3
1
0
3746
0.3174
0.6982
0.6417
-0.0001
0.00
0.31
0.06
0.04
-0.01
-0.03
0
3
1
0
3757
0.3174
0.6982
0.6417
-0.0001
0.00
0.12
0.19
0.02
-0.01
0.01
0
3
1
0
3767
0.3174
0.6982
0.6417
-0.0001
-0.06
-0.06
0.19
0.03
0.00
0.00
0
3
1
0
3777
0.3174
0.6982
0.6417
-0.0001
0.06
-0.19
0.00
0.04
0.00
0.00
0
3
1
0
3786
0.3174
0.6982
0.6417
-0.0001
0.12
-0.25
-0.25
0.01
0.00
0.03
0
3
1
0
3796
0.3174
0.6982
0.6417
-0.0001
0.00
-0.12
-0.25
0.02
0.00
0.02
0
3
1
0
3807
0.3174
0.6982
0.6417
-0.0001
0.12
-0.06
-0.12
0.01
-0.02
0.02
0
3
1
0
3817
0.3174
0.6982
0.6417
-0.0001
0.12
0.19
0.00
0.02
-0.03
0.01
0
3
1
0
3827
0.3174
0.6982
0.6417
-0.0001
0.06
0.19
0.00
0.01
0.00
0.02
0
3
1
0
3836
0.3174
0.6982
0.6417
-0.0001
-0.06
0.25
0.00
0.03
-0.02
0.00
0
3
1
0
3847
0.3174
0.6982
0.6417
-0.0001
0.00
-0.06
-0.12
0.01
0.00
0.00
0
3
1
0
3857
0.3174
0.6982
0.6417
-0.0001
0.00
0.00
-0.06
0.04
-0.01
0.00
0
3
1
0
3867
0.3174
0.6982
0.6417
-0.0001
0.06
0.00
0.00
0.02
-0.02
0.02
0
3
1
0
3876
0.3174
0.6982
0.6417
-0.0001
-0.06
0.00
0.06
0.02
0.00
0.01
0
3
1
0
3887
0.3174
0.6982
0.6417
-0.0001
0.06
-0.06
-0.06
0.04
0.00
0.01
0
3
1
0
3897
0.3174
0.6982
0.6417
-0.0001
0.06
-0.12
0.06
0.02
0.00
0.00
0
3
1
0
3907
0.3174
0.6982
0.6417
-0.0001
0.00
-0.06
0.00
0.02
-0.01
0.02
0
3
1
0
3917
0.3174
0.6982
0.6417
-0.0001
-0.12
-0.25
-0.19
0.01
0.00
0.01
0
3
1
0
3927
0.3174
0.6982
0.6417
-0.0001
0.06
0.00
-0.19
0.01
-0.02
0.02
0
3
1
0
3937
0.3174
0.6982
0.6417
-0.0001
0.00
-0.06
0.00
0.01
0.00
0.02
0
3
1
0
3947
0.3174
0.6982
0.6417
-0.0001
0.00
0.06
0.06
0.01
-0.01
0.02
0
3
1
0
3956
0.3174
0.6982
0.6417
-0.0001
0.12
0.19
-0.06
0.01
0.00
0.00
0
3
1
0
3966
0.3174
0.6982
0.6417
-0.0001
-0.06
0.31
0.06
0.00
0.00
0.03
0
3
1
0
3977
0.3174
0.6982
0.6417
-0.0001
0.00
0.12
0.00
0.02
-0.01
0.00
0
3
1
0
3987
0.3174
0.6982
0.6417
-0.0001
-0.12
-0.19
0.06
0.01
-0.02
-0.01
0
3
1
0
3997
0.3174
0.6982
0.6417
-0.0001
0.06
-0.12
-0.25
0.01
0.00
0.01
0
3
1
0
4006
0.3174
0.6982
0.6417
-0.0001
0.00
-0.37
-0.12
0.02
-0.01
0.03
0
3
1
0
4017
0.3174
0.6982
0.6417
-0.0001
0.06
-0.25
-0.12
0.02
-0.02
0.00
0
3
1
0
4027
0.3174
0.6982
0.6417
-0.0001
0.12
0.00
0.19
0.02
0.00
0.02
0
3
1
0
4036
0.3174
0.6982
0.6417
-0.0001
0.00
0.12
0.19
0.03
-0.02
0.00
0
3
1
0
4046
0.3174
0.6982
0.6417
-0.0001
-0.12
0.06
0.00
0.02
-0.01
0.02
0
3
1
0
4057
0.3174
0.6982
0.6417
-0.0001
0.00
-0.19
0.00
0.00
-0.04
0.01
0
3
1
0
4067
0.3174
0.6982
0.6417
-0.0001
0.12
-0.25
-0.12
0.01
0.00
0.02
0
3
1
0
4077
0.3174
0.6982
0.6417
-0.0001
0.06
-0.06
-0.12
0.03
-0.03
0.02
0
3
1
0
4086
0.3174
0.6982
0.6417
-0.0001
0.06
-0.12
-0.19
0.01
-0.02
0.02
0
3
1
0
4097
0.3174
0.6982
0.6417
-0.0001
-0.06
-0.06
-0.06
0.01
-0.01
0.03
0
3
1
0
4107
0.3174
0.6982
0.6417
-0.0001
-0.06
0.12
0.06
0.00
-0.01
0.03
0
3
1
0
4117
0.3174
0.6982
0.6417
-0.0001
-0.12
0.06
0.06
0.00
-0.02
0.01
0
3
1
0
4126
0.3174
0.6982
0.6417
-0.0001
-0.06
0.19
0.12
0.02
-0.01
0.01
0
3
1
0
4136
0.3174
0.6982
0.6417
-0.0001
0.06
-0.12
0.12
0.03
0.00
0.01
0
3
1
0
4147
0.3174
0.6982
0.6417
-0.0001
0.00
-0.25
-0.12
0.02
-0.01
0.02
0
3
1
0
4157
0.3174
0.6982
0.6417
-0.0001
0.00
-0.19
-0.06
0.00
-0.01
0.02
0
3
1
0
4166
0.3174
0.6982
0.6417
-0.0001
0.12
-0.19
-0.19
0.01
-0.02
0.02
0
3
1
0
4176
0.3174
0.6982
0.6417
-0.0001
-0.06
-0.19
-0.06
0.00
-0.01
0.02
0
3
1
0
4187
0.3174
0.6982
0.6417
-0.0001
-0.06
0.06
-0.06
0.02
0.00
0.00
0
3
1
0
4197
0.3174
0.6982
0.6417
-0.0001
0.00
0.00
0.06
0.02
-0.03
0.00
0
3
1
0
4206
0.3174
0.6982
0.6417
-0.0001
-0.12
0.00
0.06
0.01
-0.02
0.00
0
3
1
0
4216
0.3174
0.6982
0.6417
-0.0001
-0.06
0.19
0.00
0.04
-0.03
0.00
0
3
1
0
4227
0.3174
0.6982
0.6417
-0.0001
-0.12
0.00
0.06
0.00
0.00
0.01
0
3
1
0
4237
0.3174
0.6982
0.6417
-0.0001
0.06
-0.06
0.06
0.01
-0.02
0.00
0
3
1
0
4246
0.3174
0.6982
0.6417
-0.0001
-0.06
0.00
-0.12
0.00
-0.01
0.04
0
3
1
0
4256
0.3174
0.6982
0.6417
-0.0001
0.00
-0.19
-0.06
0.04
0.00
0.00
0
3
1
0
4267
0.3174
0.6982
0.6417
-0.0001
0.00
0.12
-0.12
0.01
-0.02
0.01
0
3
1
0
4277
0.3174
0.6982
0.6417
-0.0001
0.00
0.19
0.12
0.02
-0.01
0.03
0
3
1
0
4286
0.3174
0.6982
0.6417
-0.0001
-0.06
0.06
-0.06
0.01
0.00
0.01
0
3
1
0
4296
0.3174
0.6982
0.6417
-0.0001
-0.06
-0.06
0.06
0.00
-0.01
0.02
0
3
1
0
4306
0.3174
0.6982
0.6417
-0.0001
0.00
0.19
-0.06
0.02
-0.01
0.01
0
3
1
0
4317
0.3174
0.6982
0.6417
-0.0001
0.06
0.12
-0.06
0.02
0.00
0.01
0
3
1
0
4327
0.3174
0.6982
0.6417
-0.0001
0.00
0.12
0.12
0.01
0.00
0.02
0
3
1
0
4336
0.3174
0.6982
0.6417
-0.0001
0.00
0.12
-0.12
0.02
0.00
0.00
0
3
1
0
4346
0.3174
0.6982
0.6417
-0.0001
0.00
0.12
0.00
0.01
0.00
0.03
0
3
1
0
4357
0.3174
0.6982
0.6417
-0.0001
0.06
0.19
-0.19
0.03
-0.02
0.03
0
3
1
0
4367
0.3174
0.6982
0.6417
-0.0001
0.00
0.00
-0.19
0.00
0.00
0.01
0
3
1
0
4376
0.3174
0.6982
0.6417
-0.0001
0.06
0.00
-0.06
0.01
0.00
0.01
0
3
1
0
4386
0.3174
0.6982
0.6417
-0.0001
0.12
-0.06
0.00
-0.01
-0.02
0.01
0
3
1
0
4397
0.3174
0.6982
0.6417
-0.0001
-0.12
0.00
0.00
0.02
-0.02
0.01
0
3
1
0
4407
0.3174
0.6982
0.6417
-0.0001
0.00
0.19
0.06
0.01
-0.02
0.04
0
3
1
0
4416
0.3174
0.6982
0.6417
-0.0001
-0.06
0.19
0.12
0.01
-0.02
0.03
0
3
1
0
4426
0.3174
0.6982
0.6417
-0.0001
-0.06
0.19
0.25
0.01
-0.01
0.01
0
3
1
0
4436
0.3174
0.6982
0.6417
-0.0001
-0.06
-0.06
0.06
0.03
0.00
-0.03
0
3
1
0
4447
0.3174
0.6982
0.6417
-0.0001
0.06
-0.06
-0.25
0.02
-0.01
0.00
0
3
1
0
4456
0.3174
0.6982
0.6417
-0.0001
0.06
-0.06
-0.25
0.00
-0.02
0.03
0
3
1
0
4466
0.3174
0.6982
0.6417
-0.0001
0.06
0.06
-0.25
0.01
-0.02
0.00
0
3
1
0
4476
0.3174
0.6982
0.6417
-0.0001
-0.06
0.06
-0.12
0.03
-0.03
0.00
0
3
1
0
4487
0.3174
0.6982
0.6417
-0.0001
-0.19
0.00
0.19
0.01
-0.01
0.00
0
3
1
0
4496
0.3174
0.6982
0.6417
-0.0001
-0.12
0.12
0.19
0.01
-0.02
0.02
0
3
1
0
4506
0.3174
0.6982
0.6417
-0.0001
0.06
0.37
0.19
0.03
-0.01
0.00
0
3
1
0
4516
0.3174
0.6982
0.6417
-0.0001
0.06
-0.06
0.00
0.02
0.00
0.01
0
3
1
0
4527
0.3174
0.6982
0.6417
-0.0001
-0.12
-0.19
-0.19
0.03
0.00
0.00
0
3
1
0
4536
0.3174
0.6982
0.6417
-0.0001
0.19
-0.06
-0.37
0.02
-0.01
0.03
0
3
1
0
4546
0.3174
0.6982
0.6417
-0.0001
0.06
0.06
-0.44
0.00
-0.03
0.02
0
3
1
0
4556
0.3174
0.6982
0.6417
-0.0001
0.12
0.12
-0.12
0.02
-0.03
0.01
0
3
1
0
4567
0.3174
0.6982
0.6417
-0.0001
0.00
0.19
0.25
0.01
-0.01
0.00
0
3
1
0
4576
0.3174
0.6982
0.6417
-0.0001
-0.25
0.12
0.25
0.01
-0.01
0.02
0
3
1
0
4586
0.3174
0.6982
0.6417
-0.0001
-0.12
0.06
0.06
0.03
-0.02
0.00
0
3
1
0
4596
0.3174
0.6982
0.6417
-0.0001
0.06
0.00
-0.06
0.01
0.00
0.02
0
3
1
0
4606
0.3174
0.6982
0.6417
-0.0001
0.00
0.12
-0.31
0.01
-0.01
0.01
0
3
1
0
4617
0.3174
0.6982
0.6417
-0.0001
0.06
-0.12
-0.31
0.01
-0.03
0.00
0
3
1
0
4626
0.3174
0.6982
0.6417
-0.0001
0.00
-0.12
-0.12
0.03
0.00
0.00
0
3
1
0
4636
0.3174
0.6982
0.6417
-0.0001
-0.06
0.00
0.06
0.01
0.00
0.01
0
3
1
0
4646
0.3174
0.6982
0.6417
-0.0001
-0.19
0.12
0.12
0.02
-0.01
0.02
0
3
1
0
4657
0.3174
0.6982
0.6417
-0.0001
0.06
0.06
0.19
0.01
0.00
0.02
0
3
1
0
4666
0.3174
0.6982
0.6417
-0.0001
0.00
-0.06
0.00
0.02
-0.02
0.01
0
3
1
0
4676
0.3174
0.6982
0.6417
-0.0001
0.00
-0.06
0.06
0.01
-0.01
0.02
0
3
1
0
4686
0.3174
0.6982
0.6417
-0.0001
0.12
-0.25
-0.12
0.02
0.00
0.00
0
3
1
0
4696
0.3174
0.6982
0.6417
-0.0001
0.06
-0.12
-0.06
0.01
-0.01
0.03
0
3
1
0
4706
0.3174
0.6982
0.6417
-0.0001
-0.06
0.12
0.00
0.00
-0.01
0.02
0
3
1
0
4716
0.3174
0.6982
0.6417
-0.0001
-0.06
-0.12
0.12
0.01
0.00
0.03
0
3
1
0
4726
0.3174
0.6982
0.6417
-0.0001
-0.06
0.00
0.00
0.01
-0.02
0.00
0
3
1
0
4736
0.3174
0.6982
0.6417
-0.0001
-0.06
-0.12
-0.06
0.00
0.00
-0.02
0
3
1
0
4746
0.3174
0.6982
0.6417
-0.0001
0.06
-0.06
-0.12
0.01
0.00
0.02
0
3
1
0
4756
0.3174
0.6982
0.6417
-0.0001
-0.06
-0.06
-0.12
0.00
0.00
0.04
0
3
1
0
4766
0.3174
0.6982
0.6417
-0.0001
0.06
-0.06
-0.06
0.00
-0.01
0.03
0
3
1
0
4776
0.3174
0.6982
0.6417
-0.0001
0.00
0.25
0.06
0.00
0.00
0.01
0
3
1
0
4786
0.3174
0.6982
0.6417
-0.0001
0.06
0.31
0.00
0.01
-0.01
0.01
0
3
1
0
4796
0.3174
0.6982
0.6417
-0.0001
0.12
0.12
0.06
0.02
0.00
0.01
0
3
1
0
4806
0.3174
0.6982
0.6417
-0.0001
0.00
0.00
0.19
0.01
0.00
0.00
0
3
1
0
4816
0.3174
0.6982
0.6417
-0.0001
0.06
-0.25
0.00
0.04
0.00
0.00
0
3
1
0
4826
0.3174
0.6982
0.6417
-0.0001
-0.06
-0.06
-0.06
0.00
0.00
0.03
0
3
1
0
4836
0.3174
0.6982
0.6417
-0.0001
0.06
0.00
-0.06
0.02
0.00
0.01
0
3
1
0
4846
0.3174
0.6982
0.6417
-0.0001
0.00
0.06
0.00
0.03
-0.02
0.02
0
3
1
0
4856
0.3174
0.6982
0.6417
-0.0001
0.06
0.00
0.06
0.03
0.00
0.01
0
3
1
0
4866
0.3174
0.6982
0.6417
-0.0001
0.00
0.12
0.06
0.01
-0.02
0.04
0
3
1
0
4876
0.3174
0.6982
0.6417
-0.0001
-0.06
0.19
0.12
0.02
0.00
0.00
0
3
1
0
4886
0.3174
0.6982
0.6417
-0.0001
0.06
0.00
0.00
0.02
-0.04
-0.01
0
3
1
0
4896
0.3174
0.6982
0.6417
-0.0001
-0.06
-0.06
-0.06
0.02
0.00
0.00
0
3
1
0
4905
0.3174
0.6982
0.6417
-0.0001
0.00
-0.19
-0.06
0.01
0.01
0.04
0
3
1
0
4916
0.3174
0.6982
0.6417
-0.0001
0.19
-0.06
0.06
0.01
-0.01
0.01
0
3
1
0
4926
0.3174
0.6982
0.6417
-0.0001
0.06
0.19
-0.06
0.02
-0.01
0.00
0
3
1
0
4936
0.3174
0.6982
0.6417
-0.0001
-0.06
0.06
0.06
0.02
-0.02
0.01
0
3
1
0
4946
0.3174
0.6982
0.6417
-0.0001
0.00
0.00
0.06
0.02
-0.03
0.03
0
3
1
0
4956
0.3174
0.6982
0.6417
-0.0001
0.00
0.06
-0.06
0.01
0.00
0.02
0
3
1
0
4966
0.3174
0.6982
0.6417
-0.0001
0.00
0.00
0.06
0.04
-0.01
0.02
0
3
1
0
4976
0.3174
0.6982
0.6417
-0.0001
0.00
0.00
0.00
0.00
0.00
0.00
0
3
1
0
4985
0.3174
0.6982
0.6417
-0.0001
-0.06
-0.19
-0.06
0.01
0.00
0.00
0
3
1
0
4996
0.3174
0.6982
0.6417
-0.0001
0.00
0.00
0.00
0.00
0.00
0.01
0
3
1
0
5006
0.3174
0.6982
0.6417
-0.0001
-0.12
-0.06
-0.06
0.00
-0.02
0.02
0
3
1
0
5016
0.3174
0.6982
0.6417
-0.0001
-0.06
0.06
-0.12
0.01
-0.01
0.03
0
3
1
0
5026
0.3174
0.6982
0.6417
-0.0001
0.06
0.19
0.06
0.02
-0.01
0.01
0
3
1
0
5036
0.3174
0.6982
0.6417
-0.0001
0.00
0.06
0.00
0.01
0.00
0.00
0
3
1
0
5046
0.3174
0.6982
0.6417
-0.0001
0.12
0.06
-0.12
0.02
0.00
0.01
0
3
1
0
5056
0.3174
0.6982
0.6417
-0.0001
0.00
0.06
-0.06
0.01
0.00
0.06
0
3
1
0
5066
0.3174
0.6982
0.6417
-0.0001
-0.06
0.12
-0.06
0.01
0.00
0.03
0
3
1
0
5075
0.3174
0.6982
0.6417
-0.0001
-0.06
0.06
-0.12
0.01
-0.01
0.00
0
3
1
0
5086
0.3174
0.6982
0.6417
-0.0001
-0.06
0.06
0.06
0.01
-0.02
0.00
0
3
1
0
5096
0.3174
0.6982
0.6417
-0.0001
0.06
0.25
0.06
0.01
0.00
0.03
0
3
1
0
5105
0.3174
0.6982
0.6417
-0.0001
-0.06
0.06
-0.06
0.03
-0.01
0.05
0
3
1
0
5116
0.3174
0.6982
0.6417
-0.0001
-0.06
-0.06
0.06
0.02
-0.02
0.03
0
3
1
0
5126
0.3174
0.6982
0.6417
-0.0001
-0.06
0.19
-0.06
0.01
-0.03
0.01
0
3
1
0
5136
0.3174
0.6982
0.6417
-0.0001
-0.06
-0.44
-0.19
0.00
-0.02
0.03
0
3
1
0
5146
0.3174
0.6982
0.6417
-0.0001
0.00
-0.19
-0.19
0.03
-0.02
-0.01
0
3
1
0
5155
0.3174
0.6982
0.6417
-0.0001
0.00
-0.12
-0.12
0.03
-0.02
0.02
0
3
1
0
5166
0.3174
0.6982
0.6417
-0.0001
-0.12
0.19
0.12
0.01
-0.03
0.01
0
3
1
0
5176
0.3174
0.6982
0.6417
-0.0001
-0.06
0.06
0.25
0.02
-0.02
0.02
0
3
1
0
5186
0.3174
0.6982
0.6417
-0.0001
0.00
-0.06
0.12
0.03
-0.02
0.00
0
3
1
0
5195
0.3174
0.6982
0.6417
-0.0001
0.00
-0.06
-0.06
0.02
0.00
0.00
0
3
1
0
5206
0.3174
-0.0001
-0.0001
-0.0001
0.06
-0.06
-0.12
0.01
-0.02
0.04
0
3
1
0
5216
0.3174
0.6982
0.6417
-0.0001
-0.06
0.00
-0.19
0.01
-0.02
0.02
0
3
1
0
5226
0.3174
0.6982
0.6417
-0.0001
0.00
0.06
-0.06
0.02
-0.03
0.01
0
3
1
0
5235
0.3174
0.6982
0.6417
-0.0001
0.06
0.06
0.12
0.00
-0.01
0.02
0
3
1
0
5245
0.3174
0.6982
0.6417
-0.0001
0.00
0.25
0.06
0.02
-0.02
0.03
0
3
1
0
5256
0.3174
0.6982
0.6417
-0.0001
-0.12
0.06
0.12
0.00
-0.02
0.02
0
3
1
0
5266
0.3174
0.6982
0.6417
-0.0001
-0.06
0.12
0.00
0.01
-0.01
0.02
0
3
1
0
5275
0.3174
0.6982
0.6417
-0.0001
-0.06
-0.06
0.00
0.01
-0.02
0.01
0
3
1
0
5285
0.3174
0.6982
0.6417
-0.0001
0.06
-0.12
-0.06
0.00
-0.02
0.00
0
3
1
0
5296
0.3174
0.6982
0.6417
-0.0001
0.19
-0.06
-0.12
0.00
-0.03
0.03
0
3
1
0
5306
0.3174
0.6982
0.6417
-0.0001
0.00
0.00
0.12
0.02
-0.01
0.03
0
3
1
0
5316
0.3174
0.6982
0.6417
-0.0001
-0.06
0.12
0.06
0.01
-0.02
0.03
0
3
1
0
5325
0.3174
0.6982
0.6417
-0.0001
0.00
-0.06
0.00
0.02
0.00
0.00
0
3
1
0
5336
0.3174
0.6982
0.6417
-0.0001
0.06
-0.06
0.06
0.03
-0.01
-0.01
0
3
1
0
5346
0.3174
0.6982
0.6417
-0.0001
0.00
-0.12
-0.12
0.02
-0.01
0.01
0
3
1
0
5355
0.3174
0.6982
0.6417
-0.0001
0.12
-0.12
-0.12
0.03
0.00
0.02
0
3
1
0
5365
0.3174
0.6982
0.6417
-0.0001
0.12
0.00
-0.06
0.00
-0.03
0.01
0
3
1
0
5376
0.3174
0.6982
0.6417
-0.0001
0.06
0.19
0.19
0.00
-0.01
0.02
0
3
1
0
5386
0.3174
0.6982
0.6417
-0.0001
-0.12
0.25
0.12
0.03
0.00
0.01
0
3
1
0
5396
0.3174
0.6982
0.6417
-0.0001
-0.12
0.25
0.19
0.01
0.00
0.00
0
3
1
0
5405
0.3174
0.6982
0.6417
-0.0001
0.00
0.12
0.06
0.02
-0.01
0.02
0
3
1
0
5415
0.3174
0.6982
0.6417
-0.0001
0.00
-0.06
0.06
0.01
0.00
0.02
0
3
1
0
5426
0.3174
0.6982
0.6417
-0.0001
0.00
0.00
0.00
0.00
-0.02
0.00
0
3
1
0
5435
0.3174
0.6982
0.6417
-0.0001
-0.06
0.06
-0.06
0.02
0.00
0.00
0
3
1
0
5445
0.3174
0.6982
0.6417
-0.0001
0.00
0.06
0.06
0.05
-0.01
0.00
0
3
1
0
5455
0.3174
0.6982
0.6417
-0.0001
0.12
0.06
-0.06
0.02
-0.02
0.01
0
3
1
0
5466
0.3174
0.6982
0.6417
-0.0001
0.00
0.00
-0.19
0.00
-0.02
0.01
0
3
1
0
5476
0.3174
0.6982
0.6417
-0.0001
-0.06
0.00
-0.12
0.02
-0.01
-0.01
0
3
1
0
5485
0.3174
0.6982
0.6417
-0.0001
0.00
-0.12
0.06
0.01
-0.01
0.00
0
3
1
0
5495
0.3174
0.6982
0.6417
-0.0001
0.06
0.00
0.19
0.00
0.00
0.04
0
3
1
0
5506
0.3174
0.6982
0.6417
-0.0001
0.00
0.12
0.25
0.03
-0.02
0.03
0
3
1
0
5516
0.3174
0.6982
0.6417
-0.0001
0.00
0.19
-0.06
0.00
-0.02
0.03
0
3
1
0
5525
0.3174
0.6982
0.6417
-0.0001
0.00
0.19
0.12
0.01
-0.01
0.03
0
3
1
0
5535
0.3174
0.6982
0.6417
-0.0001
-0.06
0.00
0.12
0.01
-0.02
0.00
0
3
1
0
5545
0.3174
0.6982
0.6417
-0.0001
0.06
0.12
-0.12
0.02
-0.03
0.02
0
3
1
0
5556
0.3174
0.6982
0.6417
-0.0001
0.00
-0.06
-0.06
0.01
-0.01
0.02
0
3
1
0
5566
0.3174
0.6982
0.6417
-0.0001
0.12
-0.06
0.00
0.00
-0.01
0.03
0
3
1
0
5575
0.3174
0.6982
0.6417
-0.0001
0.12
-0.06
-0.19
0.01
0.00
0.02
0
3
1
0
5585
0.3174
0.6982
0.6417
-0.0001
0.00
0.06
0.06
0.02
0.00
0.01
0
3
1
0
5596
0.3174
0.6982
0.6417
-0.0001
0.00
0.12
0.31
0.02
-0.03
0.03
0
3
1
0
5605
0.3174
0.6982
0.6417
-0.0001
0.00
0.19
0.25
0.01
0.00
0.00
0
3
1
0
5615
0.3174
0.6982
0.6417
-0.0001
0.00
0.12
0.31
0.02
-0.01
0.04
0
3
1
0
5625
0.3174
0.6982
0.6417
-0.0001
-0.06
0.06
0.00
0.01
-0.02
0.01
0
3
1
0
5636
0.3174
0.6982
0.6417
-0.0001
0.12
-0.06
-0.19
0.00
-0.02
0.01
0
3
1
0
5645
0.3174
0.6982
0.6417
-0.0001
0.00
-0.06
-0.06
0.00
-0.02
0.00
0
3
1
0
5655
0.3174
0.6982
0.6417
-0.0001
0.06
0.06
-0.06
0.01
-0.01
-0.01
0
3
1
0
5665
0.3174
0.6982
0.6417
-0.0001
0.00
0.31
0.12
0.01
-0.01
0.01
0
3
1
0
5676
0.3174
0.6982
0.6417
-0.0001
-0.12
0.12
0.06
0.01
0.00
0.02
0
3
1
0
5685
0.3174
0.6982
0.6417
-0.0001
0.00
0.06
0.19
0.02
0.00
0.00
0
3
1
0
5695
0.3174
0.6982
0.6417
-0.0001
0.00
0.19
0.06
0.03
0.00
0.02
0
3
1
0
5705
0.3174
0.6982
0.6417
-0.0001
-0.12
-0.12
0.00
0.04
-0.01
0.00
0
3
1
0
5715
0.3174
0.6982
0.6417
-0.0001
0.00
0.06
0.00
0.01
-0.03
0.03
0
3
1
0
5725
0.3174
0.6982
0.6417
-0.0001
0.06
0.00
-0.06
0.01
-0.03
0.00
0
3
1
0
5735
0.3174
0.6982
0.6417
-0.0001
-0.06
0.00
-0.06
0.00
-0.01
0.00
0
3
1
0
5745
0.3174
0.6982
0.6417
-0.0001
-0.12
-0.06
-0.06
0.02
-0.01
0.02
0
3
1
0
5755
0.3174
0.6982
0.6417
-0.0001
0.00
0.06
-0.06
0.01
-0.03
0.04
0
3
1
0
5766
0.3174
0.6982
0.6417
-0.0001
0.00
0.12
0.00
0.00
-0.02
0.03
0
3
1
0
5775
0.3174
0.6982
0.6417
-0.0001
0.00
0.00
-0.06
0.01
-0.02
0.02
0
3
1
0
5785
0.3174
0.6982
0.6417
-0.0001
-0.12
-0.06
-0.06
0.03
0.00
0.00
0
3
1
0
5795
0.3174
0.6982
0.6417
-0.0001
0.00
-0.06
-0.06
0.04
-0.02
0.02
0
3
1
0
5806
0.3174
0.6982
0.6417
-0.0001
-0.06
0.00
0.25
0.02
-0.01
0.01
0
3
1
0
5815
0.3174
0.6982
0.6417
-0.0001
-0.12
0.00
0.06
0.02
0.00
0.00
0
3
1
0
5825
0.3174
0.6982
0.6417
-0.0001
0.00
0.06
0.00
0.02
0.00
0.00
0
3
1
0
5835
0.3174
0.6982
0.6417
-0.0001
0.12
-0.25
-0.31
0.00
-0.01
0.03
0
3
1
0
5846
0.3174
0.6982
0.6417
-0.0001
0.06
-0.37
-0.31
0.00
-0.03
0.00
0
3
1
0
5855
0.3174
0.6982
0.6417
-0.0001
0.06
-0.12
-0.37
0.00
-0.01
0.03
0
3
1
0
5865
0.3174
0.6982
0.6417
-0.0001
0.00
-0.19
-0.12
0.01
-0.02
0.03
0
3
1
0
5875
0.3174
0.6982
0.6417
-0.0001
-0.06
0.00
0.06
0.02
0.00
0.02
0
3
1
0
5884
0.3174
0.6982
0.6417
-0.0001
-0.06
0.25
0.25
0.02
-0.02
0.02
0
3
1
0
5895
0.3174
0.6982
0.6417
-0.0001
-0.12
0.25
0.25
0.02
-0.01
0.03
0
3
1
0
5905
0.3174
0.6982
0.6417
-0.0001
-0.12
-0.06
0.12
0.01
-0.01
0.01
0
3
1
0
5915
0.3174
0.6982
0.6417
-0.0001
-0.06
-0.12
0.00
0.01
-0.01
0.03
0
3
1
0
5925
0.3174
0.6982
0.6417
-0.0001
0.19
-0.25
-0.25
0.02
0.00
0.04
0
3
1
0
5935
0.3174
0.6982
0.6417
-0.0001
0.19
-0.12
-0.31
0.00
0.00
0.01
0
3
1
0
5945
0.3174
0.6982
0.6417
-0.0001
0.12
-0.19
-0.31
0.01
-0.02
0.02
0
3
1
0
5955
0.3174
0.6982
0.6417
-0.0001
0.00
-0.12
0.00
0.02
-0.03
0.00
0
3
1
0
5965
0.3174
0.6982
0.6417
-0.0001
0.06
0.06
0.12
0.00
-0.02
0.02
0
3
1
0
5975
0.3174
0.6982
0.6417
-0.0001
0.00
0.19
0.12
0.01
-0.01
0.01
0
3
1
0
5985
0.3174
0.6982
0.6417
-0.0001
0.00
0.06
0.12
0.02
-0.01
0.01
0
3
1
0
5995
0.3174
0.6982
0.6417
-0.0001
0.00
0.06
-0.06
0.01
0.00
0.06
0
3
1
0
6005
0.3174
0.6982
0.6417
-0.0001
0.06
-0.19
-0.31
0.04
-0.02
0.00
0
3
1
0
6016
0.3174
0.6982
0.6417
-0.0001
0.00
-0.12
-0.37
0.01
-0.02
0.02
0
3
1
0
6025
0.3174
0.6982
0.6417
-0.0001
0.12
-0.12
-0.19
0.01
0.00
0.02
0
3
1
0
6035
0.3174
0.6982
0.6417
-0.0001
0.00
0.06
0.00
0.00
-0.02
0.04
0
3
1
0
6045
0.3174
0.6982
0.6417
-0.0001
-0.12
0.12
0.12
0.00
-0.02
0.02
0
3
1
0
6054
0.3174
0.6982
0.6417
-0.0001
0.06
0.12
0.19
0.04
-0.02
0.03
0
3
1
0
6065
0.3174
0.6982
0.6417
-0.0001
-0.06
0.00
-0.06
0.02
-0.01
0.01
0
3
1
0
6075
0.3174
0.6982
0.6417
-0.0001
-0.06
-0.06
0.00
0.02
0.00
0.01
0
3
1
0
6085
0.3174
0.6982
0.6417
-0.0001
0.06
-0.12
0.00
0.04
0.00
0.01
0
3
1
0
6094
0.3174
0.6982
0.6417
-0.0001
0.00
-0.06
-0.06
0.00
-0.01
0.02
0
3
1
0
6105
0.3174
0.6982
0.6417
-0.0001
-0.06
0.06
-0.06
0.01
-0.01
0.01
0
3
1
0
6115
0.3174
0.6982
0.6417
-0.0001
0.00
0.12
0.00
0.02
0.00
0.01
0
3
1
0
6125
0.3174
0.6982
0.6417
-0.0001
-0.06
-0.06
0.12
0.02
0.00
0.02
0
3
1
0
6134
0.3174
0.6982
0.6417
-0.0001
0.00
0.00
0.12
0.03
0.00
0.01
0
3
1
0
6145
0.3174
0.6982
0.6417
-0.0001
0.06
-0.19
-0.12
0.01
-0.01
0.05
0
3
1
0
6155
0.3174
0.6982
0.6417
-0.0001
0.06
-0.06
-0.06
0.00
-0.03
0.04
0
3
1
0
6165
0.3174
0.6982
0.6417
-0.0001
0.12
-0.12
-0.12
0.02
-0.03
0.02
0
3
1
0
6175
0.3174
0.6982
0.6417
-0.0001
0.19
0.00
0.00
0.00
-0.01
0.00
0
3
1
0
6184
0.3174
0.6982
0.6417
-0.0001
0.12
-0.06
0.12
0.01
-0.04
0.02
0
3
1
0
6195
0.3174
0.6982
0.6417
-0.0001
-0.06
0.37
0.06
0.03
0.00
0.00
0
3
1
0
6205
0.3174
0.6982
0.6417
-0.0001
0.00
0.06
0.12
0.05
-0.02
0.00
0
3
1
0
6214
0.3174
0.6982
0.6417
-0.0001
-0.06
0.00
0.06
0.02
-0.02
0.04
0
3
1
0
6224
0.3174
0.6982
0.6417
-0.0001
-0.06
-0.06
-0.12
0.03
0.00
0.00
0
3
1
0
6235
0.3174
0.6982
0.6417
-0.0001
0.00
-0.25
-0.31
0.01
-0.01
0.02
0
3
1
0
6245
0.3174
0.6982
0.6417
-0.0001
0.19
-0.25
-0.12
0.02
0.00
0.03
0
3
1
0
6255
0.3174
0.6982
0.6417
-0.0001
0.00
-0.25
-0.12
0.02
-0.03
0.04
0
3
1
0
6265
0.3174
0.6982
0.6417
-0.0001
0.06
-0.06
0.00
0.00
-0.02
0.03
0
3
1
0
6275
0.3174
0.6982
0.6417
-0.0001
-0.06
0.19
0.06
0.00
-0.01
0.02
0
3
1
0
6285
0.3174
0.6982
0.6417
-0.0001
-0.06
0.00
0.19
0.02
-0.02
0.01
0
3
1
0
6295
0.3174
0.6982
0.6417
-0.0001
0.00
0.12
0.06
0.00
-0.02
0.02
0
3
1
0
6304
0.3174
0.6982
0.6417
-0.0001
-0.06
-0.06
0.00
0.00
0.00
0.03
0
3
1
0
6315
0.3174
0.6982
0.6417
-0.0001
0.06
-0.06
-0.12
0.00
-0.01
0.01
0
3
1
0
6325
0.3174
0.6982
0.6417
-0.0001
0.06
0.00
-0.06
0.00
-0.02
0.02
0
3
1
0
6335
0.3174
0.6982
0.6417
-0.0001
0.00
0.00
-0.06
0.02
0.00
0.00
0
3
1
0
6344
0.3174
0.6982
0.6417
-0.0001
0.06
-0.06
-0.06
0.01
-0.02
0.01
0
3
1
0
6354
0.3174
0.6982
0.6417
-0.0001
-0.06
-0.06
-0.06
0.02
0.00
0.01
0
3
1
0
6365
0.3174
0.6982
0.6417
-0.0001
-0.06
0.00
0.06
0.01
-0.01
0.03
0
3
1
0
6375
0.3174
0.6982
0.6417
-0.0001
0.00
0.12
0.12
0.03
-0.01
0.01
0
3
1
0
6384
0.3174
0.6982
0.6417
-0.0001
-0.06
0.00
0.12
0.03
-0.01
0.00
0
3
1
0
6394
0.3174
0.6982
0.6417
-0.0001
0.06
-0.12
-0.06
0.01
0.00
0.03
0
3
1
0
6405
0.3174
0.6982
0.6417
-0.0001
0.06
0.06
-0.12
0.02
-0.01
0.00
0
3
1
0
6415
0.3174
0.6982
0.6417
-0.0001
0.00
0.00
-0.12
0.03
0.00
0.01
0
3
1
0
6424
0.3174
0.6982
0.6417
-0.0001
0.00
0.00
0.00
0.03
-0.03
0.03
0
3
1
0
6434
0.3174
0.6982
0.6417
-0.0001
-0.06
-0.19
-0.06
0.01
0.00
0.00
0
3
1
0
6445
0.3174
0.6982
0.6417
-0.0001
0.12
0.00
0.06
0.03
0.00
0.00
0
3
1
0
6455
0.3174
0.6982
0.6417
-0.0001
0.06
-0.06
-0.06
0.04
-0.02
0.03
0
3
1
0
6465
0.3174
0.6982
0.6417
-0.0001
0.00
0.00
0.00
0.04
0.00
-0.01
0
3
1
0
6474
0.3174
0.6982
0.6417
-0.0001
0.00
0.00
0.00
0.02
-0.01
0.00
0
3
1
0
6484
0.3174
0.6982
0.6417
-0.0001
0.00
-0.06
-0.12
0.00
-0.02
0.02
0
3
1
0
6495
0.3174
0.6982
0.6417
-0.0001
0.00
-0.06
-0.06
0.01
-0.03
0.02
0
3
1
0
6505
0.3174
0.6982
0.6417
-0.0001
0.00
0.00
-0.06
0.03
-0.01
0.02
0
3
1
0
6514
0.3174
0.6982
0.6417
-0.0001
-0.06
-0.06
-0.12
0.03
-0.01
0.01
0
3
1
0
6524
0.3174
0.6982
0.6417
-0.0001
-0.19
0.06
0.19
0.01
-0.01
0.03
0
3
1
0
6535
0.3174
0.6982
0.6417
-0.0001
0.00
0.19
0.19
0.01
-0.02
0.01
0
3
1
0
6545
0.3174
0.6982
0.6417
-0.0001
-0.06
-0.06
0.06
0.02
0.00
0.01
0
3
1
0
6554
0.3174
0.6982
0.6417
-0.0001
0.12
0.00
-0.12
0.00
0.00
0.05
0
3
1
0
6564
0.3174
0.6982
0.6417
-0.0001
0.06
-0.19
-0.19
0.01
-0.03
0.03
0
3
1
0
6575
0.3174
0.6982
0.6417
-0.0001
0.12
-0.19
-0.19
0.00
-0.01
0.04
0
3
1
0
6585
0.3174
0.6982
0.6417
-0.0001
0.12
0.00
-0.19
0.01
-0.02
0.01
0
3
1
0
6594
0.3174
0.6982
0.6417
-0.0001
0.06
0.06
0.00
0.03
-0.03
0.00
0
3
1
0
6604
0.3174
0.6982
0.6417
-0.0001
0.00
0.25
0.12
0.02
-0.01
0.02
0
3
1
0
6615
0.3174
0.6982
0.6417
-0.0001
0.12
-0.06
0.19
0.02
0.00
0.01
0
3
1
0
6625
0.3174
0.6982
0.6417
-0.0001
-0.12
0.25
-0.12
0.02
-0.02
0.01
0
3
1
0
6634
0.3174
0.6982
0.6417
-0.0001
-0.06
0.00
-0.19
0.03
0.00
0.00
0
3
1
0
6644
0.3174
0.6982
0.6417
-0.0001
0.06
-0.12
0.00
0.02
0.00
0.00
0
3
1
0
6654
0.3174
0.6982
0.6417
-0.0001
0.12
-0.19
-0.25
0.03
0.00
0.02
0
3
1
0
6665
0.3174
0.6982
0.6417
-0.0001
0.00
-0.12
-0.12
0.02
-0.02
0.00
0
3
1
0
6674
0.3174
0.6982
0.6417
-0.0001
0.00
-0.12
-0.19
0.01
0.00
0.04
0
3
1
0
6684
0.3174
0.6982
0.6417
-0.0001
-0.06
0.12
0.12
0.03
-0.03
0.01
0
3
1
0
6694
0.3174
0.6982
0.6417
-0.0001
0.00
-0.12
0.00
0.00
0.00
0.04
0
3
1
0
6705
0.3174
0.6982
0.6417
-0.0001
0.00
0.00
0.06
0.01
0.00
0.03
0
3
1
0
6714
0.3174
-0.0001
-0.0001
-0.0001
-0.06
0.12
0.06
0.01
-0.01
0.02
0
3
1
0
6724
0.3174
0.6982
0.6417
-0.0001
0.00
0.06
-0.06
0.01
-0.02
0.01
0
3
1
0
6734
0.3174
0.6982
0.6417
-0.0001
0.06
-0.12
0.00
0.01
-0.01
0.00
0
3
1
0
6745
0.3174
0.6982
0.6417
-0.0001
0.00
-0.12
0.00
0.02
0.00
0.02
0
3
1
0
6754
0.3174
0.6982
0.6417
-0.0001
-0.06
-0.12
0.06
0.01
0.00
0.00
0
3
1
0
6764
0.3174
0.6982
0.6417
-0.0001
0.00
0.06
0.06
0.04
-0.02
0.02
0
3
1
0
6774
0.3174
0.6982
0.6417
-0.0001
-0.06
0.00
0.00
0.01
-0.02
0.00
0
3
1
0
6785
0.3174
0.6982
0.6417
-0.0001
-0.06
0.00
0.00
0.03
-0.01
-0.01
0
3
1
0
6795
0.3174
0.6982
0.6417
-0.0001
0.06
0.06
0.12
0.03
-0.02
0.02
0
3
1
0
6804
0.3174
0.6982
0.6417
-0.0001
0.00
-0.06
0.12
0.01
-0.01
0.03
0
3
1
0
6814
0.3174
0.6982
0.6417
-0.0001
0.12
0.06
0.06
0.02
-0.01
0.02
0
3
1
0
6824
0.3174
0.6982
0.6417
-0.0001
0.12
0.06
0.00
0.01
-0.01
0.02
0
3
1
0
6835
0.3174
0.6982
0.6417
-0.0001
0.06
-0.12
-0.06
0.01
-0.02
0.00
0
3
1
0
6844
0.3174
0.6982
0.6417
-0.0001
0.06
-0.06
0.00
0.02
0.00
0.03
0
3
1
0
6854
0.3174
0.6982
0.6417
-0.0001
0.00
-0.06
-0.06
0.00
-0.02
0.02
0
3
1
0
6864
0.3174
0.6982
0.6417
-0.0001
0.06
-0.19
0.00
0.02
-0.02
0.03
0
3
1
0
6874
0.3174
0.6982
0.6417
-0.0001
0.00
0.12
0.00
0.01
-0.01
0.00
0
3
1
0
6884
0.3174
0.6982
0.6417
-0.0001
0.00
0.06
0.00
0.01
-0.02
0.00
0
3
1
0
6894
0.3174
0.6982
0.6417
-0.0001
0.00
-0.19
0.12
0.00
-0.03
0.03
0
3
1
0
6904
0.3174
0.6982
0.6417
-0.0001
0.00
-0.12
-0.06
0.00
-0.02
0.03
0
3
1
0
6915
0.3174
0.6982
0.6417
-0.0001
0.00
0.06
0.12
0.02
-0.02
0.03
0
3
1
0
6924
0.3174
0.6982
0.6417
-0.0001
0.06
-0.06
-0.06
0.02
-0.02
0.01
0
3
1
0
6934
0.3174
0.6982
0.6417
-0.0001
0.00
0.00
0.00
0.01
-0.03
0.00
0
3
1
0
6944
0.3174
0.6982
0.6417
-0.0001
0.12
-0.12
-0.06
0.02
0.00
0.00
0
3
1
0
6955
0.3174
0.6982
0.6417
-0.0001
0.00
-0.06
-0.06
0.00
-0.01
0.02
0
3
1
0
6964
0.3174
0.6982
0.6417
-0.0001
0.06
-0.25
0.12
0.00
-0.02
0.02
0
3
1
0
6974
0.3174
0.6982
0.6417
-0.0001
-0.06
-0.06
0.31
0.02
-0.01
0.02
0
3
1
0
6984
0.3174
0.6982
0.6417
-0.0001
0.00
0.25
0.25
0.01
-0.01
0.02
0
3
1
0
6994
0.3174
0.6982
0.6417
-0.0001
-0.12
0.06
0.31
0.03
-0.02
0.00
0
3
1
0
7004
0.3174
0.6982
0.6417
-0.0001
-0.12
0.00
0.12
0.03
-0.01
0.00
0
3
1
0
7014
0.3174
0.6982
0.6417
-0.0001
0.06
0.06
-0.06
0.01
-0.01
0.01
0
3
1
0
7024
0.3174
0.6982
0.6417
-0.0001
0.12
-0.31
-0.19
0.02
0.00
0.00
0
3
1
0
7034
0.3174
0.6982
0.6417
-0.0001
0.19
-0.25
-0.25
0.00
-0.03
0.01
0
3
1
0
7044
0.3174
0.6982
0.6417
-0.0001
-0.06
-0.12
-0.06
0.00
-0.03
0.01
0
3
1
0
7054
0.3174
0.6982
0.6417
-0.0001
0.06
-0.06
0.12
0.03
0.00
0.00
0
3
1
0
7064
0.3174
0.6982
0.6417
-0.0001
-0.12
0.12
0.37
0.03
0.01
0.00
0
3
1
0
7074
0.3174
0.6982
0.6417
-0.0001
0.06
0.19
0.25
0.03
0.00
0.03
0
3
1
0
7084
0.3174
0.6982
0.6417
-0.0001
0.00
0.06
0.12
0.01
-0.02
0.01
0
3
1
0
7094
0.3174
0.6982
0.6417
-0.0001
0.00
-0.12
-0.12
0.02
-0.02
0.01
0
3
1
0
7104
0.3174
0.6982
0.6417
-0.0001
0.06
-0.44
-0.25
0.00
-0.01
0.02
0
3
1
0
7114
0.3174
0.6982
0.6417
-0.0001
0.25
-0.25
-0.44
-0.01
-0.04
0.06
0
3
1
0
7124
0.3174
0.6982
0.6417
-0.0001
0.25
-0.06
-0.06
0.00
-0.02
0.01
0
3
1
0
7134
0.3174
0.6982
0.6417
-0.0001
0.00
0.00
0.06
0.02
-0.02
0.00
0
3
1
0
7144
0.3174
0.6982
0.6417
-0.0001
-0.06
0.44
0.37
0.02
-0.02
0.00
0
3
1
0
7154
0.3174
0.6982
0.6417
-0.0001
-0.12
0.44
0.37
0.03
0.00
0.00
0
3
1
0
7164
0.3174
0.6982
0.6417
-0.0001
-0.12
0.06
0.31
0.05
-0.01
0.00
0
3
1
0
7174
0.3174
0.6982
0.6417
-0.0001
-0.06
-0.06
0.06
0.01
-0.01
0.03
0
3
1
0
7184
0.3174
0.6982
0.6417
-0.0001
0.06
-0.37
-0.37
0.00
0.00
0.01
0
3
1
0
7194
0.3174
0.6982
0.6417
-0.0001
0.12
-0.50
-0.44
0.02
-0.01
0.02
0
3
1
0
7204
0.3174
0.6982
0.6417
-0.0001
0.12
-0.31
-0.25
0.00
-0.03
0.04
0
3
1
0
7214
0.3174
0.6982
0.6417
-0.0001
0.06
0.00
-0.06
0.05
-0.03
0.02
0
3
1
0
7224
0.3174
0.6982
0.6417
-0.0001
0.06
0.31
0.25
0.02
-0.02
0.03
0
3
1
0
7234
0.3174
0.6982
0.6417
-0.0001
-0.12
0.31
0.50
-0.01
-0.02
0.02
0
3
1
0
7244
0.3174
0.6982
0.6417
-0.0001
0.00
0.19
0.12
0.02
0.00
0.01
0
3
1
0
7254
0.3174
0.6982
0.6417
-0.0001
0.00
0.06
-0.06
0.03
0.00
-0.02
0
3
1
0
7264
0.3174
0.6982
0.6417
-0.0001
0.06
-0.06
-0.19
0.03
0.00
0.00
0
3
1
0
7274
0.3174
0.6982
0.6417
-0.0001
0.12
-0.06
-0.25
0.00
0.00
0.01
0
3
1
0
7283
0.3174
0.6982
0.6417
-0.0001
-0.06
-0.19
-0.12
0.00
-0.01
0.01
0
3
1
0
7293
0.3174
0.6982
0.6417
-0.0001
-0.12
0.19
0.25
0.02
-0.01
0.03
0
3
1
0
7304
0.3174
0.6982
0.6417
-0.0001
-0.06
0.44
0.19
0.01
0.00
0.02
0
3
1
0
7314
0.3174
0.6982
0.6417
-0.0001
-0.06
0.31
0.12
0.01
-0.02
0.00
0
3
1
0
7324
0.3174
0.6982
0.6417
-0.0001
0.06
0.12
0.00
0.01
-0.02
0.01
0
3
1
0
7333
0.3174
0.6982
0.6417
-0.0001
-0.06
-0.06
-0.12
0.03
-0.04
0.01
0
3
1
0
7344
0.3174
0.6982
0.6417
-0.0001
0.06
-0.06
0.00
0.01
0.00
0.02
0
3
1
0
7354
0.3174
0.6982
0.6417
-0.0001
0.00
-0.25
-0.19
0.00
0.01
0.02
0
3
1
0
7364
0.3174
0.6982
0.6417
-0.0001
0.06
-0.06
0.06
0.02
-0.01
0.00
0
3
1
0
7373
0.3174
0.6982
0.6417
-0.0001
0.00
-0.06
0.06
0.00
0.00
0.03
0
3
1
0
7384
0.3174
0.6982
0.6417
-0.0001
0.00
0.31
0.25
0.01
-0.02
0.02
0
3
1
0
7394
0.3174
0.6982
0.6417
-0.0001
0.00
0.06
0.25
0.03
0.00
0.01
0
3
1
0
7404
0.3174
0.6982
0.6417
-0.0001
0.00
0.06
0.19
0.02
-0.03
0.03
0
3
1
0
7414
0.3174
0.6982
0.6417
-0.0001
0.00
0.00
0.12
0.01
0.00
0.01
0
3
1
0
7424
0.3174
0.6982
0.6417
-0.0001
0.06
0.12
0.12
0.01
-0.02
0.04
0
3
1
0
7434
0.3174
0.6982
0.6417
-0.0001
0.00
0.19
0.06
0.04
0.00
0.00
0
3
1
0
7444
0.3174
0.6982
0.6417
-0.0001
0.00
0.12
-0.06
0.02
-0.02
0.04
0
3
1
0
7454
0.3174
0.6982
0.6417
-0.0001
0.19
-0.06
-0.12
-0.01
-0.01
0.01
0
3
1
0
7463
0.3174
0.6982
0.6417
-0.0001
0.00
0.12
-0.06
0.02
-0.04
0.03
0
3
1
0
7474
0.3174
0.6982
0.6417
-0.0001
0.12
0.19
0.06
0.01
-0.02
0.04
0
3
1
0
7484
0.3174
0.6982
0.6417
-0.0001
0.00
-0.06
0.12
0.01
-0.04
0.00
0
3
1
0
7493
0.3174
0.6982
0.6417
-0.0001
0.00
-0.12
0.00
0.03
-0.01
0.01
0
3
1
0
7503
0.3174
0.6982
0.6417
-0.0001
-0.06
-0.12
0.19
0.01
0.00
0.03
0
3
1
0
7514
0.3174
0.6982
0.6417
-0.0001
0.06
0.12
0.00
0.02
0.00
0.01
0
3
1
0
7524
0.3174
0.6982
0.6417
-0.0001
0.00
0.12
0.12
0.02
-0.02
0.01
0
3
1
0
7533
0.3174
0.6982
0.6417
-0.0001
0.00
0.06
0.00
0.01
-0.02
-0.01
0
3
1
0
7543
0.3174
0.6982
0.6417
-0.0001
0.00
-0.25
0.06
0.02
-0.02
0.00
0
3
1
0
7554
0.3174
0.6982
0.6417
-0.0001
0.06
-0.06
-0.06
0.02
-0.02
0.00
0
3
1
0
7564
0.3174
0.6982
0.6417
-0.0001
0.12
0.00
0.06
0.00
-0.02
0.01
0
3
1
0
7574
0.3174
0.6982
0.6417
-0.0001
0.06
0.06
0.06
0.01
0.00
0.01
0
3
1
0
7583
0.3174
0.6982
0.6417
-0.0001
-0.06
0.00
0.00
0.01
-0.02
0.00
0
3
1
0
7593
0.3174
0.6982
0.6417
-0.0001
-0.12
0.06
0.12
0.03
0.00
0.01
0
3
1
0
7604
0.3174
0.6982
0.6417
-0.0001
0.00
0.12
0.06
0.02
0.00
0.01
0
3
1
0
7614
0.3174
0.6982
0.6417
-0.0001
-0.06
-0.06
0.12
0.01
-0.01
0.01
0
3
1
0
7623
0.3174
0.6982
0.6417
-0.0001
0.06
-0.06
0.06
0.00
0.00
0.01
0
3
1
0
7633
0.3174
0.6982
0.6417
-0.0001
0.06
0.06
-0.06
0.02
-0.02
0.00
0
3
1
0
7644
0.3174
0.6982
0.6417
-0.0001
-0.12
-0.06
0.00
0.00
-0.04
0.01
0
3
1
0
7654
0.3174
0.6982
0.6417
-0.0001
0.06
-0.06
0.06
0.01
-0.01
0.02
0
3
1
0
7664
0.3174
0.6982
0.6417
-0.0001
0.06
0.06
0.00
0.02
0.00
0.00
0
3
1
0
7673
0.3174
0.6982
0.6417
-0.0001
0.00
0.12
-0.06
0.02
0.00
0.03
0
3
1
0
7684
0.3174
0.6982
0.6417
-0.0001
0.12
-0.06
0.12
0.02
-0.01
0.00
0
3
1
0
7694
0.3174
0.6982
0.6417
-0.0001
0.06
0.06
0.19
0.02
-0.02
0.02
0
3
1
0
7703
0.3174
0.6982
0.6417
-0.0001
0.00
0.00
0.12
0.03
0.01
-0.01
0
3
1
0
7713
0.3174
0.6982
0.6417
-0.0001
-0.06
0.00
0.12
0.02
-0.01
0.02
0
3
1
0
7724
0.3174
0.6982
0.6417
-0.0001
-0.06
-0.12
-0.12
0.00
-0.02
0.04
0
3
1
0
7734
0.3174
0.6982
0.6417
-0.0001
0.12
-0.06
-0.12
0.01
-0.01
0.02
0
3
1
0
7743
0.3174
0.6982
0.6417
-0.0001
-0.06
-0.25
-0.19
0.00
0.00
0.02
0
3
1
0
7753
0.3174
0.6982
0.6417
-0.0001
0.00
0.00
-0.12
0.01
-0.01
0.02
0
3
1
0
7763
0.3174
0.6982
0.6417
-0.0001
0.00
0.19
0.06
0.01
0.00
0.02
0
3
1
0
7774
0.3174
0.6982
0.6417
-0.0001
-0.06
0.19
0.12
0.01
0.00
0.01
0
3
1
0
7783
0.3174
0.6982
0.6417
-0.0001
-0.06
0.00
0.25
0.03
-0.01
0.00
0
3
1
0
7793
0.3174
0.6982
0.6417
-0.0001
0.00
0.25
0.00
0.01
-0.02
0.03
0
3
1
0
7803
0.3174
0.6982
0.6417
-0.0001
0.00
0.19
-0.19
0.03
0.00
0.02
0
3
1
0
7814
0.3174
0.6982
0.6417
-0.0001
0.06
-0.12
-0.19
0.01
-0.02
0.02
0
3
1
0
7824
0.3174
0.6982
0.6417
-0.0001
0.12
-0.12
-0.25
0.01
-0.02
0.01
0
3
1
0
7833
0.3174
0.6982
0.6417
-0.0001
0.00
-0.06
0.06
0.01
-0.01
0.04
0
3
1
0
7843
0.3174
0.6982
0.6417
-0.0001
0.00
0.19
0.06
0.00
0.01
0.00
0
3
1
0
7854
0.3174
0.6982
0.6417
-0.0001
-0.19
0.25
0.06
0.02
-0.01
0.03
0
3
1
0
7864
0.3174
0.6982
0.6417
-0.0001
-0.06
0.25
0.06
0.02
0.00
-0.01
0
3
1
0
7873
0.3174
0.6982
0.6417
-0.0001
0.00
0.06
-0.19
0.01
-0.03
0.03
0
3
1
0
7883
0.3174
0.6982
0.6417
-0.0001
0.06
-0.12
-0.25
0.01
-0.01
0.01
0
3
1
0
7894
0.3174
0.6982
0.6417
-0.0001
0.06
-0.19
-0.25
0.00
0.00
0.01
0
3
1
0
7903
0.3174
0.6982
0.6417
-0.0001
0.00
-0.19
-0.31
0.00
-0.04
0.04
0
3
1
0
7913
0.3174
0.6982
0.6417
-0.0001
-0.06
0.00
0.00
0.00
0.00
0.02
0
3
1
0
7923
0.3174
0.6982
0.6417
-0.0001
0.00
0.37
0.06
0.02
-0.02
0.02
0
3
1
0
7933
0.3174
0.6982
0.6417
-0.0001
-0.19
0.31
0.19
0.04
-0.01
0.00
0
3
1
0
7943
0.3174
0.6982
0.6417
-0.0001
-0.12
0.25
0.37
0.04
-0.01
0.01
0
3
1
0
7953
0.3174
0.6982
0.6417
-0.0001
0.00
0.12
0.00
0.04
0.01
0.02
0
3
1
0
7963
0.3174
-0.0001
-0.0001
-0.0001
0.06
0.00
-0.19
0.03
0.00
0.00
0
3
1
0
7973
0.3174
0.6982
0.6417
-0.0001
0.19
-0.19
-0.37
0.00
0.00
0.02
0
3
1
0
7984
0.3174
0.6982
0.6417
-0.0001
0.12
-0.25
-0.31
0.00
-0.02
0.01
0
3
1
0
7993
0.3174
0.6982
0.6417
-0.0001
0.06
-0.25
-0.25
0.00
0.00
0.02
0
3
1
0
8003
0.3174
0.6982
0.6417
-0.0001
0.00
0.00
0.06
0.02
0.00
0.00
0
3
1
0
8013
0.3174
0.6982
0.6417
-0.0001
-0.06
0.25
0.00
0.01
-0.02
0.04
0
3
1
0
8024
0.3174
0.6982
0.6417
-0.0001
-0.06
0.12
0.25
0.02
-0.02
0.01
0
3
1
0
8033
0.3174
0.6982
0.6417
-0.0001
-0.12
0.19
0.00
0.03
-0.02
0.01
0
3
1
0
8043
0.3174
0.6982
0.6417
-0.0001
0.00
0.12
0.00
0.03
-0.01
0.00
0
3
1
0
8053
0.3174
0.6982
0.6417
-0.0001
0.12
-0.12
-0.06
0.01
-0.02
0.02
0
3
1
0
8064
0.3174
0.6982
0.6417
-0.0001
0.00
-0.06
-0.12
0.02
0.00
0.04
0
3
1
0
8073
0.3174
0.6982
0.6417
-0.0001
0.00
-0.25
-0.06
0.00
-0.01
0.03
0
3
1
0
8083
0.3174
0.6982
0.6417
-0.0001
0.00
-0.06
0.00
0.00
0.00
0.00
0
3
1
0
8093
0.3174
0.6982
0.6417
-0.0001
-0.12
0.06
0.00
0.00
-0.01
0.02
0
3
1
0
8103
0.3174
0.6982
0.6417
-0.0001
-0.06
0.19
0.06
0.03
-0.01
0.01
0
3
1
0
8114
0.3174
0.6982
0.6417
-0.0001
-0.12
0.25
0.00
0.00
0.00
0.02
0
3
1
0
8123
0.3174
0.6982
0.6417
-0.0001
-0.06
0.25
0.00
0.01
-0.03
0.00
0
3
1
0
8133
0.3174
0.6982
0.6417
-0.0001
0.06
0.12
-0.06
0.03
-0.01
0.00
0
3
1
0
8143
0.3174
0.6982
0.6417
-0.0001
0.12
0.00
-0.06
0.01
-0.04
0.04
0
3
1
0
8153
0.3174
0.6982
0.6417
-0.0001
0.06
-0.19
-0.19
0.00
-0.01
0.01
0
3
1
0
8163
0.3174
0.6982
0.6417
-0.0001
0.00
-0.19
-0.06
0.02
-0.02
0.01
0
3
1
0
8173
0.3174
0.6982
0.6417
-0.0001
0.00
0.12
-0.06
0.01
0.00
0.01
0
3
1
0
8183
0.3174
0.6982
0.6417
-0.0001
0.00
0.06
0.19
0.01
0.00
0.00
0
3
1
0
8193
0.3174
0.6982
0.6417
-0.0001
-0.06
0.12
0.12
0.02
-0.01
0.02
0
3
1
0
8203
0.3174
0.6982
0.6417
-0.0001
0.06
0.00
0.06
0.02
0.00
0.02
0
3
1
0
8213
0.3174
-0.0001
-0.0001
-0.0001
0.00
0.19
-0.19
0.02
0.00
0.03
0
3
1
0
8223
0.3174
0.6982
0.6417
-0.0001
0.00
0.06
-0.12
0.00
0.00
0.04
0
3
1
0
8232
0.3174
0.6982
0.6417
-0.0001
0.12
0.06
0.00
0.01
-0.01
0.03
0
3
1
0
8243
0.3174
0.6982
0.6417
-0.0001
0.12
-0.12
-0.12
0.00
-0.01
0.00
0
3
1
0
8253
0.3174
0.6982
0.6417
-0.0001
-0.06
0.12
-0.06
0.02
0.00
0.02
0
3
1
0
8263
0.3174
0.6982
0.6417
-0.0001
0.00
0.25
-0.06
0.00
-0.02
0.03
0
3
1
0
8273
0.3174
0.6982
0.6417
-0.0001
0.06
0.06
0.19
0.03
-0.03
0.00
0
3
1
0
8283
0.3174
0.6982
0.6417
-0.0001
0.00
0.19
0.19
0.03
-0.01
0.00
0
3
1
0
8293
0.3174
0.6982
0.6417
-0.0001
0.00
0.19
0.12
0.00
0.00
0.01
0
3
1
0
8303
0.3174
0.6982
0.6417
-0.0001
0.06
0.31
0.00
0.01
-0.02
0.04
0
3
1
0
8313
0.3174
0.6982
0.6417
-0.0001
0.12
0.00
-0.06
0.03
0.00
0.02
0
3
1
0
8323
0.3174
0.6982
0.6417
-0.0001
0.00
0.12
-0.06
0.00
-0.01
0.01
0
3
1
0
8333
0.3174
0.6982
0.6417
-0.0001
0.06
-0.12
-0.06
0.02
0.00
0.00
0
3
1
0
8343
0.3174
0.6982
0.6417
-0.0001
0.25
-0.06
-0.06
0.01
0.00
0.00
0
3
1
0
8353
0.3174
0.6982
0.6417
-0.0001
0.06
0.19
0.00
0.00
0.00
0.02
0
3
1
0
8363
0.3174
0.6982
0.6417
-0.0001
0.00
0.12
-0.06
0.01
-0.01
0.03
0
3
1
0
8373
0.3174
0.6982
0.6417
-0.0001
0.00
0.06
0.12
0.01
-0.01
0.00
0
3
1
0
8383
