04
00
ù1587
0.0000
0.0000
0.0000
0.0000
0.00
0.00
0.00
0.00
0.00
0.00
0
0
0
0
1595
0.0000
0.0000
0.0000
0.0000
0.00
0.00
0.00
0.00
0.00
0.00
0
0
0
0
1604
0.0000
0.0000
0.0000
0.0000
0.00
0.00
0.00
0.00
0.00
0.00
0
0
0
0
1612
0.0000
0.0000
0.0000
0.0000
0.00
0.00
0.00
0.00
0.00
0.00
0
0
0
0
1622
0.0000
0.0000
0.0000
0.0000
0.00
0.00
0.00
0.00
0.00
0.00
0
0
0
0
1630
0.0000
0.0000
0.0000
0.0000
0.00
0.00
0.00
0.00
0.00
0.00
0
0
0
0
1639
0.0000
0.0000
0.0000
0.0000
0.00
0.00
0.00
0.00
0.00
0.00
0
0
0
0
1647
0.0000
0.0000
0.0000
0.0000
0.00
0.00
0.00
0.00
0.00
0.00
0
0
0
0
1656
0.0000
0.0000
0.0000
0.0000
0.00
0.00
0.00
0.00
0.00
0.00
0
0
0
0
1666
0.0000
0.0000
0.0000
0.0000
0.00
0.00
0.00
0.00
0.00
0.00
0
0
0
0
1674
0.0000
0.0000
0.0000
0.0000
0.00
0.00
0.00
0.00
0.00
0.00
0
0
0
0
1683
0.0000
0.0000
0.0000
0.0000
0.00
0.00
0.00
0.00
0.00
0.00
0
0
0
0
1691
0.0000
0.0000
0.0000
0.0000
0.00
0.00
0.00
0.00
0.00
0.00
0
0
0
0
1700
0.0000
0.0000
0.0000
0.0000
0.00
0.00
0.00
0.00
0.00
0.00
0
0
0
0
1709
0.0000
0.0000
0.0000
0.0000
0.00
0.00
0.00
0.00
0.00
0.00
0
0
0
0
1718
0.0000
0.0000
0.0000
0.0000
0.00
0.00
0.00
0.00
0.00
0.00
0
0
0
0
1726
0.0000
0.0000
0.0000
0.0000
0.00
0.00
0.00
0.00
0.00
0.00
0
0
0
0
1735
0.0000
0.0000
0.0000
0.0000
0.00
0.00
0.00
0.00
0.00
0.00
0
0
0
0
1744
0.0000
0.0000
0.0000
0.0000
0.00
0.00
0.00
0.00
0.00
0.00
0
0
0
0
1753
0.0000
0.0000
0.0000
0.0000
0.00
0.00
0.00
0.00
0.00
0.00
0
0
0
0
1762
0.0000
0.0000
0.0000
0.0000
0.00
0.00
0.00
0.00
0.00
0.00
0
0
0
0
1770
0.0000
0.0000
0.0000
0.0000
0.00
0.00
0.00
0.00
0.00
0.00
0
0
0
0
1779
0.0000
0.0000
0.0000
0.0000
0.00
0.00
0.00
0.00
0.00
0.00
0
0
0
0
1787
0.0000
0.0000
0.0000
0.0000
0.00
0.00
0.00
0.00
0.00
0.00
0
0
0
0
1797
0.0000
0.0000
0.0000
0.0000
0.00
0.00
0.00
0.00
0.00
0.00
0
0
0
0
1805
0.0000
0.0000
0.0000
0.0000
0.00
0.00
0.00
0.00
0.00
0.00
0
0
0
0
1814
0.0000
0.0000
0.0000
0.0000
0.00
0.00
0.00
0.00
0.00
0.00
0
0
0
0
1823
0.0000
0.0000
0.0000
0.0000
0.00
0.00
0.00
0.00
0.00
0.00
0
0
0
0
1831
0.0000
0.0000
0.0000
0.0000
0.00
0.00
0.00
0.00
0.00
0.00
0
0
0
0
1841
0.0000
0.0000
0.0000
0.0000
0.00
0.00
0.00
0.00
0.00
0.00
0
0
0
0
1849
0.0000
0.0000
0.0000
0.0000
0.00
0.00
0.00
0.00
0.00
0.00
0
0
0
0
1858
0.0000
0.0000
0.0000
0.0000
0.00
0.00
0.00
0.00
0.00
0.00
0
0
0
0
1866
0.0000
0.0000
0.0000
0.0000
0.00
0.00
0.00
0.00
0.00
0.00
0
0
0
0
1875
0.0000
0.0000
0.0000
0.0000
0.00
0.00
0.00
0.00
0.00
0.00
0
0
0
0
1884
0.0000
0.0000
0.0000
0.0000
0.00
0.00
0.00
0.00
0.00
0.00
0
0
0
0
1893
0.0000
0.0000
0.0000
0.0000
0.00
0.00
0.00
0.00
0.00
0.00
0
0
0
0
1902
0.0000
0.0000
0.0000
0.0000
0.00
0.00
0.00
0.00
0.00
0.00
0
0
0
0
1910
0.0000
0.0000
0.0000
0.0000
0.00
0.00
0.00
0.00
0.00
0.00
0
0
0
0
1920
0.0000
0.0000
0.0000
0.0000
0.00
0.00
0.00
0.00
0.00
0.00
0
0
0
0
1928
0.0000
0.0000
0.0000
0.0000
0.00
0.00
0.00
0.00
0.00
0.00
0
0
0
0
1937
0.0000
0.0000
0.0000
0.0000
0.00
0.00
0.00
0.00
0.00
0.00
0
0
0
0
1945
0.0000
0.0000
0.0000
0.0000
0.00
0.00
0.00
0.00
0.00
0.00
0
0
0
0
1954
0.0000
0.0000
0.0000
0.0000
0.00
0.00
0.00
0.00
0.00
0.00
0
0
0
0
1963
0.0000
0.0000
0.0000
0.0000
0.00
0.00
0.00
0.00
0.00
0.00
0
0
0
0
1972
0.0000
0.0000
0.0000
0.0000
0.00
0.00
0.00
0.00
0.00
0.00
0
0
0
0
1981
0.0000
0.0000
0.0000
0.0000
0.00
0.00
0.00
0.00
0.00
0.00
0
0
0
0
1989
0.0000
0.0000
0.0000
0.0000
0.00
0.00
0.00
0.00
0.00
0.00
0
0
0
0
1998
0.0000
0.0000
0.0000
0.0000
0.00
0.00
0.00
0.00
0.00
0.00
0
0
0
0
2007
0.0000
0.0000
0.0000
0.0000
0.00
0.00
0.00
0.00
0.00
0.00
0
0
0
0
2016
0.0000
0.0000
0.0000
0.0000
0.00
0.00
0.00
0.00
0.00
0.00
0
0
0
0
2024
0.0000
0.0000
0.0000
0.0000
0.00
0.00
0.00
0.00
0.00
0.00
0
0
0
0
2033
0.0000
0.0000
0.0000
0.0000
0.00
0.00
0.00
0.00
0.00
0.00
0
0
0
0
2041
0.0000
0.0000
0.0000
0.0000
0.00
0.00
0.00
0.00
0.00
0.00
0
0
0
0
2051
0.0000
0.0000
0.0000
0.0000
0.00
0.00
0.00
0.00
0.00
0.00
0
0
0
0
2060
0.0000
0.0000
0.0000
0.0000
0.00
0.00
0.00
0.00
0.00
0.00
0
0
0
0
2069
0.0000
0.0000
0.0000
0.0000
0.00
0.00
0.00
0.00
0.00
0.00
0
0
0
0
2080
0.0000
0.0000
0.0000
0.0000
0.19
0.00
-0.31
0.00
0.00
0.00
0
0
0
0
2091
0.0000
0.0000
0.0000
0.0000
0.37
-0.31
-0.25
0.00
0.00
0.00
0
0
0
0
2102
0.0000
0.0000
0.0000
0.0000
0.25
-0.19
-0.25
0.00
0.00
0.00
0
0
0
0
2112
0.0000
0.0000
0.0000
0.0000
0.19
-0.06
-0.25
0.00
0.00
0.00
0
0
0
0
2123
0.0000
0.0000
0.0000
0.0000
0.12
-0.12
-0.25
0.00
0.00
0.00
0
0
0
0
2132
0.2492
-0.9660
-0.0688
-0.0001
-0.12
0.06
0.00
-0.02
0.01
0.00
0
0
0
0
2143
0.2492
-0.9660
-0.0688
-0.0001
-0.37
-0.06
0.12
-0.02
0.01
-0.02
0
0
0
0
2152
0.2492
-0.9660
-0.0688
-0.0001
-0.50
0.00
0.19
0.00
0.04
0.01
0
0
0
0
2162
0.2492
-0.9660
-0.0688
-0.0001
-0.44
0.00
0.19
0.00
0.00
0.01
0
0
0
0
2172
0.2492
-0.9660
-0.0688
-0.0001
-0.44
-0.12
0.19
0.00
0.01
0.00
0
0
0
0
2182
0.2492
-0.9660
-0.0688
-0.0001
-0.25
-0.19
-0.06
0.00
0.02
0.01
0
0
0
0
2192
0.2492
-0.9660
-0.0688
-0.0001
0.00
-0.19
-0.06
-0.01
0.02
0.00
0
0
0
0
2202
0.2492
-0.9660
-0.0688
-0.0001
0.25
-0.19
-0.44
-0.01
0.01
0.02
0
0
0
0
2212
0.2492
-0.9660
-0.0688
-0.0001
0.44
-0.19
-0.37
-0.01
0.01
0.00
0
0
0
0
2223
0.2492
-0.9660
-0.0688
-0.0001
0.44
0.00
-0.44
-0.01
0.01
0.03
0
0
0
0
2233
0.2492
-0.9660
-0.0688
-0.0001
0.63
0.00
-0.50
0.00
0.00
-0.01
0
0
1
0
2242
0.2493
-0.9660
-0.0688
-0.0001
0.31
-0.06
-0.25
-0.02
0.01
0.00
0
0
1
0
2252
0.2493
-0.9660
-0.0688
-0.0001
0.19
-0.06
-0.25
-0.02
0.00
0.03
0
0
1
0
2263
0.2493
-0.9660
-0.0688
-0.0001
-0.06
-0.06
-0.12
-0.02
-0.02
0.02
0
0
1
0
2273
0.2493
-0.9660
-0.0688
-0.0001
-0.12
-0.12
-0.06
-0.02
0.00
0.00
0
0
1
0
2282
0.2493
-0.9660
-0.0688
-0.0001
-0.25
-0.06
0.00
0.00
0.00
-0.01
0
0
1
0
2292
0.2493
-0.9660
-0.0688
-0.0001
-0.25
-0.19
-0.12
-0.01
-0.03
-0.02
0
0
1
0
2302
0.2493
-0.9660
-0.0688
-0.0001
-0.12
0.12
0.06
0.00
0.01
0.00
0
0
1
0
2313
0.2493
-0.9660
-0.0688
-0.0001
-0.25
-0.12
-0.19
0.00
0.00
0.00
0
0
1
0
2323
0.2493
-0.9660
-0.0688
-0.0001
-0.19
0.00
0.00
0.01
0.00
0.00
0
0
1
0
2332
0.2493
-0.9660
-0.0688
-0.0001
-0.12
-0.31
0.00
0.00
0.00
-0.02
0
0
1
0
2342
0.2493
-0.9660
-0.0688
-0.0001
-0.12
-0.06
0.12
-0.01
0.00
0.00
0
0
1
0
2353
0.2493
-0.9660
-0.0688
-0.0001
-0.12
-0.06
0.00
-0.02
0.01
0.00
0
0
1
0
2363
0.2493
-0.9660
-0.0688
-0.0001
-0.37
0.06
0.19
-0.01
0.02
0.00
0
0
1
0
2373
0.2493
-0.9660
-0.0688
-0.0001
-0.31
-0.12
0.12
-0.01
0.00
-0.04
0
0
1
0
2382
0.0000
0.0000
0.0000
0.0000
-0.37
-0.19
0.25
0.00
0.01
0.00
0
0
1
0
2392
0.0000
0.0000
0.0000
0.0000
-0.25
-0.06
0.00
-0.02
0.00
0.00
0
0
1
0
2402
0.0000
0.0000
0.0000
0.0000
-0.19
-0.12
-0.06
-0.01
0.00
0.01
0
0
1
0
2411
0.0000
0.0000
0.0000
0.0000
-0.19
-0.12
-0.06
-0.01
0.00
0.03
0
0
1
0
2421
0.0000
0.0000
0.0000
0.0000
0.12
-0.19
-0.12
0.00
0.00
0.00
0
0
1
0
2432
0.0000
0.0000
0.0000
0.0000
0.19
-0.31
-0.12
-0.01
0.00
0.00
0
0
1
0
2442
0.0000
0.0000
0.0000
0.0000
0.25
-0.19
-0.19
-0.02
0.00
0.00
0
0
1
0
2451
0.0000
0.0000
0.0000
0.0000
0.37
-0.19
-0.25
-0.04
0.02
0.00
0
0
1
0
2461
0.0000
0.0000
0.0000
0.0000
0.50
0.06
-0.31
-0.01
0.02
0.00
0
0
1
0
2471
0.0000
0.0000
0.0000
0.0000
0.37
0.00
-0.25
0.00
-0.04
0.01
0
0
1
0
2482
0.0000
0.0000
0.0000
0.0000
0.12
-0.06
-0.31
0.01
-0.01
0.01
0
0
1
0
2492
0.0000
0.0000
0.0000
0.0000
0.12
0.19
-0.31
0.02
0.00
0.00
0
0
1
0
2501
0.0000
0.0000
0.0000
0.0000
0.06
-0.31
-0.12
0.00
-0.02
0.01
0
0
1
0
2511
0.0000
0.0000
0.0000
0.0000
-0.19
-0.19
0.06
0.00
0.00
0.00
0
0
1
0
2522
0.0000
0.0000
0.0000
0.0000
-0.44
0.00
0.06
0.00
0.00
0.00
0
0
1
0
2531
0.0000
0.0000
0.0000
0.0000
-0.31
0.12
0.12
0.00
0.01
-0.01
0
0
1
0
2541
0.0000
0.0000
0.0000
0.0000
-0.31
-0.12
0.06
-0.02
0.00
0.00
0
0
1
0
2551
0.0000
0.0000
0.0000
0.0000
-0.44
0.00
0.19
-0.01
0.01
0.02
0
0
1
0
2562
0.0000
0.0000
0.0000
0.0000
-0.25
0.06
0.25
-0.01
-0.01
0.01
0
0
1
0
2572
0.0000
0.0000
0.0000
0.0000
-0.12
0.12
-0.06
-0.02
0.02
0.00
0
0
1
0
2582
0.0000
0.0000
0.0000
0.0000
0.00
-0.19
-0.19
-0.01
0.00
-0.02
0
0
1
0
2591
0.0000
0.0000
0.0000
0.0000
0.25
-0.25
-0.12
-0.01
0.01
-0.01
0
0
1
0
2601
0.0000
0.0000
0.0000
0.0000
0.37
0.00
-0.50
0.00
-0.01
-0.01
0
0
1
0
2612
0.0000
0.0000
0.0000
0.0000
0.44
-0.19
-0.31
-0.01
0.00
0.00
0
0
1
0
2622
0.0000
0.0000
0.0000
0.0000
0.31
-0.25
-0.44
-0.01
0.02
-0.01
0
0
1
0
2632
0.0000
0.0000
0.0000
0.0000
0.31
-0.06
-0.37
0.00
0.00
0.00
0
0
1
0
2641
0.0000
0.0000
0.0000
0.0000
0.12
-0.12
-0.19
-0.01
0.00
-0.01
0
0
1
0
2652
0.0000
0.0000
0.0000
0.0000
0.00
0.12
-0.06
-0.01
0.00
0.00
0
0
1
0
2662
0.0000
0.0000
0.0000
0.0000
-0.25
0.00
0.00
0.00
-0.01
-0.01
0
0
1
0
2672
0.0000
0.0000
0.0000
0.0000
-0.25
0.12
0.06
0.00
-0.01
0.01
0
0
1
0
2681
0.0000
0.0000
0.0000
0.0000
-0.12
-0.06
0.25
0.02
0.00
0.00
0
0
1
0
2692
0.0000
0.0000
0.0000
0.0000
-0.19
-0.19
-0.06
0.01
0.00
0.00
0
0
1
0
2702
0.0000
0.0000
0.0000
0.0000
-0.25
-0.25
-0.12
0.01
-0.01
-0.02
0
0
1
0
2712
0.0000
0.0000
0.0000
0.0000
-0.06
-0.12
0.00
0.01
0.00
0.00
0
0
1
0
2721
0.0000
0.0000
0.0000
0.0000
0.12
0.00
-0.12
-0.02
0.00
0.01
0
0
1
0
2732
0.0000
0.0000
0.0000
0.0000
0.25
-0.12
-0.25
-0.02
0.00
0.00
0
0
1
0
2742
0.0000
0.0000
0.0000
0.0000
0.06
-0.31
-0.19
-0.01
0.00
-0.03
0
0
1
0
2752
0.0000
0.0000
0.0000
0.0000
-0.06
-0.19
-0.12
-0.01
0.00
0.00
0
0
1
0
2762
0.0000
0.0000
0.0000
0.0000
-0.37
0.00
0.06
-0.01
0.00
0.00
0
0
1
0
2771
0.0000
0.0000
0.0000
0.0000
-0.50
0.12
0.00
-0.03
0.01
-0.03
0
3
1
0
2782
0.0000
0.0000
0.0000
0.0000
-0.63
0.00
0.19
-0.02
0.01
-0.01
0
3
1
0
2792
0.0000
0.0000
0.0000
0.0000
-0.50
0.00
0.25
-0.02
0.01
-0.02
0
3
1
0
2802
0.0000
0.0000
0.0000
0.0000
-0.44
-0.06
0.25
-0.03
0.00
-0.02
0
3
1
0
2812
0.0000
0.0000
0.0000
0.0000
-0.12
0.00
0.31
-0.01
0.02
-0.01
0
3
1
0
2823
0.0000
0.0000
0.0000
0.0000
0.06
-0.06
0.12
-0.02
0.01
0.00
0
3
1
0
2832
0.0000
0.0000
0.0000
0.0000
0.25
-0.06
-0.19
-0.01
0.01
-0.02
0
3
1
0
2842
0.0000
0.0000
0.0000
0.0000
0.63
-0.12
-0.19
0.00
0.00
-0.01
0
3
1
0
2852
0.0000
0.0000
0.0000
0.0000
0.50
-0.06
-0.37
-0.01
-0.01
0.00
0
3
1
0
2863
0.0000
0.0000
0.0000
0.0000
0.75
-0.19
-0.44
0.00
0.00
0.03
0
3
1
0
2872
0.0000
0.0000
0.0000
0.0000
0.00
0.00
0.00
0.00
-0.03
0.00
0
3
1
0
2881
0.0000
0.0000
0.0000
0.0000
0.00
0.00
0.00
0.01
-0.01
0.04
0
3
1
0
2891
0.0000
0.0000
0.0000
0.0000
0.00
0.00
0.00
0.02
-0.01
0.00
0
3
1
0
2902
0.0000
0.0000
0.0000
0.0000
0.00
0.00
0.00
0.02
-0.01
0.00
0
3
1
0
2912
0.0000
0.0000
0.0000
0.0000
0.25
0.06
-0.06
-0.01
-0.02
0.03
0
3
1
0
2922
0.0000
0.0000
0.0000
0.0000
0.12
0.19
-0.12
0.01
-0.02
0.00
0
3
1
0
2932
0.0000
0.0000
0.0000
0.0000
-0.12
-0.06
-0.25
0.00
0.00
0.00
0
3
1
0
2942
0.0000
0.0000
0.0000
0.0000
-0.50
0.06
0.44
0.00
0.00
0.00
0
3
1
0
2953
0.0000
0.0000
0.0000
0.0000
-0.63
0.06
0.50
0.00
0.01
-0.03
0
3
1
0
2962
0.0000
0.0000
0.0000
0.0000
-0.69
0.06
0.31
-0.01
0.01
0.00
0
3
1
0
2972
0.0000
0.0000
0.0000
0.0000
-0.75
-0.06
0.37
-0.03
0.01
-0.01
0
3
1
0
2982
0.0000
0.0000
0.0000
0.0000
-0.69
0.06
0.50
-0.04
0.00
0.00
0
3
1
0
2993
0.0000
0.0000
0.0000
0.0000
-0.69
-0.06
0.31
-0.02
0.00
-0.02
0
3
1
0
3003
0.0000
0.0000
0.0000
0.0000
-0.56
0.06
0.25
-0.05
0.01
0.00
0
3
1
0
3012
0.0000
0.0000
0.0000
0.0000
-0.31
-0.06
0.31
-0.05
0.01
-0.02
0
3
1
0
3022
0.0000
0.0000
0.0000
0.0000
0.00
0.19
0.06
-0.01
0.03
-0.02
0
3
1
0
3033
0.0000
0.0000
0.0000
0.0000
0.31
-0.06
0.00
-0.02
0.00
0.01
0
3
1
0
3043
0.0000
0.0000
0.0000
0.0000
0.56
-0.06
-0.31
-0.02
0.01
0.00
0
3
1
0
3053
0.0000
0.0000
0.0000
0.0000
0.75
-0.25
-0.56
-0.03
0.00
0.03
0
3
1
0
3062
0.0000
0.0000
0.0000
0.0000
0.88
-0.19
-0.56
-0.02
-0.01
0.01
0
3
1
0
3073
0.0000
0.0000
0.0000
0.0000
0.63
-0.19
-0.44
-0.02
0.00
0.00
0
3
1
0
3083
0.0000
0.0000
0.0000
0.0000
0.69
-0.19
-0.31
0.01
0.00
-0.02
0
3
1
0
3093
0.0000
0.0000
0.0000
0.0000
0.37
-0.06
-0.31
0.00
-0.02
0.00
0
3
1
0
3102
0.0000
0.0000
0.0000
0.0000
0.25
0.00
-0.19
0.00
0.00
0.00
0
3
1
0
3112
0.0000
0.0000
0.0000
0.0000
0.12
0.00
-0.19
0.03
0.00
0.00
0
3
1
0
3123
0.0000
0.0000
0.0000
0.0000
-0.12
-0.06
-0.12
0.01
0.02
0.01
0
3
1
0
3133
0.0000
0.0000
0.0000
0.0000
-0.25
0.37
0.12
0.00
-0.01
0.01
0
3
1
0
3143
0.0000
0.0000
0.0000
0.0000
-0.44
0.19
0.37
0.01
-0.02
0.00
0
3
1
0
3152
0.0000
0.0000
0.0000
0.0000
-0.37
-0.06
0.25
0.01
0.00
-0.01
0
3
1
0
3163
0.0000
0.0000
0.0000
0.0000
-0.19
0.12
0.19
0.00
0.00
0.00
0
3
1
0
3173
0.0000
0.0000
0.0000
0.0000
-0.19
-0.19
0.06
0.00
0.00
0.01
0
3
1
0
3183
0.0000
0.0000
0.0000
0.0000
0.06
-0.12
-0.06
-0.02
0.00
-0.01
0
3
1
0
3193
0.0000
0.0000
0.0000
0.0000
0.37
-0.06
-0.19
-0.02
0.00
-0.01
0
3
1
0
3203
0.0000
0.0000
0.0000
0.0000
0.31
-0.06
-0.06
-0.01
0.01
0.00
0
3
1
0
3213
0.0000
0.0000
0.0000
0.0000
0.37
-0.12
0.06
-0.04
0.00
0.01
0
3
1
0
3223
0.0000
0.0000
0.0000
0.0000
0.06
0.00
-0.06
-0.03
0.00
0.01
0
3
1
0
3233
0.0000
0.0000
0.0000
0.0000
0.12
0.06
-0.19
-0.01
0.00
0.00
0
3
1
0
3244
0.0000
0.0000
0.0000
0.0000
-0.06
-0.06
-0.19
0.00
0.00
-0.02
0
3
1
0
3253
0.0000
0.0000
0.0000
0.0000
0.06
0.00
-0.06
0.02
0.00
0.00
0
3
1
0
3263
0.0000
0.0000
0.0000
0.0000
-0.06
-0.06
-0.12
0.01
0.00
0.01
0
3
1
0
3273
0.0000
0.0000
0.0000
0.0000
-0.12
0.25
-0.19
0.02
0.00
0.00
0
3
1
0
3283
0.0000
0.0000
0.0000
0.0000
0.00
0.06
-0.12
0.01
0.00
0.03
0
3
1
0
3293
0.0000
0.0000
0.0000
0.0000
0.12
-0.12
-0.06
0.01
-0.02
-0.06
0
3
1
0
3303
0.0000
0.0000
0.0000
0.0000
0.00
-0.06
-0.06
0.00
-0.03
-0.05
0
3
1
0
3313
0.0000
0.0000
0.0000
0.0000
-0.06
-0.12
0.12
-0.02
0.02
0.00
0
3
1
0
3322
0.0000
0.0000
0.0000
0.0000
0.25
0.12
-0.06
-0.02
0.06
0.01
0
3
1
0
3333
0.0000
0.0000
0.0000
0.0000
0.25
-0.31
-0.75
-0.02
0.07
-0.04
0
3
1
0
3343
0.0000
0.0000
0.0000
0.0000
-0.63
-0.06
0.06
-0.05
0.00
-0.07
0
3
1
0
3353
0.0000
0.0000
0.0000
0.0000
-1.69
0.25
1.56
-0.09
0.02
-0.05
0
3
1
0
3363
0.0000
0.0000
0.0000
0.0000
-1.75
0.06
1.63
-0.06
0.00
-0.02
0
3
1
0
3374
0.0000
0.0000
0.0000
0.0000
-1.12
-0.06
0.81
-0.06
0.02
0.00
0
3
1
0
3384
0.0000
0.0000
0.0000
0.0000
-0.31
-0.25
0.12
-0.06
0.01
-0.01
0
3
1
0
3393
0.0000
0.0000
0.0000
0.0000
0.25
0.06
-0.19
-0.03
0.00
0.00
0
3
1
0
3403
0.0000
0.0000
0.0000
0.0000
0.63
0.00
-0.50
-0.04
-0.04
0.00
0
3
1
0
3414
0.0000
0.0000
0.0000
0.0000
1.06
-0.25
-0.56
-0.02
-0.05
0.01
0
3
1
0
3423
0.2493
-0.9660
-0.0687
0.0000
1.63
-0.25
-0.81
-0.02
-0.05
0.01
0
3
1
0
3433
0.2495
-0.9659
-0.0687
-0.0001
2.38
0.00
-1.37
0.00
0.00
0.00
0
3
1
0
3442
0.0000
0.0000
0.0000
0.0000
0.00
0.00
0.00
0.00
0.00
0.00
0
3
1
0
3451
0.0000
0.0000
0.0000
0.0000
0.00
0.00
0.00
0.00
0.00
0.00
0
3
1
0
3462
0.0000
0.0000
0.0000
0.0000
0.00
0.00
0.00
0.00
0.00
0.00
0
3
1
0
3471
0.2500
-0.9658
-0.0692
-0.0001
0.37
-0.12
-0.69
0.00
0.00
0.00
0
3
1
0
3480
0.0000
0.0000
0.0000
0.0000
-0.94
0.12
0.69
0.02
0.00
0.01
0
3
1
0
3491
0.0000
0.0000
0.0000
0.0000
-2.13
0.12
1.37
0.02
0.02
-0.03
0
3
1
0
3503
0.0000
0.0000
0.0000
0.0000
-2.56
0.19
1.56
-0.01
0.03
0.00
0
3
1
0
3513
0.0000
0.0000
0.0000
0.0000
-2.88
0.19
1.75
-0.01
0.04
-0.02
0
3
1
0
3523
0.2491
-0.9661
-0.0687
-0.0001
-2.69
0.44
1.69
-0.01
0.04
-0.02
0
3
1
0
3532
0.2489
-0.9661
-0.0685
0.0000
-2.50
0.25
1.63
-0.01
0.03
-0.02
0
3
1
0
3543
0.0000
0.0000
0.0000
0.0000
-1.63
0.06
1.31
-0.02
0.00
-0.05
0
3
1
0
3553
0.0000
0.0000
0.0000
0.0000
-0.63
0.00
0.63
-0.02
0.00
-0.03
0
3
1
0
3563
0.0000
0.0000
0.0000
0.0000
0.00
0.00
0.00
-0.01
0.00
0.02
0
3
1
0
3572
0.2489
-0.9661
-0.0684
0.0000
1.88
-0.50
-1.00
-0.01
0.00
0.02
0
3
1
0
3581
0.2491
-0.9661
-0.0686
0.0000
2.69
-0.44
-1.81
-0.01
0.00
-0.02
0
3
1
0
3592
0.0000
0.0000
0.0000
0.0000
0.00
0.00
0.00
0.00
0.00
0.00
0
3
1
0
3602
0.0000
0.0000
0.0000
0.0000
0.00
0.00
0.00
-0.03
0.01
0.00
0
3
1
0
3612
0.0000
0.0000
0.0000
0.0000
0.00
0.00
0.00
-0.04
0.00
-0.01
0
3
1
0
3622
0.0000
0.0000
0.0000
0.0000
0.00
0.00
0.00
-0.06
0.00
-0.02
0
3
1
0
3633
0.0000
0.0000
0.0000
0.0000
-0.25
0.06
0.12
-0.03
0.01
0.00
0
3
1
0
3643
0.0000
0.0000
0.0000
0.0000
-1.00
0.06
0.63
-0.01
0.01
0.00
0
3
1
0
3653
0.0000
0.0000
0.0000
0.0000
-1.63
0.31
0.88
0.00
0.00
0.00
0
3
1
0
3663
0.0000
0.0000
0.0000
0.0000
-1.94
0.31
1.19
0.00
-0.02
0.00
0
3
1
0
3674
0.0000
0.0000
0.0000
0.0000
-1.63
0.44
1.12
0.00
-0.03
0.00
0
3
1
0
3684
0.0000
0.0000
0.0000
0.0000
-0.94
0.37
0.81
0.01
-0.02
0.00
0
3
1
0
3694
0.0000
0.0000
0.0000
0.0000
0.00
0.19
-0.06
0.01
-0.04
0.01
0
3
1
0
3704
0.0000
0.0000
0.0000
0.0000
1.00
-0.12
-0.69
0.03
-0.02
0.01
0
3
1
0
3715
0.0000
0.0000
0.0000
0.0000
1.75
-0.31
-1.19
0.02
-0.01
0.00
0
3
1
0
3724
0.2496
-0.9659
-0.0688
-0.0001
2.06
-0.44
-1.25
0.00
0.00
0.00
0
3
1
0
3733
0.2497
-0.9659
-0.0689
-0.0001
1.88
-0.44
-1.12
0.00
0.00
0.00
0
3
1
0
3742
0.0000
0.0000
0.0000
0.0000
0.00
0.00
0.00
0.00
0.01
0.00
0
3
1
0
3752
0.0000
0.0000
0.0000
0.0000
0.00
0.00
0.00
-0.02
0.00
0.00
0
3
1
0
3763
0.0000
0.0000
0.0000
0.0000
-0.25
0.06
0.25
-0.03
0.02
0.00
0
3
1
0
3773
0.2498
-0.9659
-0.0689
-0.0001
-1.25
0.19
0.81
-0.03
0.02
0.00
0
3
1
0
3782
0.2496
-0.9659
-0.0688
-0.0001
-1.94
0.19
1.31
-0.03
0.04
0.00
0
3
1
0
3792
0.0000
0.0000
0.0000
0.0000
-2.50
0.25
1.69
-0.02
0.04
-0.02
0
3
1
0
3804
0.0000
0.0000
0.0000
0.0000
-2.38
0.19
1.50
-0.01
0.03
-0.01
0
3
1
0
3814
0.0000
0.0000
0.0000
0.0000
-1.88
0.19
1.31
-0.01
0.01
-0.02
0
3
1
0
3824
0.2490
-0.9661
-0.0684
0.0000
-0.94
0.12
0.69
0.01
0.01
0.00
0
3
1
0
3833
0.2491
-0.9661
-0.0684
0.0000
1.31
-0.06
-0.75
0.01
0.01
0.00
0
3
1
0
3843
0.0000
0.0000
0.0000
0.0000
0.00
0.00
0.00
0.00
0.00
-0.01
0
3
1
0
3853
0.0000
0.0000
0.0000
0.0000
0.00
0.00
0.00
0.01
0.01
-0.03
0
3
1
0
3863
0.0000
0.0000
0.0000
0.0000
0.00
0.00
0.00
0.00
0.00
0.00
0
3
1
0
3873
0.0000
0.0000
0.0000
0.0000
0.00
0.00
0.00
0.00
0.00
0.00
0
3
1
0
3883
0.0000
0.0000
0.0000
0.0000
0.00
0.00
0.00
0.00
0.00
0.00
0
3
1
0
3893
0.0000
0.0000
0.0000
0.0000
0.00
0.00
0.00
0.00
0.01
0.03
0
3
1
0
3903
0.0000
0.0000
0.0000
0.0000
-0.37
-0.19
0.06
0.00
0.00
0.01
0
3
1
0
3914
0.0000
0.0000
0.0000
0.0000
-1.12
0.06
0.88
-0.04
0.00
-0.03
0
3
1
0
3923
0.2496
-0.9659
-0.0688
-0.0001
-1.44
0.12
0.94
-0.04
0.00
-0.03
0
3
1
0
3934
0.2495
-0.9659
-0.0687
0.0000
-1.69
0.12
0.94
-0.03
0.01
-0.01
0
3
1
0
3943
0.0000
0.0000
0.0000
0.0000
-1.31
0.25
0.88
0.01
0.00
-0.02
0
3
1
0
3954
0.0000
0.0000
0.0000
0.0000
-0.69
0.06
0.44
-0.01
0.00
0.00
0
3
1
0
3964
0.0000
0.0000
0.0000
0.0000
-0.25
0.06
0.00
0.01
0.00
0.00
0
3
1
0
3974
0.0000
0.0000
0.0000
0.0000
0.00
0.00
0.00
0.00
0.02
0.00
0
3
1
0
3984
0.0000
0.0000
0.0000
0.0000
0.00
0.00
0.00
0.00
0.00
0.00
0
3
1
0
3994
0.0000
0.0000
0.0000
0.0000
0.00
0.00
0.00
0.00
0.00
0.00
0
3
1
0
4003
0.0000
0.0000
0.0000
0.0000
0.00
0.00
0.00
-0.02
0.01
-0.02
0
3
1
0
4014
0.0000
0.0000
0.0000
0.0000
0.00
0.00
0.00
0.00
0.02
-0.01
0
3
1
0
4024
0.0000
0.0000
0.0000
0.0000
0.00
0.00
0.00
-0.01
0.00
0.00
0
3
1
0
4033
0.0000
0.0000
0.0000
0.0000
-0.31
-0.06
0.25
-0.02
0.00
0.00
0
3
1
0
4044
0.0000
0.0000
0.0000
0.0000
-0.88
0.25
0.56
-0.01
0.01
-0.01
0
3
1
0
4055
0.0000
0.0000
0.0000
0.0000
-1.12
0.19
0.56
0.00
0.00
-0.02
0
3
1
0
4065
0.0000
0.0000
0.0000
0.0000
-1.06
0.06
0.69
0.01
0.00
0.00
0
3
1
0
4075
0.0000
0.0000
0.0000
0.0000
-0.69
0.06
0.44
0.00
0.00
-0.01
0
3
1
0
4085
0.0000
0.0000
0.0000
0.0000
-0.19
0.00
0.19
0.00
0.00
0.00
0
3
1
0
4094
0.0000
0.0000
0.0000
0.0000
0.31
-0.06
-0.06
0.00
0.00
0.00
0
3
1
0
4105
0.0000
0.0000
0.0000
0.0000
0.94
-0.06
-0.56
-0.01
-0.01
0.00
0
3
1
0
4115
0.0000
0.0000
0.0000
0.0000
1.44
-0.12
-0.75
0.00
0.00
0.00
0
3
1
0
4125
0.0000
0.0000
0.0000
0.0000
1.44
-0.31
-0.81
-0.02
0.01
-0.02
0
3
1
0
4134
0.0000
0.0000
0.0000
0.0000
1.19
-0.50
-0.69
-0.01
0.00
0.00
0
3
1
0
4145
0.0000
0.0000
0.0000
0.0000
0.81
-0.31
-0.50
-0.04
0.03
-0.03
0
3
1
0
4155
0.0000
0.0000
0.0000
0.0000
0.06
0.00
-0.12
-0.06
0.02
-0.03
0
3
1
0
4165
0.0000
0.0000
0.0000
0.0000
-0.63
0.00
0.44
-0.04
0.03
-0.02
0
3
1
0
4174
0.2496
-0.9659
-0.0688
-0.0001
-1.12
0.00
0.81
-0.05
0.00
-0.01
0
3
1
0
4184
0.2495
-0.9659
-0.0687
0.0000
-1.44
0.50
0.94
0.00
0.00
0.00
0
3
1
0
4194
0.0000
0.0000
0.0000
0.0000
-1.56
0.37
0.88
-0.02
0.01
-0.03
0
3
1
0
4204
0.0000
0.0000
0.0000
0.0000
-1.06
0.19
0.69
0.00
0.00
-0.02
0
3
1
0
4214
0.0000
0.0000
0.0000
0.0000
-0.37
0.12
0.25
0.00
-0.01
0.02
0
3
1
0
4225
0.0000
0.0000
0.0000
0.0000
0.00
0.00
0.00
0.00
0.00
0.02
0
3
1
0
4235
0.0000
0.0000
0.0000
0.0000
0.00
0.00
0.00
0.02
-0.02
0.00
0
3
1
0
4244
0.0000
0.0000
0.0000
0.0000
0.00
0.00
0.00
0.01
0.00
0.00
0
3
1
0
4254
0.0000
0.0000
0.0000
0.0000
0.00
0.00
0.00
0.01
0.00
0.00
0
3
1
0
4264
0.0000
0.0000
0.0000
0.0000
0.00
0.00
0.00
0.01
-0.01
-0.02
0
3
1
0
4274
0.0000
0.0000
0.0000
0.0000
0.00
0.00
0.00
0.00
0.01
0.03
0
3
1
0
4284
0.0000
0.0000
0.0000
0.0000
0.00
0.00
0.00
0.00
0.00
0.00
0
3
1
0
4294
0.0000
0.0000
0.0000
0.0000
-0.69
0.12
0.50
-0.02
0.00
-0.01
0
3
1
0
4304
0.0000
0.0000
0.0000
0.0000
-1.31
0.06
1.00
-0.01
0.03
0.00
0
3
1
0
4316
0.0000
0.0000
0.0000
0.0000
-1.88
0.31
1.19
-0.02
0.00
-0.01
0
3
1
0
4325
0.2493
-0.9660
-0.0687
-0.0001
-1.94
0.19
1.31
-0.02
0.00
-0.01
0
3
1
0
4334
0.2492
-0.9660
-0.0686
0.0000
-1.50
0.31
1.06
-0.01
0.01
-0.03
0
3
1
0
4344
0.0000
0.0000
0.0000
0.0000
-1.06
0.19
0.75
-0.01
0.00
-0.04
0
3
1
0
4355
0.0000
0.0000
0.0000
0.0000
-0.25
0.06
0.19
-0.02
-0.01
0.00
0
3
1
0
4365
0.0000
0.0000
0.0000
0.0000
0.00
0.00
0.00
-0.04
0.00
-0.02
0
3
1
0
4375
0.2492
-0.9660
-0.0685
0.0000
1.19
-0.25
-0.56
-0.04
0.00
-0.02
0
3
1
0
4384
0.2494
-0.9660
-0.0687
0.0000
1.63
-0.37
-0.94
-0.03
0.00
-0.03
0
3
1
0
4393
0.0000
0.0000
0.0000
0.0000
0.00
0.00
0.00
0.00
0.00
0.00
0
3
1
0
4404
0.0000
0.0000
0.0000
0.0000
0.00
0.00
0.00
-0.04
0.02
0.00
0
3
1
0
4414
0.0000
0.0000
0.0000
0.0000
0.00
0.00
0.00
-0.02
0.01
-0.04
0
3
1
0
4424
0.0000
0.0000
0.0000
0.0000
0.00
0.00
0.00
-0.02
0.00
-0.01
0
3
1
0
4434
0.0000
0.0000
0.0000
0.0000
-0.56
0.00
0.31
-0.01
0.00
-0.01
0
3
1
0
4445
0.0000
0.0000
0.0000
0.0000
-1.12
0.19
0.50
-0.01
0.00
-0.01
0
3
1
0
4455
0.0000
0.0000
0.0000
0.0000
-1.19
0.06
0.69
0.00
0.00
0.00
0
3
1
0
4465
0.0000
0.0000
0.0000
0.0000
-1.12
0.12
0.56
0.00
-0.02
-0.01
0
3
1
0
4475
0.0000
0.0000
0.0000
0.0000
-0.56
0.19
0.44
0.00
-0.01
0.01
0
3
1
0
4486
0.0000
0.0000
0.0000
0.0000
0.00
0.19
-0.12
0.02
-0.01
0.04
0
3
1
0
4496
0.0000
0.0000
0.0000
0.0000
0.69
0.00
-0.37
0.00
-0.02
0.00
0
3
1
0
4506
0.0000
0.0000
0.0000
0.0000
1.31
0.06
-0.81
0.01
-0.01
0.02
0
3
1
0
4516
0.0000
0.0000
0.0000
0.0000
1.69
-0.19
-0.94
0.00
-0.01
-0.01
0
3
1
0
4526
0.0000
0.0000
0.0000
0.0000
1.63
-0.12
-0.94
0.00
0.00
0.01
0
3
1
0
4536
0.0000
0.0000
0.0000
0.0000
1.12
-0.12
-0.69
-0.01
0.01
0.00
0
3
1
0
4546
0.0000
0.0000
0.0000
0.0000
0.44
-0.12
-0.19
0.00
0.02
-0.02
0
3
1
0
4556
0.0000
0.0000
0.0000
0.0000
-0.37
-0.06
0.12
0.00
0.01
-0.01
0
3
1
0
4566
0.0000
0.0000
0.0000
0.0000
-1.31
-0.12
0.75
0.00
0.02
0.00
0
3
1
0
4576
0.2497
-0.9659
-0.0688
-0.0001
-1.75
0.12
1.12
0.00
0.02
-0.01
0
3
1
0
4585
0.2495
-0.9659
-0.0688
-0.0001
-1.81
0.19
1.25
0.00
0.02
-0.01
0
3
1
0
4595
0.0000
0.0000
0.0000
0.0000
-1.81
0.19
1.19
-0.02
0.01
-0.01
0
3
1
0
4605
0.0000
0.0000
0.0000
0.0000
-1.44
0.06
0.94
-0.03
0.03
-0.02
0
3
1
0
4616
0.0000
0.0000
0.0000
0.0000
-0.81
0.25
0.75
-0.01
0.01
-0.01
0
3
1
0
4626
0.0000
0.0000
0.0000
0.0000
-0.12
0.00
0.06
-0.01
0.02
0.00
0
3
1
0
4636
0.0000
0.0000
0.0000
0.0000
0.56
-0.06
-0.25
-0.01
0.01
-0.04
0
3
1
0
4646
0.0000
0.0000
0.0000
0.0000
1.31
0.00
-0.75
-0.02
0.00
0.00
0
3
1
0
4656
0.0000
0.0000
0.0000
0.0000
1.75
-0.25
-1.06
0.00
0.02
-0.01
0
3
1
0
4666
0.0000
0.0000
0.0000
0.0000
1.81
-0.31
-1.25
-0.01
0.00
-0.02
0
3
1
0
4676
0.2498
-0.9659
-0.0688
-0.0001
1.69
-0.31
-1.19
-0.01
0.00
-0.02
0
3
1
0
4685
0.2499
-0.9658
-0.0690
-0.0001
1.37
-0.25
-1.00
-0.01
0.00
0.00
0
3
1
0
4695
0.0000
0.0000
0.0000
0.0000
0.00
0.00
0.00
-0.01
0.00
0.00
0
3
1
0
4705
0.0000
0.0000
0.0000
0.0000
0.44
0.00
0.00
0.01
0.00
0.00
0
3
1
0
4716
0.0000
0.0000
0.0000
0.0000
-0.19
0.00
0.25
0.00
0.01
0.02
0
3
1
0
4725
0.0000
0.0000
0.0000
0.0000
-0.69
-0.06
0.25
0.00
-0.01
0.00
0
3
1
0
4736
0.0000
0.0000
0.0000
0.0000
-0.75
0.00
0.56
0.00
0.00
0.03
0
3
1
0
4746
0.0000
0.0000
0.0000
0.0000
-0.69
0.25
0.37
0.00
-0.02
0.01
0
3
1
0
4756
0.0000
0.0000
0.0000
0.0000
-0.69
0.06
0.56
0.01
0.00
0.00
0
3
1
0
4766
0.0000
0.0000
0.0000
0.0000
-0.50
-0.06
0.25
0.00
0.00
0.01
0
3
1
0
4776
0.0000
0.0000
0.0000
0.0000
-0.12
-0.06
0.00
-0.03
0.01
-0.01
0
3
1
0
4787
0.0000
0.0000
0.0000
0.0000
-0.06
-0.25
0.06
0.00
0.02
-0.02
0
3
1
0
4797
0.0000
0.0000
0.0000
0.0000
0.06
-0.12
-0.06
-0.02
0.02
-0.04
0
3
1
0
4806
0.0000
0.0000
0.0000
0.0000
-0.06
-0.06
0.12
-0.03
0.03
-0.01
0
3
1
0
4816
0.0000
0.0000
0.0000
0.0000
-0.06
0.25
0.06
-0.02
0.03
-0.01
0
3
1
0
4827
0.0000
0.0000
0.0000
0.0000
-0.37
0.12
0.25
-0.03
0.00
0.00
0
3
1
0
4837
0.0000
0.0000
0.0000
0.0000
-0.37
0.25
0.25
-0.02
0.04
0.00
0
3
1
0
4847
0.0000
0.0000
0.0000
0.0000
-0.44
0.06
0.25
-0.01
0.02
0.00
0
3
1
0
4856
0.0000
0.0000
0.0000
0.0000
-0.25
0.12
0.12
-0.02
0.01
0.00
0
3
1
0
4867
0.0000
0.0000
0.0000
0.0000
-0.19
0.19
0.06
-0.03
0.01
-0.01
0
3
1
0
4877
0.0000
0.0000
0.0000
0.0000
0.12
-0.12
0.06
0.00
0.02
-0.04
0
3
1
0
4887
0.0000
0.0000
0.0000
0.0000
0.37
0.00
0.00
0.00
0.01
0.00
0
3
1
0
4896
0.0000
0.0000
0.0000
0.0000
0.69
-0.19
-0.37
0.00
0.00
-0.01
0
3
1
0
4907
0.0000
0.0000
0.0000
0.0000
0.88
-0.25
-0.44
0.00
0.00
0.00
0
3
1
0
4917
0.0000
0.0000
0.0000
0.0000
1.06
-0.12
-0.69
0.00
0.00
0.01
0
3
1
0
4927
0.0000
0.0000
0.0000
0.0000
0.94
-0.19
-0.81
-0.01
0.00
-0.01
0
3
1
0
4936
0.0000
0.0000
0.0000
0.0000
0.88
-0.25
-0.50
0.00
-0.01
0.01
0
3
1
0
4946
0.0000
0.0000
0.0000
0.0000
0.44
-0.12
-0.37
-0.01
0.01
-0.02
0
3
1
0
4957
0.0000
0.0000
0.0000
0.0000
-0.12
0.00
0.00
-0.02
0.02
0.00
0
3
1
0
4967
0.0000
0.0000
0.0000
0.0000
-0.44
0.00
0.37
-0.02
0.02
-0.01
0
3
1
0
4977
0.0000
0.0000
0.0000
0.0000
-0.81
0.06
0.50
-0.01
0.02
0.00
0
3
1
0
4986
0.0000
0.0000
0.0000
0.0000
-0.81
0.31
0.56
-0.02
0.00
0.00
0
3
1
0
4997
0.0000
0.0000
0.0000
0.0000
-0.75
0.06
0.69
0.00
-0.01
0.00
0
3
1
0
5007
0.0000
0.0000
0.0000
0.0000
-0.50
0.19
0.37
0.00
0.01
0.00
0
3
1
0
5017
0.0000
0.0000
0.0000
0.0000
-0.25
-0.06
0.12
0.00
0.00
0.00
0
3
1
0
5026
0.0000
0.0000
0.0000
0.0000
0.25
-0.06
-0.12
0.00
-0.01
-0.01
0
3
1
0
5037
0.0000
0.0000
0.0000
0.0000
0.56
-0.12
-0.37
-0.01
0.01
0.00
0
3
1
0
5047
0.0000
0.0000
0.0000
0.0000
0.75
0.00
-0.56
0.00
0.00
0.00
0
3
1
0
5057
0.0000
0.0000
0.0000
0.0000
0.94
-0.19
-0.50
0.00
0.01
0.00
0
3
1
0
5067
0.0000
0.0000
0.0000
0.0000
0.63
-0.19
-0.37
-0.02
0.03
0.00
0
3
1
0
5078
0.0000
0.0000
0.0000
0.0000
0.19
0.00
-0.25
0.00
0.01
0.00
0
3
1
0
5087
0.0000
0.0000
0.0000
0.0000
-0.19
0.06
0.12
0.00
0.02
0.00
0
3
1
0
5097
0.0000
0.0000
0.0000
0.0000
-0.44
0.12
0.25
0.00
0.02
-0.02
0
3
1
0
5107
0.0000
0.0000
0.0000
0.0000
-0.81
0.06
0.44
0.00
0.02
-0.01
0
3
1
0
5117
0.0000
0.0000
0.0000
0.0000
-0.81
0.00
0.56
0.00
0.02
-0.02
0
3
1
0
5127
0.0000
0.0000
0.0000
0.0000
-0.69
0.00
0.44
-0.01
0.00
0.00
0
3
1
0
5137
0.0000
0.0000
0.0000
0.0000
-0.44
-0.19
0.31
-0.01
0.02
0.00
0
3
1
0
5147
0.0000
0.0000
0.0000
0.0000
0.06
0.12
0.00
-0.03
0.00
0.00
0
3
1
0
5157
0.0000
0.0000
0.0000
0.0000
0.37
-0.12
-0.19
0.00
0.00
-0.03
0
3
1
0
5168
0.0000
0.0000
0.0000
0.0000
0.69
-0.12
-0.37
-0.03
0.01
-0.01
0
3
1
0
5178
0.0000
0.0000
0.0000
0.0000
0.88
-0.19
-0.50
-0.01
0.00
0.00
0
3
1
0
5187
0.0000
0.0000
0.0000
0.0000
0.88
-0.19
-0.50
-0.03
0.01
0.00
0
3
1
0
5197
0.0000
0.0000
0.0000
0.0000
0.69
-0.06
-0.50
-0.03
0.01
-0.01
0
3
1
0
5208
0.0000
0.0000
0.0000
0.0000
0.44
-0.06
-0.19
-0.04
0.01
0.00
0
3
1
0
5218
0.0000
0.0000
0.0000
0.0000
0.12
-0.12
0.00
-0.04
0.02
0.00
0
3
1
0
5227
0.0000
0.0000
0.0000
0.0000
-0.12
0.00
0.00
-0.02
0.00
-0.01
0
3
1
0
5237
0.0000
0.0000
0.0000
0.0000
-0.44
0.12
0.25
-0.02
0.00
0.00
0
3
1
0
5248
0.0000
0.0000
0.0000
0.0000
-0.56
0.06
0.25
0.00
0.01
0.00
0
3
1
0
5258
0.0000
0.0000
0.0000
0.0000
-0.25
0.19
0.19
0.00
0.00
0.01
0
3
1
0
5267
0.0000
0.0000
0.0000
0.0000
-0.12
0.00
0.06
0.01
0.00
0.00
0
3
1
0
5277
0.0000
0.0000
0.0000
0.0000
0.19
-0.06
-0.06
0.00
0.00
0.00
0
3
1
0
5287
0.0000
0.0000
0.0000
0.0000
0.12
0.12
-0.37
0.00
0.00
0.00
0
3
1
0
5298
0.0000
0.0000
0.0000
0.0000
0.50
0.00
-0.37
0.01
0.00
0.00
0
3
1
0
5308
0.0000
0.0000
0.0000
0.0000
0.56
-0.19
-0.44
-0.01
-0.01
-0.01
0
3
1
0
5318
0.0000
0.0000
0.0000
0.0000
0.31
-0.19
-0.19
0.00
0.03
0.00
0
3
1
0
5327
0.0000
0.0000
0.0000
0.0000
0.19
-0.06
-0.12
0.00
0.04
0.01
0
3
1
0
5338
0.0000
0.0000
0.0000
0.0000
-0.06
-0.19
0.06
0.00
0.01
0.02
0
3
1
0
5348
0.0000
0.0000
0.0000
0.0000
-0.44
-0.19
0.12
0.00
0.01
-0.03
0
3
1
0
5358
0.0000
0.0000
0.0000
0.0000
-0.50
0.25
0.25
-0.01
0.02
-0.03
0
3
1
0
5367
0.0000
0.0000
0.0000
0.0000
-0.56
0.19
0.50
0.00
0.01
-0.01
0
3
1
0
5378
0.0000
0.0000
0.0000
0.0000
-0.56
0.06
0.25
-0.02
0.02
-0.01
0
3
1
0
5388
0.0000
0.0000
0.0000
0.0000
-0.56
-0.12
0.31
-0.03
0.04
0.00
0
3
1
0
5398
0.0000
0.0000
0.0000
0.0000
-0.31
-0.19
0.31
-0.02
0.04
-0.05
0
3
1
0
5408
0.0000
0.0000
0.0000
0.0000
-0.12
-0.06
0.00
-0.03
0.02
-0.04
0
3
1
0
5417
0.0000
0.0000
0.0000
0.0000
0.31
0.00
-0.12
0.00
0.01
-0.03
0
3
1
0
5428
0.0000
0.0000
0.0000
0.0000
0.44
-0.19
-0.19
-0.04
0.01
-0.01
0
3
1
0
5438
0.0000
0.0000
0.0000
0.0000
0.69
-0.19
-0.37
-0.02
0.02
0.00
0
3
1
0
5448
0.0000
0.0000
0.0000
0.0000
0.69
-0.19
-0.37
-0.01
0.02
0.00
0
3
1
0
5457
0.0000
0.0000
0.0000
0.0000
0.56
-0.19
-0.37
-0.01
0.02
0.01
0
3
1
0
5468
0.0000
0.0000
0.0000
0.0000
0.37
-0.06
-0.31
-0.01
0.03
0.00
0
3
1
0
5478
0.0000
0.0000
0.0000
0.0000
-0.31
0.06
-0.06
-0.01
0.02
0.01
0
3
1
0
5488
0.0000
0.0000
0.0000
0.0000
-0.31
0.06
-0.06
0.00
0.00
-0.01
0
3
1
0
5498
0.0000
0.0000
0.0000
0.0000
-0.37
0.19
0.19
0.00
0.00
-0.01
0
3
1
0
5508
0.0000
0.0000
0.0000
0.0000
-0.31
0.25
0.31
-0.01
0.00
0.00
0
3
1
0
5518
0.0000
0.0000
0.0000
0.0000
-0.25
-0.12
0.12
0.00
0.00
0.00
0
3
1
0
5528
0.0000
0.0000
0.0000
0.0000
0.06
-0.06
-0.19
0.00
0.00
0.00
0
3
1
0
5538
0.0000
0.0000
0.0000
0.0000
0.37
-0.06
-0.25
0.02
-0.01
0.00
0
3
1
0
5549
0.0000
0.0000
0.0000
0.0000
0.56
-0.06
-0.44
0.00
0.00
0.00
0
3
1
0
5558
0.0000
0.0000
0.0000
0.0000
0.81
0.00
-0.50
0.01
0.00
-0.01
0
3
1
0
5568
0.0000
0.0000
0.0000
0.0000
0.94
-0.06
-0.31
-0.01
0.02
-0.01
0
3
1
0
5578
0.0000
0.0000
0.0000
0.0000
0.44
-0.31
-0.31
0.00
0.00
0.00
0
3
1
0
5588
0.0000
0.0000
0.0000
0.0000
0.19
-0.12
-0.12
0.00
0.00
0.00
0
3
1
0
5598
0.0000
0.0000
0.0000
0.0000
-0.37
-0.12
0.31
-0.02
0.04
0.00
0
3
1
0
5608
0.0000
0.0000
0.0000
0.0000
-1.06
-0.06
0.56
-0.02
0.04
-0.03
0
3
1
0
5618
0.0000
0.0000
0.0000
0.0000
-1.44
0.12
0.75
-0.03
0.05
0.00
0
3
1
0
5628
0.2501
-0.9658
-0.0688
0.0000
-1.69
0.25
1.00
-0.04
0.02
0.00
0
