
1586
0.0000
0.0000
0.0000
0.0000
0.00
0.00
0.00
0.00
0.00
0.00
0
0
0
0
1594
0.0000
0.0000
0.0000
0.0000
0.00
0.00
0.00
0.00
0.00
0.00
0
0
0
0
1603
0.0000
0.0000
0.0000
0.0000
0.00
0.00
0.00
0.00
0.00
0.00
0
0
0
0
1611
0.0000
0.0000
0.0000
0.0000
0.00
0.00
0.00
0.00
0.00
0.00
0
0
0
0
1620
0.0000
0.0000
0.0000
0.0000
0.00
0.00
0.00
0.00
0.00
0.00
0
0
0
0
1629
0.0000
0.0000
0.0000
0.0000
0.00
0.00
0.00
0.00
0.00
0.00
0
0
0
0
1638
0.0000
0.0000
0.0000
0.0000
0.00
0.00
0.00
0.00
0.00
0.00
0
0
0
0
1646
0.0000
0.0000
0.0000
0.0000
0.00
0.00
0.00
0.00
0.00
0.00
0
0
0
0
1655
0.0000
0.0000
0.0000
0.0000
0.00
0.00
0.00
0.00
0.00
0.00
0
0
0
0
1664
0.0000
0.0000
0.0000
0.0000
0.00
0.00
0.00
0.00
0.00
0.00
0
0
0
0
1673
0.0000
0.0000
0.0000
0.0000
0.00
0.00
0.00
0.00
0.00
0.00
0
0
0
0
1682
0.0000
0.0000
0.0000
0.0000
0.00
0.00
0.00
0.00
0.00
0.00
0
0
0
0
1690
0.0000
0.0000
0.0000
0.0000
0.00
0.00
0.00
0.00
0.00
0.00
0
0
0
0
1699
0.0000
0.0000
0.0000
0.0000
0.00
0.00
0.00
0.00
0.00
0.00
0
0
0
0
1708
0.0000
0.0000
0.0000
0.0000
0.00
0.00
0.00
0.00
0.00
0.00
0
0
0
0
1717
0.0000
0.0000
0.0000
0.0000
0.00
0.00
0.00
0.00
0.00
0.00
0
0
0
0
1725
0.0000
0.0000
0.0000
0.0000
0.00
0.00
0.00
0.00
0.00
0.00
0
0
0
0
1734
0.0000
0.0000
0.0000
0.0000
0.00
0.00
0.00
0.00
0.00
0.00
0
0
0
0
1742
0.0000
0.0000
0.0000
0.0000
0.00
0.00
0.00
0.00
0.00
0.00
0
0
0
0
1752
0.0000
0.0000
0.0000
0.0000
0.00
0.00
0.00
0.00
0.00
0.00
0
0
0
0
1761
0.0000
0.0000
0.0000
0.0000
0.00
0.00
0.00
0.00
0.00
0.00
0
0
0
0
1769
0.0000
0.0000
0.0000
0.0000
0.00
0.00
0.00
0.00
0.00
0.00
0
0
0
0
1778
0.0000
0.0000
0.0000
0.0000
0.00
0.00
0.00
0.00
0.00
0.00
0
0
0
0
1786
0.0000
0.0000
0.0000
0.0000
0.00
0.00
0.00
0.00
0.00
0.00
0
0
0
0
1796
0.0000
0.0000
0.0000
0.0000
0.00
0.00
0.00
0.00
0.00
0.00
0
0
0
0
1804
0.0000
0.0000
0.0000
0.0000
0.00
0.00
0.00
0.00
0.00
0.00
0
0
0
0
1813
0.0000
0.0000
0.0000
0.0000
0.00
0.00
0.00
0.00
0.00
0.00
0
0
0
0
1821
0.0000
0.0000
0.0000
0.0000
0.00
0.00
0.00
0.00
0.00
0.00
0
0
0
0
1830
0.0000
0.0000
0.0000
0.0000
0.00
0.00
0.00
0.00
0.00
0.00
0
0
0
0
1840
0.0000
0.0000
0.0000
0.0000
0.00
0.00
0.00
0.00
0.00
0.00
0
0
0
0
1848
0.0000
0.0000
0.0000
0.0000
0.00
0.00
0.00
0.00
0.00
0.00
0
0
0
0
1857
0.0000
0.0000
0.0000
0.0000
0.00
0.00
0.00
0.00
0.00
0.00
0
0
0
0
1865
0.0000
0.0000
0.0000
0.0000
0.00
0.00
0.00
0.00
0.00
0.00
0
0
0
0
1874
0.0000
0.0000
0.0000
0.0000
0.00
0.00
0.00
0.00
0.00
0.00
0
0
0
0
1883
0.0000
0.0000
0.0000
0.0000
0.00
0.00
0.00
0.00
0.00
0.00
0
0
0
0
1892
0.0000
0.0000
0.0000
0.0000
0.00
0.00
0.00
0.00
0.00
0.00
0
0
0
0
1901
0.0000
0.0000
0.0000
0.0000
0.00
0.00
0.00
0.00
0.00
0.00
0
0
0
0
1909
0.0000
0.0000
0.0000
0.0000
0.00
0.00
0.00
0.00
0.00
0.00
0
0
0
0
1918
0.0000
0.0000
0.0000
0.0000
0.00
0.00
0.00
0.00
0.00
0.00
0
0
0
0
1927
0.0000
0.0000
0.0000
0.0000
0.00
0.00
0.00
0.00
0.00
0.00
0
0
0
0
1936
0.0000
0.0000
0.0000
0.0000
0.00
0.00
0.00
0.00
0.00
0.00
0
0
0
0
1944
0.0000
0.0000
0.0000
0.0000
0.00
0.00
0.00
0.00
0.00
0.00
0
0
0
0
1953
0.0000
0.0000
0.0000
0.0000
0.00
0.00
0.00
0.00
0.00
0.00
0
0
0
0
1961
0.0000
0.0000
0.0000
0.0000
0.00
0.00
0.00
0.00
0.00
0.00
0
0
0
0
1971
0.0000
0.0000
0.0000
0.0000
0.00
0.00
0.00
0.00
0.00
0.00
0
0
0
0
1980
0.0000
0.0000
0.0000
0.0000
0.00
0.00
0.00
0.00
0.00
0.00
0
0
0
0
1988
0.0000
0.0000
0.0000
0.0000
0.00
0.00
0.00
0.00
0.00
0.00
0
0
0
0
1997
0.0000
0.0000
0.0000
0.0000
0.00
0.00
0.00
0.00
0.00
0.00
0
0
0
0
2006
0.0000
0.0000
0.0000
0.0000
0.00
0.00
0.00
0.00
0.00
0.00
0
0
0
0
2015
0.0000
0.0000
0.0000
0.0000
0.00
0.00
0.00
0.00
0.00
0.00
0
0
0
0
2023
0.0000
0.0000
0.0000
0.0000
0.00
0.00
0.00
0.00
0.00
0.00
0
0
0
0
2032
0.0000
0.0000
0.0000
0.0000
0.00
0.00
0.00
0.00
0.00
0.00
0
0
0
0
2040
0.0000
0.0000
0.0000
0.0000
0.00
0.00
0.00
0.00
0.00
0.00
0
0
0
0
2050
0.0000
0.0000
0.0000
0.0000
0.00
0.00
0.00
0.00
0.00
0.00
0
0
0
0
2061
0.0000
0.0000
0.0000
0.0000
0.00
0.00
0.00
0.00
0.00
0.00
0
0
0
0
2069
0.0000
0.0000
0.0000
0.0000
0.00
0.00
0.00
0.00
0.00
0.00
0
0
0
0
2081
0.0000
0.0000
0.0000
0.0000
0.00
0.00
0.00
0.00
0.00
0.00
0
3
0
0
2091
0.0000
0.0000
0.0000
0.0000
0.00
0.06
0.06
0.00
0.00
0.00
0
3
0
0
2101
0.0000
0.0000
0.0000
0.0000
0.12
0.06
0.00
0.00
0.00
0.00
0
3
0
0
2113
0.0000
0.0000
0.0000
0.0000
0.00
0.06
0.00
0.00
0.00
0.00
0
3
0
0
2126
0.0000
0.0000
0.0000
0.0000
0.00
-0.06
-0.06
0.00
0.00
0.00
0
3
0
0
2138
0.0000
0.0000
0.0000
0.0000
-0.06
0.00
-0.06
0.00
-0.03
0.20
0
3
0
0
2148
0.1307
0.9870
-0.0156
-0.0001
-0.12
-0.19
0.06
-0.02
-0.05
0.14
0
3
0
0
2158
0.1307
0.9870
-0.0938
0.0000
0.00
0.06
-0.06
0.01
-0.04
0.17
0
3
0
0
2168
0.1307
0.9870
-0.0938
0.0000
0.12
-0.19
0.00
0.00
-0.04
0.16
0
3
0
0
2179
0.1307
0.9870
-0.0938
0.0000
0.06
-0.06
0.00
0.00
-0.03
0.19
0
3
0
0
2189
0.1307
0.9870
-0.0938
0.0000
0.00
-0.06
0.12
0.00
-0.04
0.19
0
3
0
0
2199
0.1307
0.9870
-0.0938
0.0000
-0.06
0.00
0.12
-0.01
-0.03
0.15
0
3
0
0
2209
0.1307
0.9870
-0.0938
0.0000
-0.12
0.00
0.00
-0.02
-0.04
0.17
0
3
0
0
2219
0.1307
0.9870
-0.0938
0.0000
0.12
0.12
0.00
0.00
-0.04
0.17
0
3
0
0
2229
0.1307
0.9870
-0.0938
0.0000
0.19
0.12
0.06
0.00
-0.02
0.17
0
3
1
0
2238
0.1307
0.9870
-0.0938
0.0000
-0.12
-0.06
-0.06
0.00
0.01
0.00
0
3
1
0
2248
0.1307
0.9870
-0.0938
0.0000
-0.12
0.00
0.00
0.01
0.00
-0.01
0
3
1
0
2258
0.1307
0.9870
-0.0938
0.0000
0.00
-0.19
0.00
-0.01
-0.01
0.01
0
3
1
0
2269
0.1307
0.9870
-0.0938
0.0000
0.00
-0.12
0.00
-0.01
0.00
0.02
0
3
1
0
2279
0.1307
0.9870
-0.0938
0.0000
0.06
0.06
-0.06
0.00
0.00
0.01
0
3
1
0
2288
0.1307
0.9870
-0.0938
0.0000
0.06
0.06
0.00
0.00
0.00
0.02
0
3
1
0
2298
0.1307
0.9870
-0.0938
0.0000
-0.06
0.00
-0.06
-0.02
-0.01
0.00
0
3
1
0
2309
0.1307
0.9870
-0.0938
0.0000
-0.06
0.12
0.12
-0.02
0.00
0.02
0
3
1
0
2319
0.1307
0.9870
-0.0938
0.0000
0.19
-0.19
0.12
0.00
-0.02
0.01
0
3
1
0
2329
0.1307
0.9870
-0.0938
0.0000
0.06
0.06
-0.12
-0.02
0.02
0.04
0
3
1
0
2338
0.1307
0.9870
-0.0938
0.0000
0.00
-0.06
0.00
0.00
0.01
0.03
0
3
1
0
2349
0.1307
0.9870
-0.0938
0.0000
0.00
0.00
0.06
-0.02
0.01
0.01
0
3
1
0
2359
0.1307
0.9870
-0.0938
0.0000
-0.06
-0.06
0.00
0.00
0.00
0.00
0
3
1
0
2368
0.1307
0.9870
-0.0938
0.0000
0.00
-0.06
0.00
-0.02
-0.01
0.04
0
3
1
0
2378
0.1307
0.9870
-0.0938
0.0000
-0.12
-0.19
0.06
0.00
0.00
0.01
0
3
1
0
2388
0.1307
0.9870
-0.0938
0.0000
0.00
0.00
0.06
-0.01
-0.01
0.00
0
3
1
0
2399
0.1307
0.9870
-0.0938
0.0000
0.12
-0.06
0.00
0.00
-0.01
-0.01
0
3
1
0
2408
0.1307
0.9870
-0.0938
0.0000
0.12
-0.12
0.19
0.00
-0.01
0.00
0
3
1
0
2418
0.1307
0.9870
-0.0938
0.0000
-0.06
-0.12
0.00
0.00
0.01
0.01
0
3
1
0
2428
0.1307
0.9870
-0.0938
0.0000
-0.12
-0.06
0.06
0.00
0.00
0.05
0
3
1
0
2439
0.1307
0.9870
-0.0938
0.0000
0.00
0.06
0.06
-0.01
0.00
0.00
0
3
1
0
2448
0.1307
0.9870
-0.0938
0.0000
0.06
-0.12
0.00
-0.01
0.00
0.02
0
3
1
0
2458
0.1307
0.9870
-0.0938
0.0000
0.00
-0.19
0.00
0.00
-0.01
0.01
0
3
1
0
2468
0.1307
0.9870
-0.0938
0.0000
0.06
0.06
-0.06
0.00
0.00
0.02
0
3
1
0
2479
0.1307
0.9870
-0.0938
0.0000
0.06
0.00
0.12
-0.01
0.01
0.01
0
3
1
0
2488
0.1307
0.9870
-0.0938
0.0000
-0.06
-0.06
0.06
0.00
0.00
0.01
0
3
1
0
2498
0.1307
0.9870
-0.0938
0.0000
-0.06
-0.12
0.00
-0.01
-0.01
0.02
0
3
1
0
2508
0.1307
0.9870
-0.0938
0.0000
-0.06
0.06
0.00
-0.02
0.00
0.01
0
3
1
0
2519
0.1307
0.9870
-0.0938
0.0000
0.06
0.00
0.06
-0.01
0.00
0.02
0
3
1
0
2529
0.1307
0.9870
-0.0938
0.0000
0.19
0.06
-0.06
-0.02
0.00
0.00
0
3
1
0
2538
0.1307
0.9870
-0.0938
0.0000
-0.12
-0.12
0.00
0.01
0.00
0.00
0
3
1
0
2548
0.1307
0.9870
-0.0938
0.0000
-0.06
-0.12
0.00
-0.01
0.00
0.02
0
3
1
0
2558
0.1307
0.9870
-0.0938
0.0000
0.25
-0.06
0.19
0.00
0.00
0.00
0
3
1
0
2568
0.1307
0.9870
-0.0938
0.0000
-0.06
0.00
0.06
0.00
0.00
0.02
0
3
1
0
2578
0.1307
0.9870
-0.0938
0.0000
-0.06
-0.06
0.00
0.01
-0.01
0.02
0
3
1
0
2588
0.1307
0.9870
-0.0938
0.0000
0.00
-0.19
0.19
0.00
0.00
0.02
0
3
1
0
2598
0.1307
0.9870
-0.0938
0.0000
0.00
-0.12
0.06
0.00
-0.01
0.01
0
3
1
0
2608
0.1307
0.9870
-0.0938
0.0000
0.00
-0.19
0.06
-0.01
0.00
0.02
0
3
1
0
2618
0.1307
0.9870
-0.0938
0.0000
0.00
0.06
0.00
0.00
0.00
0.01
0
3
1
0
2628
0.1307
0.9870
-0.0938
0.0000
0.06
0.00
0.06
0.00
0.00
0.03
0
3
1
0
2638
0.1307
0.9870
-0.0938
0.0000
-0.12
-0.06
0.12
-0.04
-0.01
0.04
0
3
1
0
2648
0.1307
0.9870
-0.0938
0.0000
-0.12
0.12
-0.12
-0.03
0.00
0.00
0
3
1
0
2658
0.1307
0.9870
-0.0938
0.0000
0.06
-0.06
-0.06
-0.01
0.01
0.00
0
3
1
0
2668
0.1307
0.9870
-0.0938
0.0000
0.06
0.06
0.06
0.00
0.00
0.02
0
3
1
0
2678
0.1307
0.9870
-0.0938
0.0000
-0.12
0.00
-0.12
-0.02
0.00
0.00
0
3
1
0
2688
0.1307
0.9870
-0.0938
0.0000
-0.12
0.06
-0.06
0.00
0.01
0.02
0
3
1
0
2698
0.1307
0.9870
-0.0938
0.0000
0.12
0.12
0.06
0.00
0.00
0.01
0
3
1
0
2708
0.1307
0.9870
-0.0938
0.0000
-0.12
-0.12
0.12
-0.01
0.00
0.01
0
3
1
0
2718
0.1307
0.9870
-0.0938
0.0000
0.00
0.00
0.12
-0.03
0.00
0.01
0
3
1
0
2728
0.1307
0.9870
-0.0938
0.0000
-0.06
0.06
-0.12
-0.01
0.00
0.03
0
3
1
0
2738
0.1307
0.9870
-0.0938
0.0000
0.12
0.19
0.06
-0.03
-0.02
0.04
0
3
1
0
2748
0.1307
0.9870
-0.0938
0.0000
0.00
-0.06
0.00
-0.02
0.00
0.00
0
3
1
0
2758
0.1307
0.9870
-0.0938
0.0000
0.00
0.00
-0.06
-0.01
-0.01
0.00
0
3
1
0
2767
0.1307
0.9870
-0.0938
0.0000
-0.12
-0.12
0.00
0.00
0.00
0.01
0
3
1
0
2778
0.1307
0.9870
-0.0938
0.0000
-0.06
-0.12
0.06
-0.01
0.00
-0.01
0
3
1
0
2788
0.1307
0.9870
-0.0938
0.0000
0.06
-0.06
0.06
0.00
-0.01
0.03
0
3
1
0
2798
0.1307
0.9870
-0.0938
0.0000
0.00
-0.25
0.00
-0.02
0.00
-0.01
0
3
1
0
2808
0.1307
0.9870
-0.0938
0.0000
-0.06
0.06
0.06
0.00
0.00
0.04
0
3
1
0
2818
0.1307
0.9870
-0.0938
0.0000
0.06
0.00
0.00
0.00
0.00
0.01
0
3
1
0
2828
0.1307
0.9870
-0.0938
0.0000
0.06
-0.06
-0.19
0.00
0.00
0.03
0
3
1
0
2838
0.1307
0.9870
-0.0938
0.0000
-0.06
0.00
0.00
-0.01
0.01
0.01
0
3
1
0
2847
0.1307
0.9870
-0.0938
0.0000
0.00
-0.12
0.12
-0.01
0.01
-0.01
0
3
1
0
2857
0.1307
0.9870
-0.0938
0.0000
0.06
0.00
0.06
-0.04
0.00
0.02
0
3
1
0
2868
0.1307
0.9870
-0.0938
0.0000
0.12
0.12
0.12
0.00
-0.01
0.01
0
3
1
0
2878
0.1307
0.9870
-0.0938
0.0000
0.06
0.37
0.00
0.00
-0.02
0.01
0
3
1
0
2888
0.1307
0.9870
-0.0938
0.0000
0.06
0.12
0.00
0.00
0.00
0.02
0
3
1
0
2897
0.1307
0.9870
-0.0938
0.0000
-0.06
0.06
-0.06
0.00
-0.01
0.00
0
3
1
0
2908
0.1307
0.9870
-0.0938
0.0000
-0.12
-0.19
0.00
-0.02
0.00
0.02
0
3
1
0
2918
0.1307
0.9870
-0.0938
0.0000
-0.06
-0.06
0.00
0.01
-0.02
0.02
0
3
1
0
2928
0.1307
0.9870
-0.0938
0.0000
0.31
-0.06
0.12
-0.02
0.00
0.01
0
3
1
0
2937
0.1307
0.9870
-0.0938
0.0000
0.12
0.12
0.00
0.00
0.00
0.01
0
3
1
0
2948
0.1307
0.9870
-0.0938
0.0000
-0.06
0.12
-0.06
0.02
0.00
0.00
0
3
1
0
2958
0.1307
0.9870
-0.0938
0.0000
-0.19
0.00
0.00
-0.01
0.00
0.01
0
3
1
0
2967
0.1307
0.9870
-0.0938
0.0000
0.12
-0.12
0.19
0.00
0.00
0.02
0
3
1
0
2977
0.1307
0.9870
-0.0938
0.0000
-0.06
0.00
0.00
-0.01
-0.01
0.02
0
3
1
0
2988
0.1307
0.9870
-0.0938
0.0000
0.00
0.19
-0.19
-0.02
0.00
0.03
0
3
1
0
2998
0.1307
0.9870
-0.0938
0.0000
0.06
-0.06
0.12
0.00
0.01
0.02
0
3
1
0
3007
0.1307
0.9870
-0.0938
0.0000
0.12
0.00
0.06
0.00
-0.01
0.03
0
3
1
0
3017
0.1307
0.9870
-0.0938
0.0000
-0.19
-0.06
-0.06
-0.02
0.01
0.02
0
3
1
0
3027
0.1307
0.9870
-0.0938
0.0000
-0.25
-0.12
0.06
-0.03
0.00
0.03
0
3
1
0
3038
0.1307
0.9870
-0.0938
0.0000
0.12
-0.19
0.06
-0.02
-0.01
0.07
0
3
1
0
3048
0.1307
0.9870
-0.0938
0.0000
0.19
0.06
0.00
-0.03
0.00
0.02
0
3
1
0
3057
0.1307
0.9870
-0.0938
0.0000
-0.12
0.00
-0.06
0.00
0.00
0.02
0
3
1
0
3067
0.1307
0.9870
-0.0938
0.0000
0.00
-0.06
0.06
-0.02
-0.01
0.03
0
3
1
0
3078
0.1307
0.9870
-0.0938
0.0000
0.00
-0.12
0.12
-0.02
-0.01
0.00
0
3
1
0
3088
0.1307
0.9870
-0.0938
0.0000
-0.06
-0.06
0.12
-0.03
0.00
0.02
0
3
1
0
3097
0.1307
0.9870
-0.0938
0.0000
-0.19
0.12
0.00
-0.01
0.02
0.01
0
3
1
0
3107
0.1307
0.9870
-0.0938
0.0000
0.06
-0.12
0.06
-0.02
-0.02
0.01
0
3
1
0
3118
0.1307
0.9870
-0.0938
0.0000
0.12
-0.19
0.06
0.00
0.00
0.01
0
3
1
0
3128
0.1307
0.9870
-0.0938
0.0000
-0.06
-0.12
0.00
-0.01
0.00
0.03
0
3
1
0
3137
0.1307
0.9870
-0.0938
0.0000
0.00
-0.06
0.06
-0.01
0.00
0.03
0
3
1
0
3147
0.1307
0.9870
-0.0938
0.0000
0.06
-0.25
0.19
-0.02
-0.01
0.01
0
3
1
0
3158
0.1307
0.9870
-0.0938
0.0000
0.00
-0.06
0.06
0.00
0.02
0.02
0
3
1
0
3167
0.1307
0.9870
-0.0938
0.0000
0.06
0.06
-0.19
-0.01
0.01
0.00
0
3
1
0
3177
0.1307
0.9870
-0.0938
0.0000
-0.06
0.19
0.00
0.00
0.00
0.01
0
3
1
0
3187
0.1307
0.9870
-0.0938
0.0000
0.06
0.00
0.00
0.00
0.00
0.00
0
3
1
0
3197
0.1307
0.9870
-0.0938
0.0000
0.06
-0.12
-0.12
0.00
0.00
0.00
0
3
1
0
3208
0.1307
0.9870
-0.0938
0.0000
0.06
0.06
0.06
0.00
-0.03
-0.01
0
3
1
0
3217
0.1307
0.9870
-0.0938
0.0000
0.00
-0.12
0.12
-0.01
-0.01
0.01
0
3
1
0
3227
0.1307
0.9870
-0.0938
0.0000
-0.06
0.06
0.06
-0.01
0.00
0.02
0
3
1
0
3237
0.1307
0.9870
-0.0938
0.0000
0.00
-0.06
0.06
-0.01
0.00
0.05
0
3
1
0
3248
0.1307
0.9870
-0.0938
0.0000
0.00
-0.06
0.06
0.00
0.02
-0.02
0
3
1
0
3257
0.1307
0.9870
-0.0938
0.0000
0.06
0.00
0.00
-0.01
0.01
0.00
0
3
1
0
3267
0.1307
0.9870
-0.0938
0.0000
0.06
0.00
-0.06
-0.02
0.01
0.03
0
3
1
0
3277
0.1307
0.9870
-0.0938
0.0000
-0.06
0.06
-0.12
-0.04
0.01
0.02
0
3
1
0
3288
0.1307
0.9870
-0.0938
0.0000
-0.06
-0.12
0.12
-0.02
0.00
0.02
0
3
1
0
3297
0.1307
0.9870
-0.0938
0.0000
0.00
0.19
0.00
-0.02
-0.01
0.00
0
3
1
0
3307
0.1307
0.9870
-0.0938
0.0000
0.06
0.12
0.00
-0.01
0.00
-0.01
0
3
1
0
3317
0.1307
0.9870
-0.0938
0.0000
0.06
0.19
-0.06
0.00
0.00
0.00
0
3
1
0
3328
0.1307
0.9870
-0.0938
0.0000
0.19
0.25
0.00
0.01
0.00
0.00
0
3
1
0
3337
0.1307
0.9870
-0.0938
0.0000
0.06
0.00
0.06
0.01
0.02
0.00
0
3
1
0
3347
0.1307
0.9870
-0.0938
0.0000
-0.19
0.00
0.00
-0.02
0.00
0.02
0
3
1
0
3357
0.1307
0.9870
-0.0938
0.0000
0.00
-0.12
0.19
-0.02
-0.01
0.00
0
3
1
0
3367
0.1307
0.9870
-0.0938
0.0000
0.00
-0.25
0.12
-0.03
0.00
0.02
0
3
1
0
3378
0.1307
0.9870
-0.0938
0.0000
-0.12
0.19
-0.06
-0.02
0.00
0.02
0
3
1
0
3387
0.1307
0.9870
-0.0938
0.0000
0.19
0.25
0.00
-0.01
0.00
0.02
0
3
1
0
3397
0.1307
0.9870
-0.0938
0.0000
0.00
0.06
-0.06
0.00
0.00
0.01
0
3
1
0
3407
0.1307
0.9870
-0.0938
0.0000
0.00
0.00
0.00
-0.02
0.00
0.02
0
3
1
0
3417
0.1307
0.9870
-0.0938
0.0000
-0.12
-0.06
0.00
-0.01
0.02
0.01
0
3
1
0
3427
0.1307
0.9870
-0.0938
0.0000
-0.06
-0.12
0.19
0.00
0.01
0.04
0
3
1
0
3437
0.1307
0.9870
-0.0938
0.0000
0.00
0.00
0.12
-0.02
0.01
0.02
0
3
1
0
3447
0.1307
0.9870
-0.0938
0.0000
0.00
0.00
-0.06
0.00
0.02
0.02
0
3
1
0
3457
0.1307
0.9870
-0.0938
0.0000
-0.12
0.06
0.00
-0.01
0.00
0.00
0
3
1
0
3467
0.1307
0.9870
-0.0938
0.0000
-0.06
0.06
0.00
0.00
0.00
0.02
0
3
1
0
3477
0.1307
0.9870
-0.0938
0.0000
0.06
0.00
0.00
0.00
0.01
0.01
0
3
1
0
3487
0.1307
0.9870
-0.0938
0.0000
-0.06
0.06
-0.06
0.00
0.00
0.00
0
3
1
0
3496
0.1307
0.9870
-0.0938
0.0000
-0.06
-0.12
0.12
0.00
-0.02
0.01
0
3
1
0
3507
0.1307
0.9870
-0.0938
0.0000
0.06
-0.19
0.06
-0.02
0.00
0.03
0
3
1
0
3517
0.1307
0.9870
-0.0938
0.0000
-0.19
-0.25
0.06
-0.01
0.00
0.00
0
3
1
0
3527
0.1307
0.9870
-0.0938
0.0000
0.00
0.06
0.06
-0.02
-0.01
0.03
0
3
1
0
3536
0.1307
0.9870
-0.0938
0.0000
0.00
0.19
0.00
-0.01
0.00
0.01
0
3
1
0
3547
0.1307
0.9870
-0.0938
0.0000
0.00
0.06
0.00
0.00
0.01
0.02
0
3
1
0
3557
0.1307
0.9870
-0.0938
0.0000
-0.12
0.06
0.06
0.00
0.00
0.01
0
3
1
0
3567
0.1307
0.9870
-0.0938
0.0000
0.00
-0.06
-0.06
0.01
0.00
0.02
0
3
1
0
3577
0.1307
0.9870
-0.0938
0.0000
-0.12
0.00
0.19
-0.02
0.01
0.01
0
3
1
0
3587
0.1307
0.9870
-0.0938
0.0000
0.00
-0.25
0.06
-0.03
0.00
0.01
0
3
1
0
3597
0.1307
0.9870
-0.0938
0.0000
0.06
-0.06
0.12
-0.03
0.02
0.03
0
3
1
0
3607
0.1307
0.9870
-0.0938
0.0000
0.00
-0.19
0.06
-0.01
0.00
0.02
0
3
1
0
3616
0.1307
0.9870
-0.0938
0.0000
0.12
0.00
0.06
0.01
0.00
0.01
0
3
1
0
3627
0.1307
0.9870
-0.0938
0.0000
0.12
0.00
-0.06
0.00
0.00
0.02
0
3
1
0
3637
0.1307
0.9870
-0.0938
0.0000
-0.06
0.19
0.00
-0.01
0.01
0.02
0
3
1
0
3647
0.1307
0.9870
-0.0938
0.0000
0.00
-0.06
-0.06
-0.02
0.02
0.01
0
3
1
0
3656
0.1307
0.9870
-0.0938
0.0000
-0.12
0.00
0.12
-0.01
0.00
0.00
0
3
1
0
3666
0.1307
0.9870
-0.0938
0.0000
0.00
-0.12
0.19
-0.01
0.00
0.01
0
3
1
0
3677
0.1307
0.9870
-0.0938
0.0000
0.00
-0.06
0.06
0.00
0.00
0.00
0
3
1
0
3687
0.1307
0.9870
-0.0938
0.0000
0.06
0.00
0.12
0.00
0.00
0.00
0
3
1
0
3696
0.1307
0.9870
-0.0938
0.0000
0.12
0.00
-0.12
0.00
0.00
0.00
0
3
1
0
3706
0.1307
0.9870
-0.0938
0.0000
0.00
0.00
-0.06
-0.01
0.00
0.02
0
3
1
0
3717
0.1307
0.9870
-0.0938
0.0000
-0.06
0.12
-0.19
-0.01
0.02
0.02
0
3
1
0
3727
0.1307
0.9870
-0.0938
0.0000
0.00
-0.06
0.00
-0.02
0.00
0.02
0
3
1
0
3736
0.1307
0.9870
-0.0938
0.0000
0.00
-0.12
0.12
-0.02
0.00
0.01
0
3
1
0
3746
0.1307
0.9870
-0.0938
0.0000
0.06
-0.12
0.06
-0.01
0.01
0.02
0
3
1
0
3757
0.1307
0.9870
-0.0938
0.0000
-0.12
0.19
-0.12
-0.01
0.00
0.03
0
3
1
0
3767
0.1307
0.9870
-0.0938
0.0000
0.12
0.06
0.06
-0.02
0.01
0.04
0
3
1
0
3777
0.1307
0.9870
-0.0938
0.0000
0.00
0.06
0.12
-0.01
0.01
-0.01
0
3
1
0
3786
0.1307
0.9870
-0.0938
0.0000
0.00
0.06
-0.06
-0.01
-0.01
0.04
0
3
1
0
3796
0.1307
0.9870
-0.0938
0.0000
0.00
-0.06
0.12
-0.01
0.00
0.02
0
3
1
0
3807
0.1307
0.9870
-0.0938
0.0000
0.00
-0.19
0.00
-0.01
0.00
0.01
0
3
1
0
3816
0.1307
0.9870
-0.0938
0.0000
0.00
0.00
0.00
-0.03
-0.01
0.03
0
3
1
0
3826
0.1307
0.9870
-0.0938
0.0000
0.00
0.12
0.00
-0.02
0.00
0.03
0
3
1
0
3836
0.1307
0.9870
-0.0938
0.0000
0.00
0.25
-0.06
0.00
0.00
0.01
0
3
1
0
3847
0.1307
0.9870
-0.0938
0.0000
0.06
0.00
0.06
-0.01
-0.01
0.00
0
3
1
0
3856
0.1307
0.9870
-0.0938
0.0000
-0.06
-0.12
0.00
-0.01
-0.01
0.00
0
3
1
0
3866
0.1307
0.9870
-0.0938
0.0000
0.06
-0.19
0.00
0.00
0.00
0.02
0
3
1
0
3876
0.1307
0.9870
-0.0938
0.0000
0.00
-0.06
0.06
-0.01
0.00
0.02
0
3
1
0
3887
0.1307
0.9870
-0.0938
0.0000
-0.06
-0.12
0.06
-0.01
-0.02
0.03
0
3
1
0
3896
0.1307
0.9870
-0.0938
0.0000
0.06
0.06
0.06
0.00
0.01
0.02
0
3
1
0
3906
0.1307
0.9870
-0.0938
0.0000
0.06
-0.12
-0.06
0.00
0.00
0.03
0
3
1
0
3916
0.1307
0.9870
-0.0938
0.0000
-0.06
0.00
0.00
0.00
0.01
0.00
0
3
1
0
3927
0.1307
0.9870
-0.0938
0.0000
-0.12
0.06
0.06
0.00
0.00
0.01
0
3
1
0
3936
0.1307
0.9870
-0.0938
0.0000
0.06
0.00
0.19
-0.02
0.00
0.03
0
3
1
0
3946
0.1307
0.9870
-0.0938
0.0000
-0.06
0.06
0.00
-0.01
-0.03
0.02
0
3
1
0
3956
0.1307
0.9870
-0.0938
0.0000
-0.06
0.12
0.06
-0.03
0.00
0.00
0
3
1
0
3966
0.1307
0.9870
-0.0938
0.0000
0.06
0.00
-0.06
-0.01
0.01
0.02
0
3
1
0
3977
0.1307
0.9870
-0.0938
0.0000
-0.06
0.00
0.06
-0.02
-0.01
0.03
0
3
1
0
3986
0.1307
0.9870
-0.0938
0.0000
-0.06
-0.06
0.06
0.00
0.00
0.01
0
3
1
0
3996
0.1307
0.9870
-0.0938
0.0000
-0.06
-0.06
-0.06
0.00
-0.01
-0.01
0
3
1
0
4006
0.1307
0.9870
-0.0938
0.0000
-0.06
0.25
0.12
0.00
-0.01
0.03
0
3
1
0
4016
0.1307
0.9870
-0.0938
0.0000
0.00
-0.12
0.00
-0.01
0.00
0.02
0
3
1
0
4026
0.1307
0.9870
-0.0938
0.0000
0.00
-0.12
0.06
0.00
0.00
0.02
0
3
1
0
4036
0.1307
0.9870
-0.0938
0.0000
-0.06
-0.06
0.19
0.00
0.00
0.01
0
3
1
0
4046
0.1307
0.9870
-0.0938
0.0000
-0.06
-0.06
0.06
-0.01
0.00
-0.01
0
3
1
0
4057
0.1307
0.9870
-0.0938
0.0000
0.00
0.00
0.00
-0.03
0.00
0.01
0
3
1
0
4066
0.1307
0.9870
-0.0938
0.0000
-0.12
-0.12
0.19
-0.03
0.00
0.02
0
3
1
0
4076
0.1307
0.9870
-0.0938
0.0000
-0.06
0.00
-0.06
-0.02
0.00
0.05
0
3
1
0
4086
0.1307
0.9870
-0.0938
0.0000
0.00
0.19
0.00
-0.01
-0.01
0.03
0
3
1
0
4096
0.1307
0.9870
-0.0938
0.0000
0.12
0.00
0.00
-0.02
-0.01
0.01
0
3
1
0
4106
0.1307
0.9870
-0.0938
0.0000
-0.06
-0.06
-0.06
-0.02
0.00
0.02
0
3
1
0
4116
0.1307
0.9870
-0.0938
0.0000
0.00
-0.06
0.06
0.00
0.00
0.02
0
3
1
0
4126
0.1307
0.9870
-0.0938
0.0000
-0.06
-0.06
-0.12
0.00
0.01
0.04
0
3
1
0
4135
0.1307
0.9870
-0.0938
0.0000
-0.06
0.06
0.00
-0.01
0.02
0.00
0
3
1
0
4146
0.1307
0.9870
-0.0938
0.0000
0.00
0.06
0.00
0.00
0.01
-0.01
0
3
1
0
4156
0.1307
0.9870
-0.0938
0.0000
0.06
0.00
0.00
-0.02
0.01
0.00
0
3
1
0
4166
0.1307
0.9870
-0.0938
0.0000
0.06
-0.06
0.12
0.00
0.02
0.02
0
3
1
0
4176
0.1307
0.9870
-0.0938
0.0000
0.00
-0.12
0.00
0.00
0.00
0.02
0
3
1
0
4186
0.1307
0.9870
-0.0938
0.0000
-0.12
0.00
0.06
-0.01
-0.01
0.03
0
3
1
0
4196
0.1307
0.9870
-0.0938
0.0000
0.00
-0.12
0.06
0.00
-0.01
0.02
0
3
1
0
4206
0.1307
0.9870
-0.0938
0.0000
-0.06
-0.06
0.12
-0.01
0.00
0.00
0
3
1
0
4215
0.1307
0.9870
-0.0938
0.0000
0.06
0.12
0.06
0.00
0.00
0.01
0
3
1
0
4226
0.1307
0.9870
-0.0938
0.0000
-0.06
0.12
-0.06
-0.01
0.00
0.03
0
3
1
0
4236
0.1307
0.9870
-0.0938
0.0000
-0.06
-0.12
0.12
0.00
0.00
0.02
0
3
1
0
4246
0.1307
0.9870
-0.0938
0.0000
0.06
-0.12
0.06
0.00
-0.01
0.02
0
3
1
0
4255
0.1307
0.9870
-0.0938
0.0000
0.00
-0.12
0.06
-0.01
0.00
0.03
0
3
1
0
4265
0.1307
0.9870
-0.0938
0.0000
0.00
-0.19
0.06
0.01
-0.01
0.01
0
3
1
0
4276
0.1307
0.9870
-0.0938
0.0000
0.06
-0.12
0.06
-0.02
0.00
0.04
0
3
1
0
4286
0.1307
0.9870
-0.0938
0.0000
-0.06
0.19
0.06
-0.01
0.00
0.02
0
3
1
0
4295
0.1307
0.9870
-0.0938
0.0000
-0.06
0.06
0.00
0.00
0.00
0.00
0
3
1
0
4305
0.1307
0.9870
-0.0938
0.0000
0.06
0.00
0.12
-0.01
0.00
0.02
0
3
1
0
4316
0.1307
0.9870
-0.0938
0.0000
0.06
0.06
0.12
-0.01
0.00
0.02
0
3
1
0
4326
0.1307
0.9870
-0.0938
0.0000
0.00
-0.12
0.00
0.00
0.00
0.02
0
3
1
0
4335
0.1307
0.9870
-0.0938
0.0000
0.00
-0.06
0.00
0.00
0.00
0.01
0
3
1
0
4345
0.1307
0.9870
-0.0938
0.0000
0.00
-0.12
-0.06
-0.01
0.00
0.01
0
3
1
0
4356
0.1307
0.9870
-0.0938
0.0000
0.00
-0.12
-0.06
0.00
0.00
0.02
0
3
1
0
4366
0.1307
0.9870
-0.0938
0.0000
-0.06
0.12
-0.06
0.00
0.00
0.00
0
3
1
0
4376
0.1307
0.9870
-0.0938
0.0000
0.00
0.00
-0.06
0.00
0.00
0.01
0
3
1
0
4385
0.1307
0.9870
-0.0938
0.0000
0.00
0.06
-0.06
-0.04
0.02
0.00
0
3
1
0
4396
0.1307
0.9870
-0.0938
0.0000
0.06
-0.06
-0.12
0.00
0.00
0.00
0
3
1
0
4406
0.1307
0.9870
-0.0938
0.0000
-0.06
0.00
-0.12
0.00
0.00
0.03
0
3
1
0
4415
0.1307
0.9870
-0.0938
0.0000
0.00
0.12
-0.12
0.00
0.00
0.01
0
3
1
0
4425
0.1307
0.9870
-0.0938
0.0000
-0.06
-0.06
-0.12
0.00
0.00
0.01
0
3
1
0
4435
0.1307
0.9870
-0.0938
0.0000
-0.06
0.00
-0.06
0.00
0.00
0.01
0
3
1
0
4446
0.1307
0.9870
-0.0938
0.0000
0.00
-0.12
0.00
-0.03
-0.01
0.00
0
3
1
0
4456
0.1307
0.9870
-0.0938
0.0000
0.00
0.00
-0.12
0.00
0.00
0.02
0
3
1
0
4465
0.1307
0.9870
-0.0938
0.0000
0.06
-0.06
-0.06
0.00
0.00
0.02
0
3
1
0
4475
0.1307
0.9870
-0.0938
0.0000
0.06
0.19
-0.12
-0.01
-0.01
0.02
0
3
1
0
4486
0.1307
0.9870
-0.0938
0.0000
-0.12
0.00
0.00
0.00
0.00
0.02
0
3
1
0
4495
0.1307
0.9870
-0.0938
0.0000
0.00
-0.12
0.00
0.00
0.00
-0.01
0
3
1
0
4505
0.1307
0.9870
-0.0938
0.0000
-0.06
-0.12
-0.06
-0.01
0.00
0.02
0
3
1
0
4515
0.1307
0.9870
-0.0938
0.0000
-0.12
-0.06
0.00
0.01
0.00
0.01
0
3
1
0
4526
0.1307
0.9870
-0.0938
0.0000
0.06
-0.19
0.00
-0.01
0.00
0.00
0
3
1
0
4536
0.1307
0.9870
-0.0938
0.0000
-0.06
-0.19
0.06
-0.02
-0.01
0.01
0
3
1
0
4545
0.1307
0.9870
-0.0938
0.0000
0.06
-0.06
0.06
0.00
0.00
0.00
0
3
1
0
4555
0.1307
0.9870
-0.0938
0.0000
0.06
-0.06
-0.06
-0.01
0.00
0.01
0
3
1
0
4566
0.1307
0.9870
-0.0938
0.0000
0.06
0.00
-0.25
-0.01
-0.01
0.01
0
3
1
0
4576
0.1307
0.9870
-0.0938
0.0000
-0.06
-0.19
0.00
-0.01
-0.01
0.00
0
3
1
0
4585
0.1307
0.9870
-0.0938
0.0000
0.12
-0.06
0.00
-0.02
0.00
0.01
0
3
1
0
4595
0.1307
0.9870
-0.0938
0.0000
0.19
0.06
-0.06
0.00
0.00
0.00
0
3
1
0
4605
0.1307
0.9870
-0.0938
0.0000
0.00
0.00
0.00
0.00
-0.01
0.00
0
3
1
0
4615
0.1307
0.9870
-0.0938
0.0000
-0.06
0.06
-0.06
0.00
0.00
0.02
0
3
1
0
4625
0.1307
0.9870
-0.0938
0.0000
-0.06
0.00
-0.12
-0.02
0.00
0.04
0
3
1
0
4635
0.1307
0.9870
-0.0938
0.0000
0.00
-0.25
0.06
-0.02
-0.01
0.04
0
3
1
0
4645
0.1307
0.9870
-0.0938
0.0000
0.00
-0.12
0.06
-0.02
-0.01
0.00
0
3
1
0
4656
0.1307
0.9870
-0.0938
0.0000
0.06
0.06
-0.12
-0.01
0.00
0.02
0
3
1
0
4665
0.1307
0.9870
-0.0938
0.0000
-0.06
0.00
0.00
-0.01
0.00
0.02
0
3
1
0
4675
0.1307
0.9870
-0.0938
0.0000
0.19
-0.06
-0.06
0.00
0.00
0.01
0
3
1
0
4685
0.1307
0.9870
-0.0938
0.0000
0.06
-0.06
-0.12
-0.01
0.00
0.02
0
3
1
0
4696
0.1307
0.9870
-0.0938
0.0000
-0.19
0.00
0.00
-0.01
0.02
0.00
0
3
1
0
4705
0.1307
0.9870
-0.0938
0.0000
0.00
-0.06
-0.06
-0.02
0.00
0.00
0
3
1
0
4715
0.1307
0.9870
-0.0938
0.0000
0.00
0.06
0.06
0.00
0.00
0.01
0
3
1
0
4725
0.1307
0.9870
-0.0938
0.0000
0.00
-0.37
0.00
0.00
0.00
0.03
0
3
1
0
4734
0.1307
0.9870
-0.0938
0.0000
0.00
-0.12
-0.12
0.00
0.01
0.00
0
3
1
0
4745
0.1307
0.9870
-0.0938
0.0000
0.00
-0.06
0.00
-0.02
0.00
0.02
0
3
1
0
4755
0.1307
0.9870
-0.0938
0.0000
-0.06
0.00
-0.06
-0.02
0.00
0.02
0
3
1
0
4765
0.1307
0.9870
-0.0938
0.0000
-0.12
0.06
-0.12
0.02
0.00
0.00
0
3
1
0
4775
0.1307
0.9870
-0.0938
0.0000
-0.19
0.00
-0.06
0.00
0.00
0.05
0
3
1
0
4785
0.1307
0.9870
-0.0938
0.0000
0.00
0.12
-0.12
0.00
0.00
0.00
0
3
1
0
4795
0.1307
0.9870
-0.0938
0.0000
0.00
0.06
-0.06
0.00
0.00
-0.02
0
3
1
0
4805
0.1307
0.9870
-0.0938
0.0000
0.12
-0.06
-0.12
0.00
0.00
0.00
0
3
1
0
4814
0.1307
0.9870
-0.0938
0.0000
0.00
-0.12
-0.06
0.00
0.00
0.02
0
3
1
0
4825
0.1307
0.9870
-0.0938
0.0000
0.06
-0.19
0.00
0.00
0.01
0.00
0
3
1
0
4835
0.1307
0.9870
-0.0938
0.0000
0.00
0.00
0.06
-0.03
-0.01
0.02
0
3
1
0
4845
0.1307
0.9870
-0.0938
0.0000
-0.12
0.00
0.00
0.00
0.01
0.00
0
3
1
0
4854
0.1307
0.9870
-0.0938
0.0000
-0.12
-0.06
0.00
-0.02
-0.03
0.02
0
3
1
0
4865
0.1307
0.9870
-0.0938
0.0000
-0.06
-0.25
0.25
-0.01
0.00
0.05
0
3
1
0
4875
0.1307
0.9870
-0.0938
0.0000
0.00
0.12
0.00
-0.01
0.00
0.00
0
3
1
0
4885
0.1307
0.9870
-0.0938
0.0000
-0.12
0.19
0.06
0.00
0.01
0.00
0
3
1
0
4895
0.1307
0.9870
-0.0938
0.0000
0.06
0.00
-0.12
0.00
0.02
0.00
0
3
1
0
4904
0.1307
0.9870
-0.0938
0.0000
-0.12
-0.06
0.12
0.00
0.00
0.00
0
3
1
0
4915
0.1307
0.9870
-0.0938
0.0000
0.00
-0.12
-0.06
0.00
0.00
0.02
0
3
1
0
4925
0.1307
0.9870
-0.0938
0.0000
0.00
0.00
0.19
0.00
0.01
0.02
0
3
1
0
4935
0.1307
0.9870
-0.0938
0.0000
0.00
0.12
0.00
-0.01
0.00
0.02
0
3
1
0
4944
0.1307
0.9870
-0.0938
0.0000
0.00
0.06
0.00
0.00
0.00
-0.01
0
3
1
0
4955
0.1307
0.9870
-0.0938
0.0000
-0.12
0.00
0.06
-0.02
-0.01
0.01
0
3
1
0
4965
0.1307
0.9870
-0.0938
0.0000
0.00
0.00
-0.06
0.00
-0.02
0.00
0
3
1
0
4975
0.1307
0.9870
-0.0938
0.0000
-0.06
0.06
0.06
0.01
0.00
0.02
0
3
1
0
4984
0.1307
0.9870
-0.0938
0.0000
-0.06
0.25
0.06
-0.02
0.00
0.01
0
3
1
0
4995
0.1307
0.9870
-0.0938
0.0000
0.00
0.00
-0.06
0.00
0.00
0.00
0
3
1
0
5005
0.1307
0.9870
-0.0938
0.0000
0.06
0.06
0.00
0.00
0.00
0.01
0
3
1
0
5014
0.1307
0.9870
-0.0938
0.0000
-0.06
0.12
0.06
-0.02
0.00
0.01
0
3
1
0
5024
0.1307
0.9870
-0.0938
0.0000
0.00
0.00
0.06
0.00
-0.01
0.03
0
3
1
0
5035
0.1307
0.9870
-0.0938
0.0000
-0.12
0.00
0.00
-0.01
0.00
0.02
0
3
1
0
5045
0.1307
0.9870
-0.0938
0.0000
0.06
0.06
0.06
0.00
0.00
0.00
0
3
1
0
5055
0.1307
0.9870
-0.0938
0.0000
0.06
0.06
0.06
-0.01
0.00
0.02
0
3
1
0
5064
0.1307
0.9870
-0.0938
0.0000
0.00
0.12
0.00
0.00
0.01
0.02
0
3
1
0
5074
0.1307
0.9870
-0.0938
0.0000
-0.12
0.19
0.06
0.01
0.00
0.01
0
3
1
0
5085
0.1307
0.9870
-0.0938
0.0000
-0.12
0.00
0.12
0.00
0.00
0.01
0
3
1
0
5094
0.1307
0.9870
-0.0938
0.0000
0.06
0.12
0.00
-0.01
0.00
0.00
0
3
1
0
5104
0.1307
0.9870
-0.0938
0.0000
0.06
0.06
0.00
0.00
0.00
0.02
0
3
1
0
5114
0.1307
0.9870
-0.0938
0.0000
-0.06
-0.06
-0.06
0.00
-0.02
0.00
0
3
1
0
5125
0.1307
0.9870
-0.0938
0.0000
-0.06
0.00
0.19
0.01
0.00
0.03
0
3
1
0
5135
0.1307
0.9870
-0.0938
0.0000
0.00
0.12
0.06
-0.03
0.00
0.01
0
3
1
0
5144
0.1307
0.9870
-0.0938
0.0000
-0.06
-0.25
0.00
0.01
-0.02
0.02
0
3
1
0
5154
0.1307
0.9870
-0.0938
0.0000
0.00
0.00
0.00
0.00
0.01
0.02
0
3
1
0
5165
0.1307
0.9870
-0.0938
0.0000
0.00
0.06
0.00
-0.01
-0.01
0.02
0
3
1
0
5175
0.1307
0.9870
-0.0938
0.0000
0.00
0.19
0.06
-0.01
0.00
0.03
0
3
1
0
5184
0.1307
0.9870
-0.0938
0.0000
0.00
-0.06
0.06
0.00
-0.01
0.01
0
3
1
0
5194
0.1307
0.9870
-0.0938
0.0000
0.00
0.00
0.00
0.00
0.00
0.00
0
3
1
0
5204
0.1307
0.9870
-0.0938
0.0000
0.06
0.12
0.00
0.00
0.00
0.00
0
3
1
0
5214
0.1307
0.9870
-0.0938
0.0000
0.06
0.00
0.00
-0.01
0.00
0.02
0
3
1
0
5224
0.1307
0.9870
-0.0938
0.0000
0.00
0.12
0.00
-0.03
-0.01
0.02
0
3
1
0
5234
0.1307
0.9870
-0.0938
0.0000
0.06
-0.12
0.06
-0.01
-0.01
0.01
0
3
1
0
5244
0.1307
0.9870
-0.0938
0.0000
0.06
-0.06
0.19
-0.02
-0.01
0.01
0
3
1
0
5255
0.1307
0.9870
-0.0938
0.0000
0.00
-0.06
0.00
-0.01
-0.01
0.02
0
3
1
0
5264
0.1307
0.9870
-0.0938
0.0000
0.06
-0.06
0.19
-0.03
-0.01
0.03
0
3
1
0
5274
0.1307
0.9870
-0.0938
0.0000
-0.12
0.00
0.06
-0.02
0.00
0.02
0
3
1
0
5284
0.1307
0.9870
-0.0938
0.0000
0.00
0.00
-0.12
0.00
0.00
0.00
0
3
1
0
5295
0.1307
0.9870
-0.0938
0.0000
0.00
-0.12
0.06
-0.01
0.00
0.00
0
3
1
0
5304
0.1307
0.9870
-0.0938
0.0000
0.06
-0.06
0.12
0.00
0.02
0.01
0
3
1
0
5314
0.1307
0.9870
-0.0938
0.0000
0.12
-0.06
0.12
0.00
0.02
0.00
0
3
1
0
5324
0.1307
0.9870
-0.0938
0.0000
0.06
0.00
0.00
0.00
-0.01
0.02
0
3
1
0
5335
0.1307
0.9870
-0.0938
0.0000
0.00
-0.06
-0.12
-0.02
0.00
0.01
0
3
1
0
5344
0.1307
0.9870
-0.0938
0.0000
0.06
0.00
-0.06
-0.01
0.00
0.00
0
3
1
0
5354
0.1307
0.9870
-0.0938
0.0000
0.00
0.06
0.00
-0.02
-0.02
0.03
0
3
1
0
5364
0.1307
0.9870
-0.0938
0.0000
0.00
0.00
0.00
-0.02
0.00
0.02
0
3
1
0
5374
0.1307
0.9870
-0.0938
0.0000
0.00
-0.06
-0.12
-0.01
0.00
0.04
0
3
1
0
5384
0.1307
0.9870
-0.0938
0.0000
0.00
-0.06
-0.12
0.00
-0.01
0.02
0
3
1
0
5394
0.1307
0.9870
-0.0938
0.0000
0.06
0.00
-0.06
-0.01
-0.01
0.00
0
3
1
0
5404
0.1307
0.9870
-0.0938
0.0000
0.00
0.00
0.00
0.00
-0.01
0.02
0
3
1
0
5414
0.1307
0.9870
-0.0938
0.0000
-0.12
0.06
-0.06
0.00
0.02
0.02
0
3
1
0
5425
0.1307
0.9870
-0.0938
0.0000
0.00
0.12
0.00
0.00
-0.01
0.03
0
3
1
0
5434
0.1307
0.9870
-0.0938
0.0000
0.00
0.19
0.00
0.00
0.00
0.00
0
3
1
0
5444
0.1307
0.9870
-0.0938
0.0000
0.06
0.06
-0.06
0.00
0.00
0.00
0
3
1
0
5454
0.1307
0.9870
-0.0938
0.0000
0.12
0.12
-0.06
-0.03
-0.01
0.03
0
3
1
0
5464
0.1307
0.9870
-0.0938
0.0000
0.00
0.19
-0.12
-0.01
0.00
0.05
0
3
1
0
5474
0.1307
0.9870
-0.0938
0.0000
-0.06
0.00
-0.12
-0.01
0.00
0.03
0
3
1
0
5484
0.1307
0.9870
-0.0938
0.0000
0.00
0.06
-0.06
0.00
0.00
0.02
0
3
1
0
5493
0.1307
0.9870
-0.0938
0.0000
0.12
-0.06
-0.06
0.01
0.00
0.00
0
3
1
0
5504
0.1307
0.9870
-0.0938
0.0000
0.06
0.12
0.12
-0.01
-0.01
0.01
0
3
1
0
5514
0.1307
0.9870
-0.0938
0.0000
0.06
-0.12
0.00
-0.01
-0.01
0.03
0
3
1
0
5524
0.1307
0.9870
-0.0938
0.0000
0.06
0.00
-0.06
-0.02
0.00
0.01
0
3
1
0
5534
0.1307
0.9870
-0.0938
0.0000
0.06
0.06
0.06
-0.01
0.00
0.02
0
3
1
0
5543
0.1307
0.9870
-0.0938
0.0000
0.00
0.00
-0.12
0.01
0.00
0.00
0
3
1
0
5554
0.1307
0.9870
-0.0938
0.0000
0.06
0.12
-0.06
-0.02
0.00
0.00
0
3
1
0
5564
0.1307
0.9870
-0.0938
0.0000
0.12
-0.06
-0.12
0.01
-0.01
0.02
0
3
1
0
5574
0.1307
0.9870
-0.0938
0.0000
0.06
0.06
-0.19
