0.12
0.19
0.12
0.02
-0.01
0.02
0
3
1
0
8393
0.3174
0.6982
0.6417
-0.0001
0.06
0.12
0.00
0.01
-0.03
0.02
0
3
1
0
8402
0.3174
0.6982
0.6417
-0.0001
0.00
0.00
0.06
-0.03
0.00
0.00
0
3
1
0
8413
0.3174
0.6982
0.6417
-0.0001
-0.19
0.31
0.06
0.06
-0.05
0.00
0
3
1
0
8423
0.3174
0.6982
0.6417
-0.0001
0.12
0.06
0.19
0.01
0.02
0.04
0
3
1
0
8433
0.3174
0.6982
0.6417
-0.0001
-0.19
-0.12
-0.19
0.05
-0.03
0.01
0
3
1
0
8442
0.3174
0.6982
0.6417
-0.0001
0.19
0.06
0.25
0.05
-0.01
0.01
0
3
1
0
8453
0.3174
0.6982
0.6417
-0.0001
-0.12
0.12
0.19
0.02
0.00
0.02
0
3
1
0
8463
0.3174
0.6982
0.6417
-0.0001
-0.12
0.06
0.12
0.04
-0.01
0.00
0
3
1
0
8473
0.3174
0.6982
0.6417
-0.0001
0.25
0.06
-0.06
0.03
-0.04
0.01
0
3
1
0
8482
0.3174
0.6982
0.6417
-0.0001
0.06
-0.31
-0.25
0.00
0.00
0.01
0
3
1
0
8493
0.3174
0.6982
0.6417
-0.0001
0.00
-0.31
-0.19
0.00
0.00
0.01
0
3
1
0
8503
0.3174
0.6982
0.6417
-0.0001
0.00
-0.25
0.06
0.00
0.00
0.04
0
3
1
0
8513
0.3174
0.6982
0.6417
-0.0001
0.00
0.00
0.00
0.00
0.00
0.01
0
3
1
0
8522
0.3174
0.6982
0.6417
-0.0001
-0.06
0.19
0.06
0.00
-0.04
0.01
0
3
1
0
8532
0.3174
0.6982
0.6417
-0.0001
0.00
0.37
-0.12
0.07
-0.02
0.00
0
3
1
0
8543
0.3174
0.6982
0.6417
-0.0001
-0.19
0.12
0.31
0.01
-0.01
-0.02
0
3
1
0
8553
0.3174
0.6982
0.6417
-0.0001
-0.19
0.31
0.44
0.02
0.01
0.01
0
3
1
0
8563
0.3174
0.6982
0.6417
-0.0001
0.06
-0.06
0.25
0.04
0.00
0.07
0
3
1
0
8572
0.3174
0.6982
0.6417
-0.0001
0.00
0.06
-0.31
0.02
-0.02
0.01
0
3
1
0
8583
0.3174
0.6982
0.6417
-0.0001
0.06
0.06
-0.56
0.03
-0.05
0.00
0
3
1
0
8593
0.3174
0.6982
0.6417
-0.0001
0.12
-0.19
-0.25
0.03
-0.03
0.04
0
3
1
0
8603
0.3174
0.6982
0.6417
-0.0001
-0.25
0.06
0.44
0.04
-0.02
0.02
0
3
1
0
8612
0.3174
0.6982
0.6417
-0.0001
-0.19
0.12
0.50
0.04
0.01
-0.01
0
3
1
0
8623
0.3174
0.6982
0.6417
-0.0001
-0.06
0.37
0.25
0.03
-0.01
0.01
0
3
1
0
8633
0.3174
0.6982
0.6417
-0.0001
-0.06
0.19
-0.25
0.01
-0.01
0.03
0
3
1
0
8642
0.3174
0.6982
0.6417
-0.0001
0.00
-0.25
-0.50
0.00
-0.05
0.01
0
3
1
0
8652
0.3174
0.6982
0.6417
-0.0001
0.25
-0.25
-0.06
0.00
-0.01
0.02
0
3
1
0
8663
0.3174
0.6982
0.6417
-0.0001
-0.06
-0.19
-0.06
0.00
-0.01
0.04
0
3
1
0
8673
0.3174
0.6982
0.6417
-0.0001
-0.12
-0.19
0.12
0.00
-0.02
0.03
0
3
1
0
8683
0.3174
0.6982
0.6417
-0.0001
-0.12
0.06
0.25
0.02
-0.01
0.02
0
3
1
0
8692
0.3174
0.6982
0.6417
-0.0001
0.00
0.44
0.19
0.02
0.00
0.01
0
3
1
0
8702
0.3174
0.6982
0.6417
-0.0001
0.00
0.25
0.06
0.04
-0.02
0.01
0
3
1
0
8713
0.3174
0.6982
0.6417
-0.0001
0.00
0.12
0.00
0.03
0.00
0.00
0
3
1
0
8722
0.3174
0.6982
0.6417
-0.0001
0.12
-0.19
-0.12
0.01
-0.01
0.03
0
3
1
0
8732
0.3174
0.6982
0.6417
-0.0001
0.06
-0.44
-0.12
0.03
-0.03
0.00
0
3
1
0
8742
0.3174
0.6982
0.6417
-0.0001
-0.06
-0.31
0.00
0.01
0.00
0.02
0
3
1
0
8753
0.3174
0.6982
0.6417
-0.0001
0.06
-0.12
0.12
0.04
-0.01
0.01
0
3
1
0
8763
0.3174
0.6982
0.6417
-0.0001
-0.12
0.25
0.06
0.04
-0.02
0.01
0
3
1
0
8772
0.3174
0.6982
0.6417
-0.0001
-0.12
0.12
0.12
0.02
-0.01
0.00
0
3
1
0
8782
0.3174
0.6982
0.6417
-0.0001
-0.12
0.06
0.06
0.02
-0.02
-0.01
0
3
1
0
8793
0.3174
0.6982
0.6417
-0.0001
-0.06
0.00
-0.12
0.00
-0.02
0.03
0
3
1
0
8803
0.3174
0.6982
0.6417
-0.0001
0.06
-0.25
-0.12
0.01
-0.02
0.01
0
3
1
0
8813
0.3174
0.6982
0.6417
-0.0001
0.06
-0.31
-0.19
0.00
-0.01
0.04
0
3
1
0
8822
0.3174
0.6982
0.6417
-0.0001
0.00
-0.12
-0.06
0.02
-0.01
0.00
0
3
1
0
8833
0.3174
0.6982
0.6417
-0.0001
-0.06
0.19
0.12
0.00
-0.01
0.01
0
3
1
0
8843
0.3174
0.6982
0.6417
-0.0001
-0.19
0.00
0.19
0.01
0.00
0.04
0
3
1
0
8852
0.3174
0.6982
0.6417
-0.0001
0.00
0.19
0.25
0.04
0.00
0.00
0
3
1
0
8862
0.3174
0.6982
0.6417
-0.0001
-0.06
0.12
0.12
0.01
-0.02
0.02
0
3
1
0
8872
0.3174
0.6982
0.6417
-0.0001
-0.06
-0.19
0.00
0.02
-0.02
0.03
0
3
1
0
8883
0.3174
0.6982
0.6417
-0.0001
0.00
-0.31
-0.25
0.00
-0.01
0.00
0
3
1
0
8892
0.3174
0.6982
0.6417
-0.0001
0.00
-0.25
-0.25
0.00
-0.04
0.03
0
3
1
0
8902
0.3174
0.6982
0.6417
-0.0001
0.06
-0.12
-0.19
0.01
-0.03
0.00
0
3
1
0
8912
0.3174
0.6982
0.6417
-0.0001
-0.06
-0.12
0.12
0.00
-0.01
0.03
0
3
1
0
8923
0.3174
0.6982
0.6417
-0.0001
0.12
0.06
0.25
0.04
-0.01
0.02
0
3
1
0
8932
0.3174
0.6982
0.6417
-0.0001
-0.12
0.25
0.25
0.02
-0.02
0.01
0
3
1
0
8942
0.3174
0.6982
0.6417
-0.0001
0.00
0.06
0.12
0.01
-0.01
0.00
0
3
1
0
8952
0.3174
0.6982
0.6417
-0.0001
0.00
-0.12
0.06
0.01
0.00
0.01
0
3
1
0
8963
0.3174
0.6982
0.6417
-0.0001
0.19
-0.12
-0.25
-0.01
-0.02
0.01
0
3
1
0
8973
0.3174
0.6982
0.6417
-0.0001
0.06
-0.25
-0.25
0.01
-0.01
0.00
0
3
1
0
8982
0.3174
0.6982
0.6417
-0.0001
0.00
0.00
-0.12
0.01
-0.03
0.01
0
3
1
0
8992
0.3174
0.6982
0.6417
-0.0001
0.06
0.00
0.19
0.03
-0.02
0.01
0
3
1
0
9003
0.3174
0.6982
0.6417
-0.0001
-0.06
0.31
0.37
0.02
-0.02
0.02
0
3
1
0
9013
0.3174
0.6982
0.6417
-0.0001
-0.06
0.37
0.37
0.03
0.00
0.00
0
3
1
0
9022
0.3174
0.6982
0.6417
-0.0001
-0.06
0.06
0.19
0.04
0.00
0.01
0
3
1
0
9032
0.3174
0.6982
0.6417
-0.0001
0.06
-0.19
0.06
0.01
-0.01
0.01
0
3
1
0
9042
0.3174
0.6982
0.6417
-0.0001
0.06
-0.31
-0.25
0.00
-0.02
0.02
0
3
1
0
9053
0.3174
0.6982
0.6417
-0.0001
0.06
-0.37
-0.50
0.00
-0.04
0.03
0
3
1
0
9063
0.3174
0.6982
0.6417
-0.0001
-0.06
-0.06
-0.25
0.00
-0.05
0.03
0
3
1
0
9072
0.3174
0.6982
0.6417
-0.0001
-0.12
0.06
0.12
0.02
-0.01
0.02
0
3
1
0
9082
0.3174
0.6982
0.6417
-0.0001
-0.12
0.19
0.50
0.00
-0.03
0.00
0
3
1
0
9093
0.3174
0.6982
0.6417
-0.0001
-0.06
0.00
0.31
0.03
0.00
0.00
0
3
1
0
9102
0.3174
0.6982
0.6417
-0.0001
-0.06
0.00
0.25
0.02
0.00
0.04
0
3
1
0
9112
0.3174
0.6982
0.6417
-0.0001
0.00
0.06
0.06
0.02
-0.02
0.03
0
3
1
0
9122
0.3174
0.6982
0.6417
-0.0001
0.06
-0.12
-0.25
0.00
-0.01
0.02
0
3
1
0
9133
0.3174
0.6982
0.6417
-0.0001
0.12
-0.25
-0.19
0.01
-0.01
0.00
0
3
1
0
9142
0.3174
0.6982
0.6417
-0.0001
0.06
-0.31
-0.12
0.00
-0.02
0.01
0
3
1
0
9152
0.3174
0.6982
0.6417
-0.0001
-0.19
-0.06
0.06
0.01
-0.02
0.03
0
3
1
0
9162
0.3174
0.6982
0.6417
-0.0001
-0.06
0.12
0.12
0.03
0.00
0.00
0
3
1
0
9172
0.3174
0.6982
0.6417
-0.0001
-0.19
0.12
0.31
0.00
0.00
0.03
0
3
1
0
9182
0.3174
0.6982
0.6417
-0.0001
0.06
0.31
0.12
0.00
-0.03
0.02
0
3
1
0
9192
0.3174
0.6982
0.6417
-0.0001
-0.12
0.12
-0.12
0.01
-0.02
0.03
0
3
1
0
9202
0.3174
0.6982
0.6417
-0.0001
0.00
-0.12
-0.31
0.03
-0.02
0.05
0
3
1
0
9212
0.3174
0.6982
0.6417
-0.0001
0.00
-0.19
-0.12
0.02
-0.01
0.01
0
3
1
0
9223
0.3174
0.6982
0.6417
-0.0001
-0.06
-0.06
0.00
0.00
-0.01
0.02
0
3
1
0
9232
0.3174
0.6982
0.6417
-0.0001
0.00
0.06
0.12
0.00
0.00
0.02
0
3
1
0
9242
0.3174
0.6982
0.6417
-0.0001
0.06
-0.06
0.12
0.01
0.00
0.00
0
3
1
0
9252
0.3174
0.6982
0.6417
-0.0001
0.00
0.19
0.19
0.04
0.00
0.03
0
3
1
0
9263
0.3174
0.6982
0.6417
-0.0001
0.06
-0.12
0.19
0.02
-0.01
0.03
0
3
1
0
9272
0.3174
0.6982
0.6417
-0.0001
-0.12
0.06
0.06
0.00
0.00
0.00
0
3
1
0
9282
0.3174
0.6982
0.6417
-0.0001
0.06
0.06
-0.06
0.02
-0.01
0.01
0
3
1
0
9292
0.3174
0.6982
0.6417
-0.0001
0.12
-0.19
-0.06
0.01
-0.02
0.04
0
3
1
0
9303
0.3174
0.6982
0.6417
-0.0001
0.06
0.00
0.00
0.02
-0.01
0.04
0
3
1
0
9312
0.3174
0.6982
0.6417
-0.0001
0.12
0.00
0.00
0.00
-0.02
0.01
0
3
1
0
9322
0.3174
0.6982
0.6417
-0.0001
-0.19
0.00
0.00
0.00
-0.02
0.02
0
3
1
0
9332
0.3174
0.6982
0.6417
-0.0001
0.06
0.00
0.12
0.03
0.00
0.00
0
3
1
0
9341
0.3174
0.6982
0.6417
-0.0001
-0.06
0.00
0.19
0.01
0.00
0.01
0
3
1
0
9352
0.3174
0.6982
0.6417
-0.0001
0.00
0.06
0.00
0.02
-0.01
0.03
0
3
1
0
9362
0.3174
0.6982
0.6417
-0.0001
0.06
0.12
0.00
0.03
-0.02
0.02
0
3
1
0
9372
0.3174
0.6982
0.6417
-0.0001
0.00
0.06
-0.12
0.00
-0.01
0.04
0
3
1
0
9382
0.3174
0.6982
0.6417
-0.0001
0.12
-0.06
0.12
0.03
-0.01
0.00
0
3
1
0
9392
0.3174
0.6982
0.6417
-0.0001
0.06
-0.06
-0.06
0.03
0.00
0.01
0
3
1
0
9402
0.3174
0.6982
0.6417
-0.0001
0.12
-0.25
0.00
0.03
0.00
0.04
0
3
1
0
9412
0.3174
0.6982
0.6417
-0.0001
0.00
0.00
0.19
0.01
-0.01
0.01
0
3
1
0
9422
0.3174
0.6982
0.6417
-0.0001
-0.06
0.19
0.06
0.01
-0.02
0.03
0
3
1
0
9432
0.3174
0.6982
0.6417
-0.0001
0.00
-0.12
0.06
0.02
-0.03
0.00
0
3
1
0
9442
0.3174
0.6982
0.6417
-0.0001
0.00
-0.06
-0.06
0.01
-0.03
0.01
0
3
1
0
9452
0.3174
0.6982
0.6417
-0.0001
0.00
0.00
-0.06
0.01
0.00
0.00
0
3
1
0
9462
0.3174
0.6982
0.6417
-0.0001
0.06
-0.06
-0.06
0.03
-0.02
0.02
0
3
1
0
9472
0.3174
0.6982
0.6417
-0.0001
0.12
-0.06
0.06
0.02
0.00
0.02
0
3
1
0
9482
0.3174
0.6982
0.6417
-0.0001
0.06
0.00
0.19
0.02
0.00
0.00
0
3
1
0
9492
0.3174
0.6982
0.6417
-0.0001
-0.06
-0.06
0.12
0.04
0.00
0.00
0
3
1
0
9502
0.3174
0.6982
0.6417
-0.0001
0.06
0.06
0.19
0.03
-0.02
0.00
0
3
1
0
9512
0.3174
0.6982
0.6417
-0.0001
0.06
0.12
-0.12
0.03
-0.02
0.03
0
3
1
0
9522
0.3174
0.6982
0.6417
-0.0001
-0.06
0.00
-0.19
0.00
-0.03
0.03
0
3
1
0
9532
0.3174
0.6982
0.6417
-0.0001
0.06
-0.12
-0.12
0.00
0.00
-0.01
0
3
1
0
9542
0.3174
0.6982
0.6417
-0.0001
0.00
-0.12
0.00
0.01
0.00
0.01
0
3
1
0
9551
0.3174
0.6982
0.6417
-0.0001
0.06
-0.19
0.06
0.03
-0.01
0.02
0
3
1
0
9562
0.3174
0.6982
0.6417
-0.0001
0.00
0.12
0.00
0.01
-0.02
0.03
0
3
1
0
9572
0.3174
0.6982
0.6417
-0.0001
-0.19
0.19
0.06
0.03
-0.02
0.01
0
3
1
0
9582
0.3174
0.6982
0.6417
-0.0001
-0.06
0.37
0.25
0.03
0.00
-0.02
0
3
1
0
9591
0.3174
0.6982
0.6417
-0.0001
0.00
0.19
0.00
0.01
0.00
0.03
0
3
1
0
9602
0.3174
0.6982
0.6417
-0.0001
-0.06
-0.19
0.00
0.01
0.00
0.03
0
3
1
0
9612
0.3174
0.6982
0.6417
-0.0001
0.06
-0.12
-0.19
0.01
-0.01
0.04
0
3
1
0
9622
0.3174
0.6982
0.6417
-0.0001
0.00
-0.31
-0.25
0.00
-0.02
0.03
0
3
1
0
9631
0.3174
0.6982
0.6417
-0.0001
0.00
-0.19
-0.06
0.00
-0.03
0.02
0
3
1
0
9641
0.3174
0.6982
0.6417
-0.0001
-0.06
0.00
0.06
0.00
-0.03
0.03
0
3
1
0
9652
0.3174
0.6982
0.6417
-0.0001
0.06
0.19
0.25
-0.01
-0.02
0.07
0
3
1
0
9662
0.3174
0.6982
0.6417
-0.0001
-0.12
0.31
0.31
0.04
0.00
0.01
0
3
1
0
9672
0.3174
0.6982
0.6417
-0.0001
0.12
0.12
0.25
0.04
-0.03
0.02
0
3
1
0
9681
0.3174
0.6982
0.6417
-0.0001
0.06
0.06
0.00
0.03
-0.03
0.01
0
3
1
0
9692
0.3174
0.6982
0.6417
-0.0001
0.06
0.00
-0.12
0.02
-0.01
0.00
0
3
1
0
9702
0.3174
0.6982
0.6417
-0.0001
0.12
-0.19
-0.12
0.01
0.00
0.03
0
3
1
0
9712
0.3174
0.6982
0.6417
-0.0001
0.06
-0.25
-0.25
0.00
-0.03
0.03
0
3
1
0
9721
0.3174
0.6982
0.6417
-0.0001
0.00
-0.12
-0.06
0.04
-0.02
0.00
0
3
1
0
9732
0.3174
0.6982
0.6417
-0.0001
0.00
0.19
0.12
0.04
-0.01
-0.02
0
3
1
0
9742
0.3174
0.6982
0.6417
-0.0001
-0.31
0.19
0.50
0.01
-0.02
0.02
0
3
1
0
9752
0.3174
0.6982
0.6417
-0.0001
-0.19
0.19
0.44
0.03
0.00
0.00
0
3
1
0
9762
0.3174
0.6982
0.6417
-0.0001
0.00
0.06
6972
0.6428
-0.0013
0.44
-1.19
-1.72
0.6428
-0.0013
0.12
-0.88
-0.69
0.00
0.03
0.02
0
3
1
0
161857
0.3175
0.6972
0.6428
-0.0013
0.44
-1.19
-1.44
-0.02
-0.04
0.04
0
3
1
0
161866
0.3176
0.6971
0.6428
-0.0015
0.50
-1.19
-1.12
0.02
-0.03
0.02
0
3
1
0
161876
0.3176
0.6971
0.6428
-0.0015
0.12
-0.12
-0.25
0.03
-0.03
0.00
0
3
1
0
161887
0.3176
0.6971
0.6428
-0.0015
-0.31
0.88
0.88
0.06
0.00
-0.01
0
3
1
0
161896
0.3176
0.6971
0.6428
-0.0015
-0.44
1.31
1.50
0.05
0.01
0.00
0
3
1
0
161905
0.3175
0.6972
0.6428
-0.0013
-0.44
1.31
1.50
0.07
0.03
-0.03
0
3
1
0
161915
0.3174
-0.0001
-0.0001
-0.0001
-0.06
-0.37
-0.12
0.02
0.01
0.02
0
3
1
0
161926
0.3174
-0.0001
-0.0001
-0.0001
0.37
-1.31
-1.44
0.01
0.00
0.05
0
3
1
0
161936
0.3175
-0.0001
-0.0001
-0.0001
0.56
-1.50
-1.56
0.03
-0.04
0.03
0
3
1
0
161945
0.3176
-0.0001
-0.0001
-0.0001
0.37
-0.50
-1.00
0.03
-0.03
0.07
0
3
1
0
161955
0.3176
-0.0001
-0.0001
-0.0001
-0.06
0.31
0.25
0.03
0.00
0.00
0
3
1
0
161966
0.3176
-0.0001
-0.0001
-0.0001
-0.25
0.88
1.00
0.02
0.00
-0.01
0
3
1
0
161976
0.3176
-0.0001
-0.0001
-0.0001
-0.12
0.69
0.88
0.02
0.02
0.02
0
3
1
0
161986
0.3175
0.6971
0.6428
-0.0014
0.00
-0.06
0.06
0.01
0.01
0.02
0
3
1
0
161996
0.3176
0.6971
0.6428
-0.0015
0.12
-0.63
-0.63
0.03
0.01
0.01
0
3
1
0
162007
0.3176
0.6971
0.6428
-0.0015
0.31
-0.63
-0.75
0.05
0.00
0.00
0
3
1
0
162017
0.3176
0.6971
0.6428
-0.0015
0.06
-0.06
-0.44
0.06
0.00
0.02
0
3
1
0
162026
0.3176
0.6971
0.6428
-0.0015
-0.37
0.63
0.31
0.06
0.00
0.00
0
3
1
0
162036
0.3176
0.6971
0.6428
-0.0015
-0.50
0.63
0.88
0.07
0.01
0.03
0
3
1
0
162046
0.3175
0.6971
0.6428
-0.0014
-0.12
0.31
0.56
0.04
0.03
0.00
0
3
1
0
162057
0.3175
0.6971
0.6428
-0.0014
0.19
-0.37
-0.31
0.03
0.02
-0.02
0
3
1
0
162067
0.3176
0.6971
0.6428
-0.0015
0.31
-0.81
-1.06
0.00
-0.01
0.02
0
3
1
0
162076
0.3176
0.6971
0.6428
-0.0015
0.25
-0.75
-1.19
0.01
-0.02
0.02
0
3
1
0
162086
0.3176
0.6970
0.6429
-0.0016
0.06
-0.06
-0.06
0.04
-0.01
0.01
0
3
1
0
162097
0.3176
0.6970
0.6429
-0.0015
-0.25
0.37
0.69
0.05
0.01
0.03
0
3
1
0
162107
0.3176
0.6971
0.6428
-0.0015
-0.31
0.63
0.75
0.04
0.01
0.04
0
3
1
0
162116
0.3176
0.6971
0.6428
-0.0015
-0.12
0.31
0.31
0.05
0.02
0.00
0
3
1
0
162126
0.3176
0.6971
0.6428
-0.0015
0.06
-0.19
-0.37
0.03
-0.02
0.03
0
3
1
0
162137
0.3176
0.6970
0.6429
-0.0015
0.19
-0.63
-0.75
0.03
-0.01
0.02
0
3
1
0
162147
0.3176
0.6970
0.6429
-0.0016
0.19
-0.06
-0.06
0.02
-0.01
0.03
0
3
1
0
162156
0.3176
0.6970
0.6429
-0.0016
0.19
-0.44
-0.12
0.05
-0.01
0.01
0
3
1
0
162166
0.3176
0.6970
0.6429
-0.0016
-0.06
0.19
0.31
0.06
0.01
0.00
0
3
1
0
162177
0.3176
0.6970
0.6429
-0.0016
-0.25
0.50
0.37
0.05
0.01
0.01
0
3
1
0
162187
0.3176
0.6970
0.6429
-0.0016
-0.06
0.56
0.31
0.06
0.00
0.01
0
3
1
0
162196
0.3176
0.6970
0.6429
-0.0016
0.00
0.12
0.19
0.06
0.01
0.01
0
3
1
0
162206
0.3176
0.6970
0.6429
-0.0016
0.06
-0.25
-0.19
0.04
0.01
0.00
0
3
1
0
162216
0.3176
0.6970
0.6429
-0.0016
0.12
-0.19
-0.37
0.02
0.00
0.05
0
3
1
0
162227
0.3176
0.6970
0.6429
-0.0016
0.31
-0.25
-0.44
0.04
0.00
0.01
0
3
1
0
162236
0.3176
0.6970
0.6429
-0.0016
-0.06
-0.12
-0.37
0.03
-0.02
0.02
0
3
1
0
162246
0.3176
0.6970
0.6429
-0.0016
-0.12
0.00
0.06
0.04
0.01
0.01
0
3
1
0
162256
0.3176
0.6970
0.6429
-0.0016
-0.06
0.12
0.25
0.02
0.00
0.04
0
3
1
0
162267
0.3176
0.6970
0.6429
-0.0016
-0.06
0.00
0.56
0.06
0.00
-0.02
0
3
1
0
162276
0.3176
0.6970
0.6429
-0.0016
-0.06
0.00
0.19
0.05
0.00
-0.01
0
3
1
0
162286
0.3176
0.6970
0.6429
-0.0016
0.06
-0.12
-0.19
0.05
0.00
0.04
0
3
1
0
162296
0.3176
0.6970
0.6429
-0.0016
0.00
-0.19
-0.50
0.03
-0.01
0.03
0
3
1
0
162307
0.3176
0.6970
0.6429
-0.0016
0.06
-0.12
-0.19
0.06
0.00
0.02
0
3
1
0
162316
0.3176
0.6970
0.6429
-0.0016
0.00
-0.06
0.06
0.03
0.02
0.00
0
3
1
0
162326
0.3176
0.6970
0.6429
-0.0016
0.00
-0.19
0.25
0.04
0.02
0.01
0
3
1
0
162336
0.3176
0.6970
0.6429
-0.0016
0.00
0.06
0.25
0.04
0.00
0.01
0
3
1
0
162347
0.3176
0.6970
0.6429
-0.0016
-0.06
0.00
0.00
0.04
0.00
0.00
0
3
1
0
162356
0.3176
0.6970
0.6429
-0.0016
0.12
-0.06
-0.25
0.05
0.01
0.00
0
3
1
0
162366
0.3176
0.6970
0.6429
-0.0016
0.06
-0.25
-0.25
0.03
-0.01
0.00
0
3
1
0
162376
0.3176
0.6970
0.6429
-0.0016
0.12
-0.12
-0.19
0.03
0.01
0.00
0
3
1
0
162386
0.3176
0.6970
0.6429
-0.0016
0.06
-0.37
0.00
0.02
0.00
0.01
0
3
1
0
162397
0.3176
0.6970
0.6429
-0.0016
0.00
0.00
0.00
0.03
0.00
0.02
0
3
1
0
162406
0.3176
0.6970
0.6429
-0.0016
-0.12
-0.06
0.12
0.04
0.02
0.01
0
3
1
0
162416
0.3176
0.6970
0.6429
-0.0016
-0.06
0.12
0.06
0.05
0.00
0.00
0
3
1
0
162426
0.3176
0.6970
0.6429
-0.0016
0.00
0.06
-0.19
0.04
0.00
0.01
0
3
1
0
162436
0.3176
0.6970
0.6429
-0.0016
-0.06
-0.06
-0.19
0.03
0.00
0.03
0
3
1
0
162446
0.3176
0.6970
0.6429
-0.0016
-0.06
0.00
0.00
0.03
0.00
0.04
0
3
1
0
162456
0.3176
0.6970
0.6429
-0.0016
0.06
-0.12
0.06
0.05
0.00
0.00
0
3
1
0
162466
0.3176
0.6970
0.6429
-0.0016
0.12
0.19
-0.06
0.04
0.00
0.01
0
3
1
0
162476
0.3176
0.6970
0.6429
-0.0016
-0.06
0.19
0.00
0.04
-0.02
0.02
0
3
1
0
162486
0.3176
0.6970
0.6429
-0.0016
-0.06
0.12
0.19
0.08
0.00
0.02
0
3
1
0
162496
0.3176
0.6970
0.6429
-0.0016
-0.12
-0.06
0.25
0.05
0.02
0.02
0
3
1
0
162506
0.3176
0.6970
0.6429
-0.0016
-0.12
-0.06
0.25
0.07
0.00
0.03
0
3
1
0
162516
0.3176
0.6970
0.6429
-0.0016
-0.06
-0.25
-0.12
0.02
0.02
0.01
0
3
1
0
162526
0.3176
0.6970
0.6429
-0.0016
0.12
-0.31
-0.19
