0.0000
0.00
0.00
-0.12
-0.01
0.01
0.03
0
3
1
0
10338
0.1307
0.9870
-0.0938
0.0000
0.06
0.12
-0.12
0.00
0.01
0.00
0
3
1
0
10347
0.1307
0.9870
-0.0938
0.0000
0.00
0.19
0.00
-0.05
0.00
0.06
0
3
1
0
10357
0.1307
0.9870
-0.0938
0.0000
-0.12
-0.06
-0.06
-0.02
0.01
-0.03
0
3
1
0
10368
0.1307
0.9870
-0.0938
0.0000
-0.06
-0.25
0.25
-0.01
0.01
0.03
0
3
1
0
10378
0.1307
0.9870
-0.0938
0.0000
0.19
-0.12
0.06
0.01
0.00
0.04
0
3
1
0
10387
0.1307
0.9870
-0.0938
0.0000
0.06
0.44
0.06
0.01
0.01
-0.02
0
3
1
0
10397
0.1307
0.9870
-0.0938
0.0000
0.06
0.37
-0.12
0.00
0.00
0.01
0
3
1
0
10407
0.1307
0.9870
-0.0938
0.0000
-0.06
0.12
-0.25
0.01
0.02
0.02
0
3
1
0
10418
0.1307
0.9870
-0.0938
0.0000
-0.12
-0.37
0.12
0.00
0.00
0.00
0
3
1
0
10427
0.1307
0.9870
-0.0938
0.0000
-0.06
-0.37
0.06
-0.02
0.00
0.03
0
3
1
0
10437
0.1307
0.9870
-0.0938
0.0000
0.12
0.00
0.00
-0.02
0.00
0.00
0
3
1
0
10447
0.1307
0.9870
-0.0938
0.0000
-0.06
0.19
-0.12
-0.02
0.00
0.00
0
3
1
0
10458
0.1307
0.9870
-0.0938
0.0000
0.00
-0.12
0.12
0.01
0.00
0.06
0
3
1
0
10468
0.1307
0.9870
-0.0938
0.0000
-0.12
0.00
-0.19
0.01
0.00
0.02
0
3
1
0
10477
0.1307
0.9870
-0.0938
0.0000
-0.12
0.00
-0.12
0.01
0.01
0.02
0
3
1
0
10487
0.1307
0.9870
-0.0938
0.0000
0.19
-0.06
0.00
-0.01
0.00
0.01
0
3
1
0
10498
0.1307
0.9870
-0.0938
0.0000
0.00
-0.12
0.00
-0.02
-0.01
-0.01
0
3
1
0
10507
0.1307
0.9870
-0.0938
0.0000
0.06
-0.19
0.19
-0.02
0.00
0.02
0
3
1
0
10517
0.1307
0.9870
-0.0938
0.0000
0.06
0.06
-0.12
-0.01
-0.01
0.02
0
3
1
0
10527
0.1307
0.9870
-0.0938
0.0000
0.00
-0.19
-0.06
0.00
0.00
0.02
0
3
1
0
10537
0.1307
0.9870
-0.0938
0.0000
0.00
-0.06
0.00
0.00
0.01
0.00
0
3
1
0
10547
0.1307
0.9870
-0.0938
0.0000
0.00
-0.19
0.00
-0.02
0.02
0.01
0
3
1
0
10557
0.1307
0.9870
-0.0938
0.0000
0.06
0.12
-0.06
0.00
0.00
0.03
0
3
1
0
10567
0.1307
0.9870
-0.0938
0.0000
-0.06
0.12
-0.06
-0.02
0.00
0.04
0
3
1
0
10577
0.1307
0.9870
-0.0938
0.0000
0.19
-0.12
-0.06
-0.01
0.00
0.00
0
3
1
0
10587
0.1307
0.9870
-0.0938
0.0000
0.00
-0.31
0.06
0.00
-0.01
0.00
0
3
1
0
10597
0.1307
0.9870
-0.0938
0.0000
0.00
-0.19
-0.19
0.00
0.01
0.00
0
3
1
0
10607
0.1307
0.9870
-0.0938
0.0000
0.00
-0.12
0.00
0.00
-0.01
0.00
0
3
1
0
10617
0.1307
0.9870
-0.0938
0.0000
0.06
0.06
-0.06
-0.01
0.00
0.03
0
3
1
0
10627
0.1307
0.9870
-0.0938
0.0000
-0.06
0.00
-0.19
0.00
0.00
0.01
0
3
1
0
10637
0.1307
0.9870
-0.0938
0.0000
-0.06
0.00
-0.06
0.00
-0.01
0.01
0
3
1
0
10647
0.1307
0.9870
-0.0938
0.0000
0.06
-0.12
0.00
-0.03
0.00
0.02
0
3
1
0
10657
0.1307
0.9870
-0.0938
0.0000
0.06
-0.12
-0.06
0.00
0.00
0.01
0
3
1
0
10668
0.1307
0.9870
-0.0938
0.0000
-0.06
-0.19
-0.06
-0.01
0.00
0.03
0
3
1
0
10677
0.1307
0.9870
-0.0938
0.0000
-0.12
0.00
0.00
-0.03
0.00
0.01
0
3
1
0
10687
0.1307
0.9870
-0.0938
0.0000
-0.06
-0.06
0.00
0.00
0.00
0.00
0
3
1
0
10697
0.1307
0.9870
-0.0938
0.0000
-0.06
0.00
0.00
-0.03
0.02
0.02
0
3
1
0
10706
0.1307
0.9870
-0.0938
0.0000
0.06
0.06
-0.12
0.00
0.02
0.02
0
3
1
0
10717
0.1307
0.9870
-0.0938
0.0000
0.06
-0.19
-0.12
-0.01
0.00
0.02
0
3
1
0
10727
0.1307
0.9870
-0.0938
0.0000
0.06
-0.06
0.12
-0.02
0.00
0.02
0
3
1
0
10737
0.1307
0.9870
-0.0938
0.0000
0.00
-0.06
0.06
0.00
0.00
0.00
0
3
1
0
10746
0.1307
0.9870
-0.0938
0.0000
0.12
-0.06
-0.19
-0.01
0.00
0.02
0
3
1
0
10757
0.1307
0.9870
-0.0938
0.0000
0.12
-0.12
0.06
0.00
0.00
0.00
0
3
1
0
10767
0.1307
0.9870
-0.0938
0.0000
-0.12
-0.12
0.06
0.00
0.00
0.00
0
3
1
0
10777
0.1307
0.9870
-0.0938
0.0000
-0.06
0.12
-0.12
0.00
0.00
0.05
0
3
1
0
10786
0.1307
0.9870
-0.0938
0.0000
-0.06
0.06
-0.06
-0.02
-0.01
0.02
0
3
1
0
10797
0.1307
0.9870
-0.0938
0.0000
0.00
0.06
-0.06
-0.01
0.01
0.02
0
3
1
0
10807
0.1307
0.9870
-0.0938
0.0000
-0.06
-0.12
0.06
-0.03
0.01
0.03
0
3
1
0
10817
0.1307
0.9870
-0.0938
0.0000
0.00
0.06
-0.06
0.01
0.00
0.01
0
3
1
0
10827
0.1307
0.9870
-0.0938
0.0000
0.00
0.06
0.00
-0.01
0.01
0.00
0
3
1
0
10836
0.1307
0.9870
-0.0938
0.0000
0.06
-0.12
0.06
0.00
0.00
0.00
0
3
1
0
10847
0.1307
0.9870
-0.0938
0.0000
-0.06
-0.12
0.00
-0.03
-0.01
0.02
0
3
1
0
10857
0.1307
0.9870
-0.0938
0.0000
0.06
-0.06
0.00
0.00
0.00
0.01
0
3
1
0
10867
0.1307
0.9870
-0.0938
0.0000
0.06
0.25
0.00
-0.01
0.01
0.00
0
3
1
0
10876
0.1307
0.9870
-0.0938
0.0000
0.00
0.00
0.06
0.00
0.00
0.00
0
3
1
0
10887
0.1307
0.9870
-0.0938
0.0000
0.00
-0.06
0.00
-0.02
0.00
0.00
0
3
1
0
10897
0.1307
0.9870
-0.0938
0.0000
-0.06
0.06
0.06
-0.01
-0.01
0.02
0
3
1
0
10907
0.1307
0.9870
-0.0938
0.0000
-0.12
0.06
0.12
0.00
0.00
0.01
0
3
1
0
10916
0.1307
0.9870
-0.0938
0.0000
0.06
0.06
-0.06
-0.01
0.00
0.04
0
3
1
0
10927
0.1307
0.9870
-0.0938
0.0000
0.00
0.12
0.12
0.00
0.00
0.02
0
3
1
0
10937
0.1307
0.9870
-0.0938
0.0000
-0.06
-0.06
0.06
0.00
0.00
0.00
0
3
1
0
10946
0.1307
0.9870
-0.0938
0.0000
0.12
0.00
0.06
0.00
0.00
0.00
0
3
1
0
10956
0.1307
0.9870
-0.0938
0.0000
0.00
0.12
0.06
0.01
0.01
0.01
0
3
1
0
10967
0.1307
0.9870
-0.0938
0.0000
-0.06
0.19
-0.06
0.00
0.00
0.02
0
3
1
0
10977
0.1307
0.9870
-0.0938
0.0000
0.12
0.06
0.12
-0.01
-0.01
0.02
0
3
1
0
10986
0.1307
0.9870
-0.0938
0.0000
0.00
0.06
0.12
-0.01
0.00
0.01
0
3
1
0
10996
0.1307
0.9870
-0.0938
0.0000
-0.06
0.19
0.00
-0.01
0.01
0.00
0
3
1
0
11006
0.1307
0.9870
-0.0938
0.0000
-0.12
0.19
-0.06
0.00
0.01
0.02
0
3
1
0
11017
0.1307
0.9870
-0.0938
0.0000
-0.12
0.06
-0.06
0.00
0.00
0.02
0
3
1
0
11026
0.1307
0.9870
-0.0938
0.0000
-0.06
0.06
0.06
-0.01
-0.01
0.02
0
3
1
0
11036
0.1307
0.9870
-0.0938
0.0000
0.00
-0.06
0.19
-0.01
-0.02
0.00
0
3
1
0
11046
0.1307
0.9870
-0.0938
0.0000
0.06
-0.06
0.12
-0.01
0.00
0.03
0
3
1
0
11057
0.1307
0.9870
-0.0938
0.0000
0.06
0.06
0.00
-0.01
0.00
0.02
0
3
1
0
11067
0.1307
0.9870
-0.0938
0.0000
-0.06
0.06
0.00
-0.02
0.00
0.01
0
3
1
0
11076
0.1307
0.9870
-0.0938
0.0000
0.12
0.00
0.00
0.00
0.01
0.03
0
3
1
0
11086
0.1307
0.9870
-0.0938
0.0000
0.00
-0.12
0.00
-0.01
0.00
0.00
0
3
1
0
11097
0.1307
0.9870
-0.0938
0.0000
-0.12
0.06
0.06
-0.02
-0.03
0.02
0
3
1
0
11107
0.1307
0.9870
-0.0938
0.0000
0.00
0.12
-0.06
0.00
0.00
0.01
0
3
1
0
11116
0.1307
0.9870
-0.0938
0.0000
-0.06
0.06
0.06
-0.01
0.00
0.02
0
3
1
0
11126
0.1307
0.9870
-0.0938
0.0000
0.00
0.00
-0.06
0.01
-0.01
0.00
0
3
1
0
11137
0.1307
0.9870
-0.0938
0.0000
0.06
0.19
0.00
0.00
0.01
-0.01
0
3
1
0
11147
0.1307
0.9870
-0.0938
0.0000
0.06
-0.06
0.00
0.01
0.00
0.00
0
3
1
0
11156
0.1307
0.9870
-0.0938
0.0000
-0.06
-0.25
0.00
-0.03
0.00
0.00
0
3
1
0
11166
0.1307
0.9870
-0.0938
0.0000
0.12
-0.12
0.00
-0.01
0.00
0.02
0
3
1
0
11176
0.1307
0.9870
-0.0938
0.0000
0.00
-0.06
0.12
0.00
0.00
0.02
0
3
1
0
11186
0.1307
0.9870
-0.0938
0.0000
0.00
0.12
0.06
-0.01
-0.02
0.00
0
3
1
0
11196
0.1307
0.9870
-0.0938
0.0000
0.12
0.25
0.06
0.00
0.00
0.02
0
3
1
0
11206
0.1307
0.9870
-0.0938
0.0000
0.00
0.00
0.00
0.00
0.01
0.01
0
3
1
0
11216
0.1307
0.9870
-0.0938
0.0000
-0.12
0.00
0.00
0.00
0.00
0.00
0
3
1
0
11226
0.1307
0.9870
-0.0938
0.0000
-0.06
-0.12
0.00
0.00
0.00
0.03
0
3
1
0
11236
0.1307
0.9870
-0.0938
0.0000
-0.06
-0.19
0.12
-0.02
0.00
0.00
0
3
1
0
11246
0.1307
0.9870
-0.0938
0.0000
0.12
-0.19
0.12
-0.01
0.00
0.02
0
3
1
0
11256
0.1307
0.9870
-0.0938
0.0000
0.06
-0.06
0.00
-0.01
-0.01
0.00
0
3
1
0
11267
0.1307
0.9870
-0.0938
0.0000
0.06
0.19
0.06
-0.01
0.00
0.03
0
3
1
0
11276
0.1307
0.9870
-0.0938
0.0000
0.06
0.00
-0.06
0.00
0.01
0.01
0
3
1
0
11286
0.1307
0.9870
-0.0938
0.0000
0.00
0.06
-0.06
-0.02
0.02
0.02
0
3
1
0
11296
0.1307
0.9870
-0.0938
0.0000
-0.06
0.19
0.06
-0.01
0.01
0.02
0
3
1
0
11307
0.1307
0.9870
-0.0938
0.0000
0.00
0.12
0.06
-0.01
0.00
0.04
0
3
1
0
11316
0.1307
0.9870
-0.0938
0.0000
0.00
0.00
0.06
0.00
-0.01
0.00
0
3
1
0
11326
0.1307
0.9870
-0.0938
0.0000
-0.19
-0.12
-0.06
-0.01
0.00
0.02
0
3
1
0
11336
0.1307
0.9870
-0.0938
0.0000
-0.12
0.00
0.00
-0.01
0.00
0.00
0
3
1
0
11346
0.1307
0.9870
-0.0938
0.0000
-0.06
0.12
0.00
0.00
0.01
0.01
0
3
1
0
11356
0.1307
0.9870
-0.0938
0.0000
-0.06
0.06
-0.06
0.00
0.00
0.02
0
3
1
0
11366
0.1307
0.9870
-0.0938
0.0000
0.06
0.06
0.00
0.00
0.00
0.03
0
3
1
0
11376
0.1307
0.9870
-0.0938
0.0000
0.00
0.06
-0.06
-0.01
0.00
0.01
0
3
1
0
11386
0.1307
0.9870
-0.0938
0.0000
0.12
-0.12
0.12
-0.02
-0.01
0.01
0
3
1
0
11396
0.1307
0.9870
-0.0938
0.0000
0.00
-0.12
0.12
-0.02
0.00
0.02
0
3
1
0
11406
0.1307
0.9870
-0.0938
0.0000
0.00
-0.25
0.00
-0.03
0.00
0.02
0
3
1
0
11416
0.1307
0.9870
-0.0938
0.0000
0.06
-0.12
0.12
-0.03
-0.01
0.03
0
3
1
0
11426
0.1307
0.9870
-0.0938
0.0000
0.06
0.06
-0.06
0.00
0.01
-0.01
0
3
1
0
11436
0.1307
0.9870
-0.0938
0.0000
-0.06
0.19
0.00
0.00
0.00
0.00
0
3
1
0
11446
0.1307
0.9870
-0.0938
0.0000
0.19
0.12
-0.06
-0.01
0.01
0.01
0
3
1
0
11456
0.1307
0.9870
-0.0938
0.0000
0.00
0.00
-0.06
-0.02
-0.01
0.02
0
3
1
0
11466
0.1307
0.9870
-0.0938
0.0000
-0.06
0.00
-0.12
-0.03
0.00
0.02
0
3
1
0
11475
0.1307
0.9870
-0.0938
0.0000
-0.06
-0.12
0.19
-0.02
-0.01
0.05
0
3
1
0
11486
0.1307
0.9870
-0.0938
0.0000
0.12
-0.25
0.19
-0.02
-0.01
0.02
0
3
1
0
11496
0.1307
0.9870
-0.0938
0.0000
0.06
-0.19
0.00
-0.02
0.00
0.00
0
3
1
0
11506
0.1307
0.9870
-0.0938
0.0000
-0.06
0.19
0.00
-0.02
0.00
0.03
0
3
1
0
11516
0.1307
0.9870
-0.0938
0.0000
0.00
0.00
0.00
-0.01
0.00
0.02
0
3
1
0
11526
0.1307
0.9870
-0.0938
0.0000
-0.06
0.12
-0.06
0.00
0.00
0.02
0
3
1
0
11536
0.1307
0.9870
-0.0938
0.0000
-0.06
-0.06
0.00
-0.01
0.01
0.00
0
3
1
0
11546
0.1307
0.9870
-0.0938
0.0000
0.00
0.00
0.06
-0.01
0.00
0.00
0
3
1
0
11555
0.1307
0.9870
-0.0938
0.0000
0.00
-0.06
0.06
-0.01
0.01
0.01
0
3
1
0
11566
0.1307
0.9870
-0.0938
0.0000
0.06
0.00
0.12
-0.01
0.00
0.02
0
3
1
0
11576
0.1307
0.9870
-0.0938
0.0000
-0.06
0.00
0.06
0.00
0.00
0.02
0
3
1
0
11586
0.1307
0.9870
-0.0938
0.0000
0.00
0.00
0.06
0.00
-0.01
0.01
0
3
1
0
11595
0.1307
0.9870
-0.0938
0.0000
0.06
-0.06
-0.12
-0.01
0.00
0.00
0
3
1
0
11606
0.1307
0.9870
-0.0938
0.0000
0.06
-0.12
0.12
0.00
0.00
0.01
0
3
1
0
11616
0.1307
0.9870
-0.0938
0.0000
-0.06
0.12
0.06
-0.02
0.00
0.03
0
3
1
0
11626
0.1307
0.9870
-0.0938
0.0000
-0.06
0.06
0.00
-0.03
0.02
0.02
0
3
1
0
11635
0.1307
0.9870
-0.0938
0.0000
0.06
0.00
0.25
-0.03
0.00
0.01
0
3
1
0
11645
0.1307
0.9870
-0.0938
0.0000
-0.06
0.12
0.12
-0.01
0.00
0.03
0
3
1
0
11656
0.1307
0.9870
-0.0938
0.0000
-0.06
0.19
0.06
-0.01
0.00
0.01
0
3
1
0
11666
0.1307
0.9870
-0.0938
0.0000
-0.12
-0.19
0.00
-0.02
0.00
0.03
0
3
1
0
11675
0.1307
0.9870
-0.0938
0.0000
-0.12
0.06
0.00
-0.01
0.00
0.03
0
3
1
0
11685
0.1307
0.9870
-0.0938
0.0000
0.06
-0.06
0.12
-0.01
0.00
0.01
0
3
1
0
11696
0.131
3
1
0
13324
0.02
0.00
0.02
0
3
1
0
13314
0.1307
0.9870
-0.0938
0.0000
-0.12
-0.25
0.06
-0.02
0.01
0.02
0
3
1
0
13324
0.1307
0.987002
0
3
1
0
13314
0.1307
0.9870
-0.0938
0.0000
-0.12
-0.25
0.06
-0.02
0.01
0.02
0
3
1
0
13324
0.1307
0.9870
-0.0938
0.0000
0.06
-0.12
0.12
0.00
0.02
0.01
0
3
1
0
13333
0.1307
0.9870
-0.0938
0.0000
-0.06
0.06
-0.19
0.00
0.01
-0.01
0
3
1
0
13343
0.1307
0.9870
-0.0938
0.0000
-0.12
0.19
-0.12
0.00
-0.01
0.04
0
3
1
0
13353
0.1307
0.9870
-0.0938
0.0000
0.00
0.25
0.06
-0.02
-0.01
0.02
0
3
1
0
13364
0.1307
0.9870
-0.0938
0.0000
0.19
0.06
0.00
0.00
0.02
0.01
0
3
1
0
13373
0.1307
0.9870
-0.0938
0.0000
-0.06
0.00
0.00
0.01
-0.01
0.01
0
3
1
0
13383
0.1307
0.9870
-0.0938
0.0000
-0.06
0.00
-0.25
0.00
0.00
0.01
0
3
1
0
13393
0.1307
0.9870
-0.0938
0.0000
0.06
0.00
0.06
-0.01
0.01
0.01
0
3
1
0
13404
0.1307
0.9870
-0.0938
0.0000
0.00
-0.12
0.06
-0.01
0.00
-0.03
0
3
1
0
13414
0.1307
0.9870
-0.0938
0.0000
-0.12
0.00
-0.06
-0.03
-0.03
0.08
0
3
1
0
13423
0.1307
0.9870
-0.0938
0.0000
-0.12
0.12
-0.31
-0.01
-0.03
0.03
0
3
1
0
13433
0.1307
0.9870
-0.0938
0.0000
0.06
-0.06
0.19
0.00
-0.01
-0.02
0
3
1
0
13444
0.1307
0.9870
-0.0938
0.0000
0.06
-0.25
0.06
0.00
0.00
0.04
0
3
1
0
13453
0.1307
0.9870
-0.0938
0.0000
-0.19
0.12
-0.31
-0.01
0.00
0.02
0
3
1
0
13463
0.1307
0.9870
-0.0938
0.0000
0.12
0.19
0.12
0.00
-0.01
0.01
0
3
1
0
13473
0.1307
0.9870
-0.0938
0.0000
0.19
0.12
0.00
-0.01
0.01
0.03
0
3
1
0
13484
0.1307
0.9870
-0.0938
0.0000
-0.19
-0.06
-0.19
-0.03
-0.03
0.00
0
3
1
0
13493
0.1307
0.9870
-0.0938
0.0000
-0.06
-0.12
0.06
0.00
0.00
0.02
0
3
1
0
13503
0.1307
0.9870
-0.0938
0.0000
0.12
-0.12
0.06
-0.01
0.01
0.04
0
3
1
0
13513
0.1307
0.9870
-0.0938
0.0000
-0.06
0.00
-0.25
-0.02
0.00
0.00
0
3
1
0
13523
0.1307
0.9870
-0.0938
0.0000
0.00
0.00
-0.25
-0.01
0.00
0.00
0
3
1
0
13533
0.1307
0.9870
-0.0938
0.0000
0.00
-0.12
0.00
-0.02
-0.01
0.00
0
3
1
0
13543
0.1307
0.9870
-0.0938
0.0000
0.12
-0.12
0.12
-0.01
-0.01
0.01
0
3
1
0
13553
0.1307
0.9870
-0.0938
0.0000
-0.06
0.06
-0.12
-0.01
0.00
0.02
0
3
1
0
13563
0.1307
0.9870
-0.0938
0.0000
0.06
0.00
-0.19
0.00
0.00
0.01
0
3
1
0
13573
0.1307
0.9870
-0.0938
0.0000
0.12
0.00
0.19
0.00
-0.01
0.03
0
3
1
0
13583
0.1307
0.9870
-0.0938
0.0000
0.06
-0.19
-0.06
-0.01
0.00
0.02
0
3
1
0
13593
0.1307
0.9870
-0.0938
0.0000
0.06
-0.06
-0.06
-0.02
-0.01
0.01
0
3
1
0
13603
0.1307
0.9870
-0.0938
0.0000
0.00
-0.19
0.06
-0.02
0.00
0.01
0
3
1
0
13614
0.1307
0.9870
-0.0938
0.0000
0.12
0.00
0.06
-0.02
0.01
0.03
0
3
1
0
13623
0.1307
0.9870
-0.0938
0.0000
0.00
-0.06
-0.12
-0.02
0.00
0.03
0
3
1
0
13633
0.1307
0.9870
-0.0938
0.0000
-0.06
0.00
-0.25
-0.02
-0.02
0.01
0
3
1
0
13643
0.1307
0.9870
-0.0938
0.0000
0.06
0.00
0.00
-0.01
0.01
0.00
0
3
1
0
13652
0.1307
0.9870
-0.0938
0.0000
0.00
0.12
0.00
0.00
0.00
0.02
0
3
1
0
13663
0.1307
0.9870
-0.0938
0.0000
-0.12
0.06
-0.19
-0.02
0.00
0.01
0
3
1
0
13673
0.1307
0.9870
-0.0938
0.0000
0.06
0.00
-0.06
0.00
0.00
0.00
0
3
1
0
13683
0.1307
0.9870
-0.0938
0.0000
0.19
-0.06
0.12
0.00
-0.01
0.03
0
3
1
0
13692
0.1307
0.9870
-0.0938
0.0000
0.06
0.25
-0.19
0.00
-0.02
0.03
0
3
1
0
13703
0.1307
0.9870
-0.0938
0.0000
-0.06
0.06
-0.12
-0.01
-0.02
0.05
0
3
1
0
13713
0.1307
0.9870
-0.0938
0.0000
-0.06
-0.06
-0.06
0.00
0.00
0.02
0
3
1
0
13723
0.1307
0.9870
-0.0938
0.0000
0.06
-0.12
-0.06
0.00
0.01
0.00
0
3
1
0
13732
0.1307
0.9870
-0.0938
0.0000
0.06
-0.25
0.00
-0.02
0.00
0.00
0
3
1
0
13743
0.1307
0.9870
-0.0938
0.0000
-0.12
-0.12
-0.06
-0.01
0.02
0.03
0
3
1
0
13753
0.1307
0.9870
-0.0938
0.0000
0.00
0.06
0.12
-0.01
0.00
0.01
0
3
1
0
13763
0.1307
0.9870
-0.0938
0.0000
-0.12
0.00
-0.06
0.00
0.01
0.03
0
3
1
0
13772
0.1307
0.9870
-0.0938
0.0000
0.06
0.19
-0.25
-0.01
-0.01
0.03
0
3
1
0
13783
0.1307
0.9870
-0.0938
0.0000
0.00
0.19
-0.12
-0.01
-0.01
0.01
0
3
1
0
13793
0.1307
0.9870
-0.0938
0.0000
0.06
0.25
0.00
0.00
0.00
0.00
0
3
1
0
13803
0.1307
0.9870
-0.0938
0.0000
-0.06
0.06
0.00
-0.01
0.00
0.02
0
3
1
0
13813
0.1307
0.9870
-0.0938
0.0000
-0.25
-0.19
-0.12
0.00
0.01
0.01
0
3
1
0
13822
0.1307
0.9870
-0.0938
0.0000
-0.12
0.00
0.12
-0.03
0.00
0.05
0
3
1
0
13833
0.1307
0.9870
-0.0938
0.0000
0.06
-0.12
0.25
-0.04
0.00
0.00
0
3
1
0
13843
0.1307
0.9870
-0.0938
0.0000
-0.06
-0.19
0.00
-0.03
0.00
0.01
0
3
1
0
13852
0.1307
0.9870
-0.0938
0.0000
-0.06
-0.06
0.00
0.00
0.00
0.04
0
3
1
0
13862
0.1307
0.9870
-0.0938
0.0000
-0.06
0.00
0.06
0.00
-0.01
0.06
0
3
1
0
13873
0.1307
0.9870
-0.0938
0.0000
0.00
0.12
-0.06
0.00
-0.02
0.01
0
3
1
0
13883
0.1307
0.9870
-0.0938
0.0000
0.00
-0.06
0.00
-0.01
0.01
0.00
0
3
1
0
13892
0.1307
0.9870
-0.0938
0.0000
-0.06
-0.19
0.12
0.00
0.01
0.00
0
3
1
0
13902
0.1307
0.9870
-0.0938
0.0000
-0.12
-0.12
0.12
-0.01
0.00
0.00
0
3
1
0
13913
0.1307
0.9870
-0.0938
0.0000
0.00
-0.19
0.19
-0.02
0.00
0.02
0
3
1
0
13923
0.1307
0.9870
-0.0938
0.0000
-0.06
0.00
0.00
-0.02
-0.01
0.00
0
3
1
0
13932
0.1307
0.9870
-0.0938
0.0000
0.06
0.06
0.00
-0.01
0.01
0.00
0
3
1
0
13942
0.1307
0.9870
-0.0938
0.0000
-0.06
0.19
0.00
0.00
0.00
0.00
0
3
1
0
13953
0.1307
0.9870
-0.0938
0.0000
-0.06
0.12
-0.12
0.00
-0.01
0.01
0
3
1
0
13963
0.1307
0.9870
-0.0938
0.0000
0.06
0.06
-0.06
-0.01
0.00
0.00
0
3
1
0
13973
0.1307
0.9870
-0.0938
0.0000
0.06
-0.19
0.12
0.01
-0.01
0.02
0
3
1
0
13982
0.1307
0.9870
-0.0938
0.0000
0.06
0.00
0.06
0.00
0.00
0.00
0
3
1
0
13992
0.1307
0.9870
-0.0938
0.0000
0.00
-0.19
0.06
0.00
0.00
0.00
0
3
1
0
14003
0.1307
0.9870
-0.0938
0.0000
0.00
0.19
0.19
0.00
0.00
0.02
0
3
1
0
14013
0.1307
0.9870
-0.0938
0.0000
-0.06
0.12
0.06
-0.01
0.00
0.02
0
3
1
0
14022
0.1307
0.9870
-0.0938
0.0000
-0.12
0.06
-0.12
0.00
0.00
0.01
0
3
1
0
14032
0.1307
0.9870
-0.0938
0.0000
-0.06
0.00
0.00
0.00
0.01
0.00
0
3
1
0
14043
0.1307
0.9870
-0.0938
0.0000
-0.06
0.19
0.12
0.01
0.00
0.03
0
3
1
0
14052
0.1307
0.9870
-0.0938
0.0000
0.00
-0.06
0.00
-0.02
0.01
0.04
0
3
1
0
14062
0.1307
0.9870
-0.0938
0.0000
0.06
-0.25
0.00
-0.02
-0.01
0.01
0
3
1
0
14072
0.1307
0.9870
-0.0938
0.0000
-0.06
-0.12
0.00
0.00
0.00
0.01
0
3
1
0
14083
0.1307
0.9870
-0.0938
0.0000
0.00
-0.25
0.00
-0.02
-0.01
0.00
0
3
1
0
14093
0.1307
0.9870
-0.0938
0.0000
0.06
-0.12
0.00
-0.02
0.00
0.04
0
3
1
0
14102
0.1307
0.9870
-0.0938
0.0000
0.00
0.12
-0.06
0.01
0.01
0.00
0
3
1
0
14112
0.1307
0.9870
-0.0938
0.0000
-0.06
0.12
0.00
0.01
0.02
0.02
0
3
1
0
14123
0.1307
0.9870
-0.0938
0.0000
0.00
0.12
0.00
0.00
0.00
0.00
0
3
1
0
14132
0.1307
0.9870
-0.0938
0.0000
0.06
-0.06
0.00
-0.01
0.00
0.01
0
3
1
0
14142
0.1307
0.9870
-0.0938
0.0000
0.00
-0.06
0.06
0.00
0.00
0.02
0
3
1
0
14152
0.1307
0.9870
-0.0938
0.0000
0.00
-0.12
0.19
-0.03
0.00
0.02
0
3
1
0
14162
0.1307
0.9870
-0.0938
0.0000
0.06
0.00
0.06
-0.01
0.00
0.02
0
3
1
0
14173
0.1307
0.9870
-0.0938
0.0000
0.00
0.12
0.00
0.00
0.00
0.04
0
3
1
0
14182
0.1307
0.9870
-0.0938
0.0000
0.00
-0.06
-0.12
-0.01
0.00
0.00
0
3
1
0
14192
0.1307
0.9870
-0.0938
0.0000
-0.06
-0.06
0.00
0.00
0.00
0.02
0
3
1
0
14202
0.1307
0.9870
-0.0938
0.0000
0.06
0.12
-0.06
0.00
-0.02
0.02
0
3
1
0
14213
0.1307
0.9870
-0.0938
0.0000
0.06
0.06
0.06
0.00
0.00
0.03
0
3
1
0
14222
0.1307
0.9870
-0.0938
0.0000
-0.06
0.12
-0.06
0.00
-0.01
0.00
0
3
1
0
14232
0.1307
0.9870
-0.0938
0.0000
0.06
0.06
0.00
-0.02
0.00
0.00
0
3
1
0
14242
0.1307
0.9870
-0.0938
0.0000
0.06
-0.12
-0.06
0.00
0.00
0.01
0
3
1
0
14252
0.1307
0.9870
-0.0938
0.0000
0.00
0.19
0.06
0.00
-0.01
0.01
0
3
1
0
14262
0.1307
0.9870
-0.0938
0.0000
0.06
0.19
0.00
-0.01
-0.03
0.03
0
3
1
0
14272
0.1307
0.9870
-0.0938
0.0000
-0.06
-0.19
-0.06
0.00
-0.01
0.03
0
3
1
0
14282
0.1307
0.9870
-0.0938
0.0000
-0.06
0.19
-0.12
0.00
0.00
0.01
0
3
1
0
14292
0.1307
0.9870
-0.0938
0.0000
0.12
-0.06
0.06
0.00
0.00
0.02
0
3
1
0
14302
0.1307
0.9870
-0.0938
0.0000
0.06
0.00
0.06
-0.01
0.01
0.03
0
3
1
0
14312
0.1307
0.9870
-0.0938
0.0000
-0.06
0.06
-0.12
-0.01
0.00
0.02
0
3
1
0
14322
0.1307
0.9870
-0.0938
0.0000
-0.06
-0.06
0.00
-0.03
0.00
0.01
0
3
1
0
14332
0.1307
0.9870
-0.0938
0.0000
0.06
0.12
0.00
-0.03
0.00
0.02
0
3
1
0
14342
0.1307
0.9870
-0.0938
0.0000
0.00
0.00
0.06
0.00
0.00
0.00
0
3
1
0
14352
0.1307
0.9870
-0.0938
0.0000
-0.06
0.06
0.00
0.00
0.00
0.02
0
3
1
0
14362
0.1307
0.9870
-0.0938
0.0000
0.00
0.06
0.00
0.01
0.00
0.02
0
3
1
0
14372
0.1307
0.9870
-0.0938
0.0000
0.06
-0.12
0.00
-0.01
0.00
0.02
0
3
1
0
14382
0.1307
0.9870
-0.0938
0.0000
0.00
-0.06
0.00
-0.01
0.00
0.01
0
3
1
0
14392
0.1307
0.9870
-0.0938
0.0000
-0.06
-0.12
0.00
-0.01
0.00
0.03
0
3
1
0
14402
0.1307
0.9870
-0.0938
0.0000
-0.06
-0.19
0.12
-0.02
0.00
0.06
0
3
1
0
14412
0.1307
0.9870
-0.0938
0.0000
0.00
-0.12
0.00
-0.01
0.01
0.00
0
3
1
0
14422
0.1307
0.9870
-0.0938
0.0000
0.00
0.06
0.00
-0.03
-0.01
0.02
0
3
1
0
14432
0.1307
0.9870
-0.0938
0.0000
-0.06
0.12
0.06
-0.01
0.01
0.02
0
3
1
0
14442
0.1307
0.9870
-0.0938
0.0000
0.12
0.19
-0.06
0.01
0.00
0.00
0
3
1
0
14452
0.1307
0.9870
-0.0938
0.0000
-0.06
0.12
0.06
0.00
0.00
0.00
0
3
1
0
14461
0.1307
0.9870
-0.0938
0.0000
-0.06
0.06
-0.06
-0.01
0.00
0.00
0
3
1
0
14472
0.1307
0.9870
-0.0938
0.0000
0.00
-0.19
0.00
-0.01
0.01
0.02
0
3
1
0
14482
0.1307
0.9870
-0.0938
0.0000
0.00
-0.12
0.19
-0.01
0.00
0.00
0
3
1
0
14492
0.1307
0.9870
-0.0938
0.0000
0.00
-0.31
0.00
0.00
0.00
-0.02
0
3
1
0
14501
0.1307
0.9870
-0.0938
0.0000
0.00
-0.19
0.06
-0.02
0.00
0.02
0
3
1
0
14512
0.1307
0.9870
-0.0938
0.0000
-0.06
0.06
0.06
0.00
0.00
0.02
0
3
1
0
14522
0.1307
0.9870
-0.0938
0.0000
-0.06
0.12
0.06
-0.01
0.00
0.01
0
3
1
0
14532
0.1307
0.9870
-0.0938
0.0000
0.00
0.00
0.06
0.00
0.00
0.00
0
3
1
0
14541
0.1307
0.9870
-0.0938
0.0000
-0.06
-0.25
0.06
-0.02
0.01
0.02
0
3
1
0
14552
0.1307
0.9870
-0.0938
0.0000
-0.06
0.00
-0.06
-0.02
0.01
-0.01
0
3
1
0
14562
0.1307
0.9870
-0.0938
0.0000
0.00
-0.06
0.19
-0.02
0.00
0.03
0
3
1
0
14572
0.1307
0.9870
-0.0938
0.0000
0.00
0.06
-0.12
-0.01
-0.03
0.03
0
3
1
0
14581
0.1307
0.9870
-0.0938
0.0000
-0.06
0.06
-0.06
-0.01
0.00
0.00
0
3
1
0
14592
0.1307
0.9870
-0.0938
0.0000
0.00
-0.12
-0.12
0.00
0.00
0.03
0
3
1
0
14602
0.1307
0.9870
-0.0938
0.0000
0.00
0.06
-0.06
0.00
0.00
0.00
0
3
1
0
14612
0.1307
0.9870
-0.0938
0.0000
-0.12
0.25
-0.06
0.01
0.00
0.00
0
3
1
0
14621
0.1307
0.9870
-0.0938
0.0000
0.06
-0.25
0.06
0.00
-0.01
0.00
0
3
1
0
14631
0.1307
0.9870
-0.0938
0.0000
0.12
-0.12
0.12
-0.02
-0.01
-0.02
0
3
1
0
14642
0.1307
0.9870
-0.0938
0.0000
-0.06
-0.06
0.06
-0.03
0.00
0.02
0
3
1
0
14652
0.1307
0.9870
-0.0938
0.0000
-0.12
0.00
0.00
-0.02
0.01
0.02
0
3
1
0
14662
0.1307
0.9870
-0.0938
0.0000
-0.12
0.06
0.19
0.01
0.00
0.04
0
3
1
0
14671
0.1307
0.9870
-0.0938
0.0000
0.19
0.06
0.06
0.00
0.00
0.04
0
3
1
0
14682
0.1307
0.9870
-0.0938
0.0000
0.06
0.06
0.06
0.01
0.00
0.02
0
3
1
0
14692
0.1307
0.9870
-0.0938
0.0000
0.00
0.06
0.00
0.00
0.00
0.02
0
3
1
0
14701
0.1307
0.9870
-0.0938
0.0000
-0.06
0.00
0.06
-0.01
-0.01
0.03
0
3
1
0
14711
0.1307
0.9870
-0.0938
0.0000
-0.06
-0.19
0.06
0.00
-0.01
0.02
0
3
1
0
14722
0.1307
0.9870
-0.0938
0.0000
-0.06
-0.19
0.19
-0.03
0.00
0.03
0
3
1
0
14732
0.1307
0.9870
-0.0938
0.0000
0.06
-0.44
0.06
-0.04
0.00
-0.01
0
3
1
0
14741
0.1307
0.9870
-0.0938
0.0000
0.00
-0.12
0.12
-0.04
-0.02
0.03
0
3
1
0
14751
0.1307
0.9870
-0.0938
0.0000
0.06
0.19
0.06
-0.03
0.00
0.00
0
3
1
0
14761
0.1307
0.9870
-0.0938
0.0000
-0.12
0.19
0.00
-0.02
0.01
0.02
0
3
1
0
14772
0.1307
0.9870
-0.0938
0.0000
0.00
0.12
0.00
0.01
-0.01
0.04
0
3
1
0
14781
0.1307
0.9870
-0.0938
0.0000
0.12
0.25
0.06
-0.01
0.00
0.03
0
3
1
0
14791
0.1307
0.9870
-0.0938
0.0000
0.06
0.06
0.00
0.02
0.00
0.00
0
3
1
0
14801
0.1307
0.9870
-0.0938
0.0000
0.06
0.06
0.12
-0.01
-0.02
0.02
0
3
1
0
14812
0.1307
0.9870
-0.0938
0.0000
0.06
-0.19
0.25
-0.03
-0.01
0.00
0
3
1
0
14822
0.1307
0.9870
-0.0938
0.0000
0.06
-0.12
0.00
-0.02
0.00
0.00
0
3
1
0
14831
0.1307
0.9870
-0.0938
0.0000
0.00
0.06
-0.12
-0.02
-0.01
0.00
0
3
1
0
14841
0.1307
0.9870
-0.0938
0.0000
0.06
0.00
-0.19
0.00
0.00
0.02
0
3
1
0
14852
0.1307
0.9870
-0.0938
0.0000
0.06
0.06
-0.12
0.00
-0.01
0.02
0
3
1
0
14862
0.1307
0.9870
-0.0938
0.0000
-0.06
0.12
0.00
0.00
0.00
0.01
0
3
1
0
14871
0.1307
0.9870
-0.0938
0.0000
0.06
0.12
-0.06
0.01
0.00
0.02
0
3
1
0
14881
0.1307
0.9870
-0.0938
0.0000
-0.06
0.00
-0.12
-0.02
0.00
0.00
0
3
1
0
14892
0.1307
0.9870
-0.0938
0.0000
0.12
-0.12
-0.12
-0.01
-0.01
0.01
0
3
1
0
14902
0.1307
0.9870
-0.0938
0.0000
-0.12
-0.06
0.06
0.00
0.00
0.00
0
3
1
0
14911
0.1307
0.9870
-0.0938
0.0000
0.00
0.12
-0.12
0.00
0.00
0.01
0
3
1
0
14921
