
	
1586
0.0000
0.0000
0.0000
0.0000
0.00
0.00
0.00
0.00
0.00
0.00
0
0
0
0
1595
0.0000
0.0000
0.0000
0.0000
0.00
0.00
0.00
0.00
0.00
0.00
0
0
0
0
1603
0.0000
0.0000
0.0000
0.0000
0.00
0.00
0.00
0.00
0.00
0.00
0
0
0
0
1612
0.0000
0.0000
0.0000
0.0000
0.00
0.00
0.00
0.00
0.00
0.00
0
0
0
0
1620
0.0000
0.0000
0.0000
0.0000
0.00
0.00
0.00
0.00
0.00
0.00
0
0
0
0
1630
0.0000
0.0000
0.0000
0.0000
0.00
0.00
0.00
0.00
0.00
0.00
0
0
0
0
1638
0.0000
0.0000
0.0000
0.0000
0.00
0.00
0.00
0.00
0.00
0.00
0
0
0
0
1647
0.0000
0.0000
0.0000
0.0000
0.00
0.00
0.00
0.00
0.00
0.00
0
0
0
0
1655
0.0000
0.0000
0.0000
0.0000
0.00
0.00
0.00
0.00
0.00
0.00
0
0
0
0
1665
0.0000
0.0000
0.0000
0.0000
0.00
0.00
0.00
0.00
0.00
0.00
0
0
0
0
1674
0.0000
0.0000
0.0000
0.0000
0.00
0.00
0.00
0.00
0.00
0.00
0
0
0
0
1682
0.0000
0.0000
0.0000
0.0000
0.00
0.00
0.00
0.00
0.00
0.00
0
0
0
0
1691
0.0000
0.0000
0.0000
0.0000
0.00
0.00
0.00
0.00
0.00
0.00
0
0
0
0
1699
0.0000
0.0000
0.0000
0.0000
0.00
0.00
0.00
0.00
0.00
0.00
0
0
0
0
1709
0.0000
0.0000
0.0000
0.0000
0.00
0.00
0.00
0.00
0.00
0.00
0
0
0
0
1717
0.0000
0.0000
0.0000
0.0000
0.00
0.00
0.00
0.00
0.00
0.00
0
0
0
0
1726
0.0000
0.0000
0.0000
0.0000
0.00
0.00
0.00
0.00
0.00
0.00
0
0
0
0
1734
0.0000
0.0000
0.0000
0.0000
0.00
0.00
0.00
0.00
0.00
0.00
0
0
0
0
1743
0.0000
0.0000
0.0000
0.0000
0.00
0.00
0.00
0.00
0.00
0.00
0
0
0
0
1753
0.0000
0.0000
0.0000
0.0000
0.00
0.00
0.00
0.00
0.00
0.00
0
0
0
0
1761
0.0000
0.0000
0.0000
0.0000
0.00
0.00
0.00
0.00
0.00
0.00
0
0
0
0
1770
0.0000
0.0000
0.0000
0.0000
0.00
0.00
0.00
0.00
0.00
0.00
0
0
0
0
1778
0.0000
0.0000
0.0000
0.0000
0.00
0.00
0.00
0.00
0.00
0.00
0
0
0
0
1787
0.0000
0.0000
0.0000
0.0000
0.00
0.00
0.00
0.00
0.00
0.00
0
0
0
0
1796
0.0000
0.0000
0.0000
0.0000
0.00
0.00
0.00
0.00
0.00
0.00
0
0
0
0
1805
0.0000
0.0000
0.0000
0.0000
0.00
0.00
0.00
0.00
0.00
0.00
0
0
0
0
1813
0.0000
0.0000
0.0000
0.0000
0.00
0.00
0.00
0.00
0.00
0.00
0
0
0
0
1822
0.0000
0.0000
0.0000
0.0000
0.00
0.00
0.00
0.00
0.00
0.00
0
0
0
0
1831
0.0000
0.0000
0.0000
0.0000
0.00
0.00
0.00
0.00
0.00
0.00
0
0
0
0
1840
0.0000
0.0000
0.0000
0.0000
0.00
0.00
0.00
0.00
0.00
0.00
0
0
0
0
1849
0.0000
0.0000
0.0000
0.0000
0.00
0.00
0.00
0.00
0.00
0.00
0
0
0
0
1857
0.0000
0.0000
0.0000
0.0000
0.00
0.00
0.00
0.00
0.00
0.00
0
0
0
0
1866
0.0000
0.0000
0.0000
0.0000
0.00
0.00
0.00
0.00
0.00
0.00
0
0
0
0
1874
0.0000
0.0000
0.0000
0.0000
0.00
0.00
0.00
0.00
0.00
0.00
0
0
0
0
1884
0.0000
0.0000
0.0000
0.0000
0.00
0.00
0.00
0.00
0.00
0.00
0
0
0
0
1892
0.0000
0.0000
0.0000
0.0000
0.00
0.00
0.00
0.00
0.00
0.00
0
0
0
0
1901
0.0000
0.0000
0.0000
0.0000
0.00
0.00
0.00
0.00
0.00
0.00
0
0
0
0
1910
0.0000
0.0000
0.0000
0.0000
0.00
0.00
0.00
0.00
0.00
0.00
0
0
0
0
1918
0.0000
0.0000
0.0000
0.0000
0.00
0.00
0.00
0.00
0.00
0.00
0
0
0
0
1928
0.0000
0.0000
0.0000
0.0000
0.00
0.00
0.00
0.00
0.00
0.00
0
0
0
0
1936
0.0000
0.0000
0.0000
0.0000
0.00
0.00
0.00
0.00
0.00
0.00
0
0
0
0
1945
0.0000
0.0000
0.0000
0.0000
0.00
0.00
0.00
0.00
0.00
0.00
0
0
0
0
1953
0.0000
0.0000
0.0000
0.0000
0.00
0.00
0.00
0.00
0.00
0.00
0
0
0
0
1963
0.0000
0.0000
0.0000
0.0000
0.00
0.00
0.00
0.00
0.00
0.00
0
0
0
0
1971
0.0000
0.0000
0.0000
0.0000
0.00
0.00
0.00
0.00
0.00
0.00
0
0
0
0
1980
0.0000
0.0000
0.0000
0.0000
0.00
0.00
0.00
0.00
0.00
0.00
0
0
0
0
1989
0.0000
0.0000
0.0000
0.0000
0.00
0.00
0.00
0.00
0.00
0.00
0
0
0
0
1997
0.0000
0.0000
0.0000
0.0000
0.00
0.00
0.00
0.00
0.00
0.00
0
0
0
0
2007
0.0000
0.0000
0.0000
0.0000
0.00
0.00
0.00
0.00
0.00
0.00
0
0
0
0
2015
0.0000
0.0000
0.0000
0.0000
0.00
0.00
0.00
0.00
0.00
0.00
0
0
0
0
2024
0.0000
0.0000
0.0000
0.0000
0.00
0.00
0.00
0.00
0.00
0.00
0
0
0
0
2032
0.0000
0.0000
0.0000
0.0000
0.00
0.00
0.00
0.00
0.00
0.00
0
0
0
0
2041
0.0000
0.0000
0.0000
0.0000
0.00
0.00
0.00
0.00
0.00
0.00
0
0
0
0
2050
0.0000
0.0000
0.0000
0.0000
0.00
0.00
0.00
0.00
0.00
0.00
0
0
0
0
2059
0.0000
0.0000
0.0000
0.0000
0.00
0.00
0.00
0.00
0.00
0.00
0
0
0
0
2068
0.0000
0.0000
0.0000
0.0000
0.00
0.00
0.00
0.00
0.00
0.00
0
0
0
0
2080
0.0000
0.0000
0.0000
0.0000
0.75
0.31
0.63
0.00
0.00
0.00
0
0
0
0
2092
0.0000
0.0000
0.0000
0.0000
0.75
0.31
0.63
0.00
0.00
0.00
0
0
0
0
2103
0.0000
0.0000
0.0000
0.0000
5.81
1.06
0.06
0.00
0.00
0.00
0
0
0
0
2113
0.0000
0.0000
0.0000
0.0000
7.06
1.12
-3.81
0.00
0.00
0.00
0
0
0
0
2123
0.0000
0.0000
0.0000
0.0000
5.75
1.31
-3.06
0.00
0.00
0.00
0
0
0
0
2134
0.0000
0.0000
0.0000
0.0000
2.94
1.81
0.63
-0.09
0.08
0.02
0
0
0
0
2144
0.4826
-0.7491
-0.4538
-0.0015
-0.50
2.00
2.81
-0.14
0.02
0.06
0
0
0
0
2154
0.4827
-0.7492
-0.4536
-0.0015
-0.56
1.63
2.19
-0.08
0.08
-0.05
0
0
0
0
2164
0.4827
-0.7493
-0.4534
-0.0015
8.94
0.56
4.88
-0.12
0.02
0.08
0
0
0
0
2173
0.0000
0.0000
0.0000
0.0000
7.25
0.63
6.25
-0.05
0.15
0.03
0
0
0
0
2183
0.4838
-0.7491
-0.4526
-0.0004
7.25
0.63
6.25
-0.14
0.00
-0.01
0
0
0
0
2192
0.4838
-0.0151
-0.0001
-0.0001
-1.88
1.94
9.94
-0.16
-0.05
0.09
0
0
0
0
2203
0.0000
0.0000
0.0000
0.0000
-1.56
-0.31
6.56
-0.08
0.03
-0.02
0
0
0
0
2213
0.4835
-0.0156
-0.0001
-0.0001
-1.50
-0.75
0.56
-0.06
0.05
-0.02
0
0
0
0
2223
0.4834
-0.7500
-0.4515
0.0002
-1.50
-0.75
0.56
-0.14
-0.02
0.08
0
0
0
0
2232
0.4833
-0.7501
-0.4514
0.0002
-1.50
-0.19
2.00
-0.10
0.05
-0.03
0
0
0
0
2242
0.0000
0.0000
0.0000
0.0000
-1.94
-0.75
-1.44
-0.09
0.05
0.02
0
0
0
0
2252
0.0000
0.0000
0.0000
0.0000
2.75
-0.06
-0.06
-0.10
0.04
0.06
0
0
0
0
2263
0.4835
-0.0154
-0.0001
-0.0001
-1.75
1.00
2.13
-0.11
0.04
0.09
0
0
0
0
2273
0.4834
-0.7500
-0.4515
0.0002
-1.75
1.00
2.13
-0.12
0.06
0.04
0
0
0
0
2282
0.4830
-0.7504
-0.4512
0.0001
-6.13
0.69
4.13
-0.12
0.06
0.04
0
0
0
0
2292
0.0000
0.0000
0.0000
0.0000
0.00
0.00
0.00
-0.08
0.08
0.04
0
0
0
0
2301
0.0000
0.0000
0.0000
0.0000
0.00
0.00
0.00
-0.12
0.00
0.03
0
0
0
0
2312
0.0000
0.0000
0.0000
0.0000
-3.31
-2.88
15.44
-0.17
-0.08
0.00
0
0
0
0
2322
0.4815
-0.7529
-0.4487
0.0015
-6.63
-3.06
7.44
-0.17
-0.08
0.00
0
0
0
0
2331
0.4809
-0.7532
-0.4488
0.0013
-7.94
-1.50
0.25
-0.07
0.11
0.06
0
0
0
0
2340
0.0000
0.0000
0.0000
0.0000
-8.94
-1.81
3.63
-0.10
0.03
0.02
0
0
0
0
2352
0.0000
0.0000
0.0000
0.0000
-6.56
-0.06
-0.06
-0.14
0.00
0.04
0
0
0
0
2362
0.0000
0.0000
0.0000
0.0000
0.00
0.00
0.00
-0.14
-0.05
0.05
0
0
0
0
2372
0.4787
-0.7548
-0.4485
0.0016
-5.75
-3.44
-0.69
-0.05
0.07
-0.01
0
0
0
0
2381
0.4785
-0.7549
-0.4485
0.0016
-3.38
-1.19
1.12
-0.09
0.00
0.00
0
0
0
0
2390
0.4788
-0.0001
-0.0001
-0.0001
4.56
-0.06
-0.06
-0.11
0.00
0.11
0
0
0
0
2402
0.4787
-0.0001
-0.0001
-0.0001
0.00
0.00
0.00
-0.15
-0.06
0.00
0
0
0
0
2412
0.0000
0.0000
0.0000
0.0000
0.00
0.00
0.00
-0.08
0.06
0.05
0
0
0
0
2422
0.4789
-0.7547
-0.4484
0.0020
2.81
0.44
-3.25
-0.08
0.06
0.05
0
0
0
0
2432
0.4792
-0.7545
-0.4484
0.0022
4.25
0.19
0.00
-0.12
0.00
0.00
0
0
0
0
2441
0.0000
0.0000
0.0000
0.0000
0.00
0.00
0.00
-0.13
-0.02
0.05
0
0
0
0
2452
0.0000
0.0000
0.0000
0.0000
8.31
0.06
-0.06
-0.07
0.05
0.03
0
0
0
0
2462
0.0000
0.0000
0.0000
0.0000
5.56
0.31
-0.06
-0.15
-0.01
0.02
0
0
0
0
2472
0.4808
-0.7526
-0.4500
0.0020
2.81
1.31
-9.25
-0.15
-0.01
0.02
0
0
0
0
2482
0.4810
-0.7520
-0.4507
0.0013
0.88
1.81
-13.56
-0.12
0.08
0.04
0
0
0
0
2491
0.4810
-0.0001
-0.0001
-0.0001
0.00
0.00
0.00
-0.12
0.03
0.07
0
0
0
0
2502
0.0000
0.0000
0.0000
0.0000
-2.19
0.94
-14.44
-0.09
0.07
0.05
0
0
0
0
2513
0.0000
0.0000
0.0000
0.0000
-3.19
1.31
-12.81
-0.10
0.04
0.06
0
0
0
0
2523
0.4807
-0.7504
-0.4538
-0.0014
-2.88
1.00
-9.63
-0.09
0.08
0.11
0
0
0
0
2533
0.4805
-0.7502
-0.4542
-0.0018
-2.94
0.75
-6.69
-0.09
0.08
0.11
0
0
0
0
2542
0.0000
0.0000
0.0000
0.0000
0.00
0.00
0.00
-0.02
0.15
0.06
0
0
0
0
2552
0.4794
-0.0001
-0.0001
-0.0001
-8.94
-2.13
8.94
-0.12
0.03
0.08
0
0
0
0
2564
0.0000
0.0000
0.0000
0.0000
0.00
0.00
0.00
-0.25
-0.27
-0.28
0
0
0
0
2573
0.4773
-0.7538
-0.4516
-0.0008
-6.81
-5.94
20.31
-0.25
-0.27
-0.28
0
0
0
0
2582
0.4777
-0.7537
-0.4514
0.0002
9.81
-5.06
6.56
-0.12
-0.06
0.01
0
0
0
0
2591
0.0000
0.0000
0.0000
0.0000
-0.63
-0.56
-1.56
-0.02
0.20
0.15
0
0
0
0
2603
0.0000
0.0000
0.0000
0.0000
0.00
0.00
0.00
-0.14
0.00
-0.10
0
0
0
0
2613
0.0000
0.0000
0.0000
0.0000
0.00
0.00
0.00
-0.28
-0.19
0.21
0
0
0
0
2623
0.4769
-0.7537
-0.4521
-0.0007
-5.69
-1.44
-2.31
-0.25
-0.14
0.29
0
0
0
0
2632
0.4766
-0.7542
-0.4517
-0.0003
-3.75
-1.81
7.94
-0.19
-0.13
-0.21
0
0
0
0
2641
0.0000
0.0000
0.0000
0.0000
2.56
-1.81
4.88
-0.06
0.08
0.18
0
0
0
0
2651
0.0000
0.0000
0.0000
0.0000
0.00
0.00
0.00
-0.21
-0.23
0.00
0
0
0
0
2661
0.0000
0.0000
0.0000
0.0000
0.00
-0.06
-0.06
0.05
0.15
0.03
0
0
0
0
2671
0.4762
-0.7564
-0.4485
0.0025
2.38
-3.00
17.75
-0.08
0.01
0.03
0
0
0
0
2680
0.4761
-0.7571
-0.4473
0.0032
-1.06
0.00
18.25
-0.06
0.05
0.11
0
0
0
0
2690
0.4756
-0.7582
-0.4460
0.0038
-7.81
-0.81
20.12
-0.18
0.00
0.19
0
0
0
0
2699
0.4750
-0.7593
-0.4448
0.0046
-6.50
-2.06
21.75
-0.13
-0.08
-0.28
0
0
0
0
2709
0.4753
-0.7597
-0.4438
0.0057
5.19
-2.88
16.81
-0.23
-0.12
-0.11
0
0
0
0
2718
0.4761
-0.7595
-0.4433
0.0065
13.13
-0.37
7.56
-0.03
0.20
0.00
0
0
0
0
2727
0.4759
-0.7599
-0.4427
0.0067
-2.63
0.12
9.13
-0.03
0.16
-0.02
0
0
0
0
2737
0.4761
-0.7605
-0.4414
0.0079
5.50
-2.38
21.44
-0.19
-0.06
-0.08
0
0
0
0
2747
0.4773
-0.7606
-0.4400
0.0098
19.75
-2.56
23.37
-0.15
0.01
0.00
0
0
0
0
2756
0.4786
-0.7604
-0.4388
0.0109
19.19
4.69
15.69
-0.08
0.18
-0.07
0
0
0
0
2766
0.4800
-0.7601
-0.4379
0.0111
15.38
9.63
6.75
-0.16
0.07
0.52
0
0
0
0
2776
0.4800
-0.7601
-0.4379
0.0111
11.38
5.88
15.44
0.05
0.31
-0.18
0
0
0
0
2785
0.0000
0.0000
0.0000
0.0000
12.19
1.50
24.25
-0.06
0.07
-0.29
0
0
0
0
2795
0.0000
0.0000
0.0000
0.0000
10.69
0.81
18.25
-0.60
-0.85
0.71
0
0
0
0
2805
0.4824
-0.7608
-0.4338
0.0142
7.88
2.50
-0.50
0.07
0.28
-0.46
0
0
0
0
2816
0.4830
-0.7605
-0.4337
0.0143
1.63
5.94
-16.19
-0.13
0.02
0.24
0
0
0
0
2826
0.4834
-0.7598
-0.4345
0.0133
4.75
-1.88
-11.13
-0.26
-0.18
0.11
0
0
0
0
2835
0.4836
-0.7592
-0.4353
0.0132
4.75
-1.88
-11.13
-0.19
-0.04
-0.10
0
0
0
0
2845
0.0000
0.0000
0.0000
0.0000
-5.13
1.37
-5.31
-0.15
0.08
0.07
0
0
1
0
2855
0.0000
0.0000
0.0000
0.0000
7.00
-0.94
-3.25
-0.10
-0.06
-0.08
0
0
1
0
2865
0.4832
-0.7590
-0.4363
0.0127
7.88
0.00
-1.44
-0.07
-0.02
0.32
0
0
1
0
2875
0.4838
-0.7585
-0.4363
0.0130
1.37
2.00
-3.00
-0.03
-0.04
-0.02
0
0
1
0
2884
0.4839
-0.7584
-0.4365
0.0128
1.37
2.00
-3.00
-0.01
0.00
0.09
0
0
1
0
2894
0.0000
0.0000
0.0000
0.0000
-17.44
1.50
-5.19
-0.11
-0.21
-0.14
0
0
1
0
2905
0.0000
0.0000
0.0000
0.0000
-16.31
-6.63
-11.00
0.03
0.07
0.12
0
0
1
0
2915
0.4801
-0.7598
-0.4382
0.0104
-24.12
-6.06
-14.25
-0.04
-0.03
-0.28
0
0
1
0
2925
0.4783
-0.7603
-0.4394
0.0093
-13.25
-3.50
-14.25
-0.11
-0.15
-0.22
0
0
1
0
2935
0.4774
-0.7603
-0.4404
0.0085
0.00
0.00
0.00
-0.02
-0.17
-0.18
0
0
1
0
2945
0.4765
-0.7604
-0.4411
0.0080
2.06
-1.44
-10.44
-0.11
-0.11
0.11
0
0
1
0
2956
0.4766
-0.7600
-0.0043
-0.0001
3.81
2.81
-10.69
-0.02
0.02
0.08
0
0
1
0
2966
0.4769
-0.7595
-0.4424
0.0073
-1.31
4.19
-12.81
-0.04
-0.07
0.06
0
0
1
0
2976
0.4771
-0.7590
-0.4431
0.0065
-1.31
4.19
-12.81
-0.05
0.01
-0.03
0
0
1
0
2985
0.4767
-0.7589
-0.4437
0.0059
-4.75
-0.19
-10.19
-0.02
-0.12
0.09
0
0
1
0
2995
0.0000
0.0000
0.0000
0.0000
-0.63
0.19
-3.88
-0.22
-0.39
-0.19
0
0
1
0
3005
0.0000
0.0000
0.0000
0.0000
5.50
1.44
-17.56
-0.01
-0.01
-0.13
0
0
1
0
3015
0.0000
0.0000
0.0000
0.0000
0.75
3.00
-17.19
-0.01
0.00
0.11
0
0
1
0
3025
0.4772
-0.7570
-0.4464
0.0041
0.00
0.00
0.00
-0.01
0.00
0.11
0
0
1
0
3034
0.4773
-0.7564
-0.4473
0.0032
-0.63
3.63
-15.25
0.07
0.09
0.09
0
0
1
0
3044
0.0000
0.0000
0.0000
0.0000
0.00
0.00
0.00
-0.13
-0.21
-0.08
0
0
1
0
3054
0.0000
0.0000
0.0000
0.0000
0.00
0.00
0.00
-0.08
-0.13
-0.05
0
0
1
0
3064
0.4775
-0.0001
-0.0001
-0.0001
9.13
1.56
-24.94
-0.07
-0.02
0.04
0
0
1
0
3075
0.4778
-0.7536
-0.4514
0.0005
3.31
3.19
-23.37
-0.07
-0.02
0.04
0
0
1
0
3084
0.4779
-0.7529
-0.4525
-0.0006
-1.00
3.25
-20.31
-0.07
-0.06
0.00
0
0
1
0
3093
0.0000
0.0000
0.0000
0.0000
0.00
0.00
0.00
-0.04
-0.01
-0.02
0
0
1
0
3104
0.0000
0.0000
0.0000
0.0000
0.00
0.00
0.00
-0.02
0.01
-0.09
0
0
1
0
3115
0.0000
0.0000
0.0000
0.0000
8.63
2.56
-11.25
-0.06
-0.13
-0.03
0
0
1
0
3125
0.4800
-0.7498
-0.4554
-0.0022
15.56
3.38
-5.00
-0.06
-0.13
-0.03
0
0
1
0
3134
0.4815
-0.7487
-0.4556
-0.0018
21.19
3.69
-5.00
0.00
-0.03
0.02
0
0
1
0
3143
0.4830
-0.7476
-0.4558
-0.0018
0.00
0.00
0.00
-0.02
0.00
0.14
0
0
1
0
3154
0.0000
0.0000
0.0000
0.0000
5.25
7.38
-0.06
0.03
0.16
-0.13
0
0
1
0
3165
0.4836
-0.0128
-0.0001
-0.0001
-3.75
3.31
-4.06
-0.25
-0.38
0.19
0
0
1
0
3176
0.4831
-0.7469
-0.4568
-0.0032
-5.69
-3.13
-10.88
0.13
0.27
-0.09
0
0
1
0
3185
0.4828
-0.7466
-0.4576
-0.0034
-1.81
-5.00
-10.50
-0.23
-0.31
0.12
0
0
1
0
3194
0.0000
0.0000
0.0000
0.0000
3.00
0.37
-14.44
0.02
0.14
-0.18
0
0
1
0
3206
0.0000
0.0000
0.0000
0.0000
6.25
3.00
-6.31
-0.11
-0.07
0.17
0
0
1
0
3216
0.0000
0.0000
0.0000
0.0000
2.69
-0.44
-4.63
-0.07
-0.06
0.09
0
0
1
0
3225
0.4838
-0.7449
-0.4594
-0.0046
2.69
-0.44
-4.63
0.01
0.00
-0.21
0
0
1
0
3235
0.4836
-0.7449
-0.4597
-0.0049
-3.94
-0.12
-5.19
0.01
0.00
-0.21
0
0
1
0
3245
0.4839
-0.7446
-0.0066
-0.0001
6.75
-0.06
-0.06
0.02
0.07
-0.25
0
0
1
0
3255
0.0000
0.0000
0.0000
0.0000
2.38
-0.50
1.69
-0.07
-0.06
0.21
0
0
1
0
3266
0.0000
0.0000
0.0000
0.0000
5.06
0.69
0.19
-0.09
-0.08
-0.05
0
0
1
0
3275
0.4843
-0.7443
-0.4598
-0.0046
5.06
0.69
0.19
-0.04
-0.01
0.06
0
0
1
0
3286
0.4841
-0.7445
-0.4597
-0.0045
-1.75
-0.81
3.69
-0.04
-0.01
0.06
0
0
1
0
3295
0.0000
0.0000
0.0000
0.0000
0.00
0.00
0.00
-0.04
-0.05
-0.23
0
0
1
0
3305
0.0000
0.0000
0.0000
0.0000
-2.00
-1.31
-3.94
0.03
0.09
-0.24
0
0
1
0
3315
0.0000
0.0000
0.0000
0.0000
4.69
-1.00
-11.13
-0.10
-0.04
0.04
0
0
1
0
3325
0.4844
-0.7435
-0.4611
-0.0048
8.81
0.25
-9.19
-0.12
-0.14
0.02
0
0
1
0
3336
0.4844
-0.7433
-0.4612
-0.0050
-0.56
0.81
-2.81
-0.12
-0.14
0.02
0
0
1
0
3345
0.4842
-0.7433
-0.4614
-0.0054
0.00
0.00
0.00
0.12
0.21
-0.29
0
0
1
0
3355
0.0000
0.0000
0.0000
0.0000
3.75
-1.12
-13.25
0.00
0.03
-0.01
0
0
1
0
3366
0.4838
-0.7424
-0.4633
-0.0067
5.25
-0.44
0.44
-0.05
-0.03
0.02
0
0
1
0
3377
0.4841
-0.7422
-0.4633
-0.0065
-4.88
0.69
4.94
-0.09
-0.14
0.10
0
0
1
0
3386
0.4838
-0.7426
-0.4630
-0.0065
-4.88
0.69
4.94
-0.10
-0.17
0.07
0
0
1
0
3395
0.0000
0.0000
0.0000
0.0000
-4.88
0.69
4.94
-0.02
-0.01
-0.03
0
0
1
0
3406
0.4829
-0.7433
-0.4628
-0.0069
-5.31
-2.44
-1.69
0.00
0.03
-0.02
0
0
1
0
3417
0.4825
-0.7435
-0.4630
-0.0070
-1.81
-1.94
3.81
-0.01
0.00
-0.06
0
0
1
0
3427
0.4822
-0.7437
-0.4628
-0.0068
0.31
-0.69
3.44
-0.05
-0.05
-0.02
0
0
1
0
3436
0.4822
-0.7439
-0.4626
-0.0066
0.00
0.00
0.00
-0.05
-0.06
-0.02
0
0
1
0
3445
0.0000
0.0000
0.0000
0.0000
-2.19
-1.31
-0.63
-0.06
-0.01
0.06
0
0
1
0
3457
0.4821
-0.7440
-0.4626
-0.0066
-11.00
-1.88
0.00
-0.02
0.00
-0.02
0
0
1
0
3467
0.4813
-0.7444
-0.4627
-0.0069
-11.81
-2.13
2.94
0.02
0.03
-0.02
0
0
1
0
3477
0.4805
-0.7451
-0.4626
-0.0071
-11.81
-2.13
2.94
-0.05
-0.05
-0.04
0
0
1
0
3487
0.4797
-0.7457
-0.4623
-0.0069
-8.94
-3.56
7.81
-0.18
-0.21
-0.14
0
0
1
0
3496
0.4796
-0.7459
-0.4622
-0.0065
6.25
-0.06
5.88
0.00
0.03
-0.19
0
0
1
0
3507
0.4800
-0.7458
-0.4617
-0.0060
14.06
3.06
12.06
-0.05
-0.11
0.03
0
0
1
0
3518
0.4810
-0.7458
-0.4609
-0.0052
12.25
2.50
6.88
-0.07
-0.14
0.02
0
0
1
0
3527
0.4819
-0.7455
-0.0072
-0.0001
4.06
1.12
9.19
0.09
0.18
0.13
0
0
1
0
3536
0.4822
-0.7457
-0.4597
-0.0041
4.06
1.12
9.19
-0.03
-0.08
0.00
0
0
1
0
3547
0.0000
0.0000
0.0000
0.0000
-7.88
-2.31
15.81
-0.19
-0.36
-0.14
0
0
1
0
3557
0.0000
0.0000
0.0000
0.0000
-13.00
-2.56
10.19
-0.24
-0.36
-0.02
0
0
1
0
3567
0.4806
-0.0128
-0.0001
-0.0001
-0.81
-1.19
-19.44
0.02
0.15
-0.01
0
0
1
0
3576
0.4805
-0.7465
-0.4603
-0.0045
-0.81
-1.19
-19.44
0.10
0.18
-0.11
0
0
1
0
3587
0.4803
-0.7464
-0.4606
-0.0048
-1.44
0.06
-3.81
-0.13
-0.30
-0.10
0
0
1
0
3596
0.4807
-0.0122
-0.0001
-0.0001
5.06
0.44
10.00
0.09
0.07
-0.02
0
0
1
0
3607
0.0000
0.0000
0.0000
0.0000
13.63
2.38
4.63
-0.06
-0.03
0.01
0
0
1
0
3617
0.0000
0.0000
0.0000
0.0000
10.94
9.00
-15.25
0.06
0.22
0.16
0
0
1
0
3627
0.4843
-0.7438
-0.4606
-0.0043
0.00
0.00
0.00
-0.04
0.01
0.17
0
0
1
0
3636
0.4839
-0.7441
-0.4606
-0.0051
-8.63
4.25
-3.13
-0.04
0.01
0.17
0
0
1
0
3645
0.0000
0.0000
0.0000
0.0000
0.00
0.00
0.00
-0.19
-0.25
0.00
0
0
1
0
3655
0.4837
-0.7445
-0.0070
-0.0001
0.00
0.00
0.00
-0.02
-0.07
-0.10
0
0
1
0
3666
0.0000
0.0000
0.0000
0.0000
10.63
0.31
-8.81
0.07
0.15
0.05
0
0
1
0
3677
0.4848
-0.7433
-0.4609
-0.0046
3.50
5.88
-6.81
0.00
0.12
0.27
0
0
1
0
3686
0.4848
-0.7437
-0.4603
-0.0046
-1.44
2.88
6.25
0.00
0.12
0.27
0
0
1
0
3695
0.0000
0.0000
0.0000
0.0000
-7.81
-0.06
-0.06
-0.13
-0.17
-0.20
0
0
1
0
3706
0.4842
-0.7444
-0.0067
-0.0001
-0.56
-2.06
0.19
0.04
0.08
0.12
0
0
1
0
3718
0.0000
0.0000
0.0000
0.0000
-1.06
1.37
3.31
0.04
0.14
0.02
0
0
1
0
3727
0.4843
-0.7443
-0.4598
-0.0042
-1.06
1.37
3.31
-0.07
-0.13
0.01
0
0
1
0
3736
0.4841
-0.7448
-0.4592
-0.0038
-3.75
-0.06
10.13
-0.07
-0.13
0.01
0
0
1
0
3746
0.4841
-0.7451
-0.0058
-0.0001
-0.31
-0.50
4.94
0.00
0.08
0.05
0
0
1
0
3757
0.4844
-0.7448
-0.0058
-0.0001
-1.94
-0.19
2.56
0.00
0.03
-0.06
0
0
1
0
3768
0.0000
0.0000
0.0000
0.0000
-4.06
-0.12
7.69
-0.07
-0.07
-0.02
0
0
1
0
3777
0.4840
-0.7455
-0.4583
-0.0033
-4.06
-0.06
-0.06
-0.04
-0.05
0.01
0
0
1
0
3786
0.4839
-0.7458
-0.4579
-0.0029
-0.50
-1.56
7.13
-0.02
0.01
0.02
0
0
1
0
3796
0.4838
-0.7461
-0.0043
-0.0001
-1.50
-1.37
7.13
-0.04
-0.08
-0.01
0
0
1
0
3807
0.0000
0.0000
0.0000
0.0000
0.00
0.00
0.00
-0.09
-0.12
0.04
0
0
1
0
3817
0.0000
0.0000
0.0000
0.0000
-8.31
-1.56
6.00
-0.03
0.01
-0.04
0
0
1
0
3827
0.4822
-0.7477
-0.4565
-0.0024
-8.00
-2.69
2.69
-0.02
0.03
-0.02
0
0
1
0
3836
0.4817
-0.7482
-0.4562
-0.0022
-6.00
-2.94
5.19
-0.02
0.03
-0.02
0
0
1
0
3846
0.4813
-0.7488
-0.4558
-0.0019
-5.88
-0.06
-0.06
-0.03
0.02
-0.02
0
0
1
0
3857
0.0000
0.0000
0.0000
0.0000
0.00
0.00
0.00
-0.09
-0.17
-0.05
0
0
1
0
3866
0.0000
0.0000
0.0000
0.0000
-3.75
-3.88
12.94
-0.06
-0.10
-0.09
0
0
1
0
3876
0.4800
-0.7505
-0.4542
-0.0005
-3.25
-2.94
4.75
-0.03
-0.04
-0.08
0
0
1
0
3888
0.4800
-0.0001
-0.0001
-0.0001
-0.25
-0.37
-0.69
-0.07
-0.09
-0.07
0
0
1
0
3898
0.4800
-0.0001
-0.0001
-0.0001
6.44
1.12
-0.37
-0.05
-0.05
-0.13
0
0
1
0
3908
0.0000
0.0000
0.0000
0.0000
14.25
2.63
-0.12
0.00
0.08
-0.03
0
0
1
0
3917
0.4814
-0.0153
-0.0001
-0.0001
12.06
3.44
1.75
-0.09
-0.09
0.08
0
0
1
0
3928
0.4823
-0.7493
-0.4539
0.0002
12.06
3.44
1.75
-0.04
0.02
0.05
0
0
1
0
3937
0.4828
-0.7490
-0.4538
0.0003
6.63
2.38
-0.63
-0.04
0.02
0.05
0
0
1
0
3947
0.0000
0.0000
0.0000
0.0000
6.00
0.25
2.19
-0.03
-0.05
-0.01
0
0
1
0
3957
0.4836
-0.0144
-0.0001
-0.0001
5.56
-0.63
6.31
-0.02
-0.04
0.03
0
0
1
0
3968
0.0000
0.0000
0.0000
0.0000
-4.06
0.69
6.38
-0.01
0.01
0.00
0
0
1
0
3978
0.4833
-0.7495
-0.4525
0.0014
-4.06
0.69
6.38
-0.01
0.02
0.03
0
0
1
0
3987
0.4832
-0.7499
-0.4518
0.0018
-1.63
-1.25
9.94
-0.01
0.02
0.03
0
0
1
0
3996
0.0000
0.0000
0.0000
0.0000
-0.69
-1.88
15.31
0.00
0.01
-0.04
0
0
1
0
4006
0.0000
0.0000
0.0000
0.0000
2.50
-0.06
-0.06
0.01
0.05
-0.04
0
0
1
0
4017
0.4833
-0.0001
-0.0001
-0.0001
0.00
0.00
0.00
0.00
0.05
0.01
0
0
1
0
4027
0.4836
-0.7524
-0.4473
0.0055
4.13
-0.63
21.94
0.00
0.05
0.01
0
0
1
0
4036
0.4833
-0.7536
-0.4456
0.0067
-3.13
-2.13
28.69
-0.11
-0.08
-0.12
0
0
1
0
4045
0.4832
-0.7547
-0.4437
0.0081
0.25
-0.06
-0.06
-0.05
-0.01
0.00
0
0
1
0
4057
0.0000
0.0000
0.0000
0.0000
0.00
0.00
0.00
-0.11
-0.06
-0.04
0
0
1
0
4067
0.0000
0.0000
0.0000
0.0000
-0.63
-1.50
24.50
-0.12
-0.18
0.07
0
0
1
0
4077
0.4833
-0.7573
-0.4392
0.0116
3.63
-1.00
21.06
-0.12
-0.18
0.07
0
0
1
0
4086
0.4832
-0.7578
-0.4385
0.0123
0.50
-3.06
13.19
0.09
0.15
-0.27
0
0
1
0
4096
0.4839
-0.7579
-0.4373
0.0139
0.00
0.00
0.00
0.00
0.07
0.20
0
0
1
0
4107
0.0000
0.0000
0.0000
0.0000
-0.06
-2.44
26.00
-0.21
-0.35
0.08
0
0
1
0
4118
0.0000
0.0000
0.0000
0.0000
-3.31
-1.44
21.00
-0.15
-0.22
0.07
0
0
1
0
4128
0.4826
-0.7603
-0.4344
0.0157
-12.75
-2.63
0.94
-0.15
-0.22
0.07
0
0
1
0
4137
0.4814
-0.7603
-0.4358
0.0146
-16.50
-2.94
-18.94
-0.17
-0.28
0.00
0
0
1
0
4148
0.4805
-0.7597
-0.4379
0.0130
-14.25
-3.63
-30.94
-0.09
-0.07
-0.04
0
0
1
0
4159
0.4797
-0.7589
-0.4402
0.0117
-6.25
-4.31
-37.38
-0.26
-0.53
-0.02
0
0
1
0
4169
0.0000
0.0000
0.0000
0.0000
-3.50
-0.75
-46.38
-0.09
-0.21
-0.07
0
0
1
0
4178
0.4790
-0.7562
-0.4456
0.0085
-3.50
-0.75
-46.38
-0.01
-0.07
-0.02
0
0
1
0
4188
0.4796
-0.7540
-0.4487
0.0058
2.81
10.25
-55.13
0.19
0.28
0.07
0
0
1
0
4198
0.0000
0.0000
0.0000
0.0000
0.31
-0.06
-0.06
-0.15
-0.21
-0.06
0
0
1
0
4208
0.0000
0.0000
0.0000
0.0000
-1.19
6.56
-50.06
0.46
0.31
-0.01
0
0
1
0
4218
0.4802
-0.0138
-0.0001
-0.0001
-3.50
2.44
-41.44
0.33
0.08
0.00
0
0
1
0
4229
0.4800
-0.7467
-0.4603
-0.0040
-3.50
2.44
-41.44
0.09
0.23
-0.07
0
0
1
0
4238
0.4797
-0.7465
-0.4611
-0.0048
-6.44
0.31
-12.38
0.09
0.23
-0.07
0
0
1
0
4248
0.4794
-0.0129
-0.0001
-0.0001
-3.63
-2.00
16.00
-0.19
-0.41
-0.12
0
0
1
0
4258
0.4790
-0.0142
-0.0001
-0.0001
-1.12
-0.50
9.44
-0.18
-0.31
0.02
0
0
1
0
4269
0.0000
0.0000
0.0000
0.0000
-0.50
3.50
-15.94
0.00
-0.12
0.05
0
0
1
0
4279
0.4791
-0.7484
-0.4588
-0.0035
-0.50
3.50
-15.94
-0.12
-0.05
-0.11
0
0
1
0
4288
0.4788
-0.7478
-0.4598
-0.0045
-4.50
1.37
-17.94
0.22
0.40
0.02
0
0
1
0
4298
0.0000
0.0000
0.0000
0.0000
0.00
0.00
0.00
0.12
0.16
-0.01
0
0
1
0
4308
0.4774
-0.0153
-0.0001
-0.0001
-8.25
-4.81
26.75
-0.15
-0.33
-0.29
0
0
1
0
4319
0.0000
0.0000
0.0000
0.0000
-4.38
-4.81
44.81
-0.06
0.00
-0.22
0
0
1
0
4329
0.4769
-0.7529
-0.4536
0.0002
0.75
-2.00
35.75
-0.06
-0.08
0.12
0
0
1
0
4338
0.4765
-0.7545
-0.4513
0.0016
-4.38
-2.25
36.75
-0.06
-0.08
0.12
0
0
1
0
4347
0.0000
0.0000
0.0000
0.0000
0.00
0.00
0.00
-0.09
-0.11
0.12
0
0
1
0
4358
0.0000
0.0000
0.0000
0.0000
0.00
0.00
0.00
-0.09
-0.11
0.12
0
0
1
0
4368
0.0000
0.0000
0.0000
0.0000
-1.06
-1.06
8.81
0.05
0.06
-0.01
0
0
1
0
4378
0.4760
-0.7574
-0.4470
0.0049
0.37
-0.31
10.69
0.05
0.06
-0.01
0
0
1
0
4387
0.4758
-0.7584
-0.4456
0.0059
-2.94
-1.69
22.75
-0.01
0.01
0.10
0
0
1
0
4397
0.4755
-0.7593
-0.4442
0.0070
-1.81
-3.50
23.62
-0.14
-0.25
-0.17
0
0
1
0
4408
0.0000
0.0000
0.0000
0.0000
0.63
-1.75
12.13
-0.05
-0.08
-0.04
0
0
1
0
4419
0.0000
0.0000
0.0000
0.0000
0.69
0.63
-0.88
-0.09
-0.19
-0.06
0
0
1
0
4429
0.4754
-0.7599
-0.4433
0.0078
0.69
0.63
-0.88
-0.01
-0.08
-0.05
0
0
1
0
4439
0.4762
-0.7592
-0.4437
0.0076
10.38
2.56
-8.44
-0.01
-0.08
-0.05
0
0
1
0
4448
0.0000
0.0000
0.0000
0.0000
18.19
5.00
-14.63
0.02
0.08
0.12
0
0
1
0
4459
0.4790
-0.0001
-0.0001
-0.0001
16.31
10.81
-11.75
-0.09
-0.10
0.07
0
0
1
0
4469
0.0000
0.0000
0.0000
0.0000
12.00
6.56
-4.06
-0.01
-0.06
-0.14
0
0
1
0
4480
0.4801
-0.7560
-0.4449
0.0063
0.00
0.00
0.00
-0.01
-0.06
-0.14
0
0
1
0
4488
0.4805
-0.7555
-0.4453
0.0061
4.38
1.50
-7.13
0.00
0.03
0.07
0
0
1
0
4497
0.0000
0.0000
0.0000
0.0000
0.00
0.00
0.00
0.00
0.00
0.00
0
0
1
0
4507
0.0000
0.0000
0.0000
0.0000
-5.25
-0.06
-0.06
0.00
0.00
0.00
0
0
1
0
4516
0.4796
-0.0001
-0.0001
-0.0001
-8.19
-1.63
8.56
-0.09
-0.15
-0.08
0
0
1
0
4529
0.4791
-0.7568
-0.4446
0.0063
-6.19
-1.69
5.31
-0.06
-0.04
0.02
0
0
1
0
4538
0.4786
-0.7571
-0.4445
0.0063
-5.94
-1.75
2.00
-0.04
-0.06
-0.03
0
0
1
0
4547
0.4784
-0.7573
-0.4446
0.0062
-3.81
-0.37
-0.69
-0.04
-0.06
-0.02
0
0
1
0
4558
0.0000
0.0000
0.0000
0.0000
0.00
0.00
0.00
0.00
-0.01
0.01
0
0
1
0
4569
0.0000
0.0000
0.0000
0.0000
0.00
0.00
0.00
0.00
0.00
0.03
0
0
1
0
4578
0.4786
-0.7568
-0.4453
0.0057
2.06
1.31
-3.25
0.00
0.00
0.03
0
0
1
0
4587
0.4787
-0.7567
-0.4453
0.0058
2.75
0.31
0.50
-0.01
-0.01
0.03
0
0
1
0
4596
0.4788
-0.7568
-0.4450
0.0060
0.94
-0.06
-0.06
-0.06
-0.07
0.00
0
0
1
0
4609
0.0000
0.0000
0.0000
0.0000
0.00
0.00
0.00
-0.08
-0.10
0.01
0
0
1
0
4619
0.0000
0.0000
0.0000
0.0000
0.00
0.00
0.00
0.00
0.02
0.00
0
0
1
0
4628
0.4792
-0.7564
-0.4452
0.0061
3.81
0.50
-4.19
0.02
0.05
0.02
0
0
1
0
4637
0.4793
-0.7563
-0.4452
0.0062
1.88
0.06
0.44
-0.07
-0.11
-0.03
0
0
1
0
4646
0.4791
-0.7566
-0.4449
0.0063
-2.31
-1.37
4.19
-0.06
-0.10
-0.01
0
0
1
0
4659
0.0000
0.0000
0.0000
0.0000
-3.31
-0.88
-0.19
-0.01
-0.01
0.00
0
0
1
0
4669
0.0000
0.0000
0.0000
0.0000
-4.69
-0.06
-0.06
-0.07
-0.09
-0.06
0
0
1
0
4678
0.4781
-0.7576
-0.4444
0.0064
-5.44
-0.88
6.69
-0.07
-0.09
-0.06
0
0
1
0
4688
0.4779
-0.7577
-0.4444
0.0064
-2.81
-0.69
-0.25
-0.04
-0.07
-0.08
0
0
1
0
4698
0.4781
-0.7574
-0.4446
0.0063
0.00
0.00
0.00
0.01
0.04
0.03
0
0
1
0
4708
0.0000
0.0000
0.0000
0.0000
0.00
0.00
0.00
0.00
0.01
0.00
0
0
1
0
4718
0.0000
0.0000
0.0000
0.0000
3.13
0.94
3.69
-0.11
-0.16
-0.02
0
0
1
0
4729
0.4788
-0.7573
-0.4441
0.0070
2.31
0.06
4.31
-0.11
-0.16
-0.02
0
0
1
0
4739
0.4791
-0.7571
-0.4442
0.0071
3.50
0.25
-1.12
-0.03
-0.03
0.02
0
0
1
0
4748
0.4794
-0.7567
-0.4445
0.0071
0.00
0.00
0.00
0.05
0.08
0.03
0
0
1
0
4759
0.4798
-0.0001
-0.0001
-0.0001
0.00
0.00
0.00
0.02
0.09
0.10
0
0
1
0
4769
0.0000
0.0000
0.0000
0.0000
3.50
-0.06
-0.06
-0.07
-0.09
0.00
0
0
1
0
4779
0.4799
-0.7567
-0.4440
0.0077
-1.44
-1.12
8.63
-0.07
-0.09
0.00
0
0
1
0
4789
0.4797
-0.7570
-0.4436
0.0080
-1.44
-0.63
6.69
-0.08
-0.17
0.01
0
0
1
0
4797
0.4799
-0.7568
-0.4438
0.0079
0.00
0.00
0.00
-0.06
-0.12
0.01
0
0
1
0
4808
0.4799
-0.0001
-0.0001
-0.0001
0.00
0.00
0.00
0.16
0.32
0.05
0
0
1
0
4819
0.0000
0.0000
0.0000
0.0000
-0.06
1.19
-13.31
-0.09
-0.13
-0.07
0
0
1
0
4830
0.4799
-0.7557
-0.4456
0.0065
0.00
0.69
-3.25
-0.08
-0.14
-0.01
0
0
1
0
4839
0.4799
-0.7562
-0.4448
0.0070
-1.25
0.00
12.38
-0.08
-0.14
-0.01
0
0
1
0
4848
0.0000
0.0000
0.0000
0.0000
0.00
0.00
0.00
-0.11
-0.20
-0.02
0
0
1
0
4858
0.4803
-0.0001
-0.0001
-0.0001
0.00
0.00
0.00
-0.02
-0.01
0.00
0
0
1
0
4870
0.0000
0.0000
0.0000
0.0000
0.00
0.00
0.00
0.00
-0.02
0.00
0
0
1
0
4879
0.4803
-0.0060
-0.0001
-0.0001
0.00
0.00
0.00
0.00
0.04
0.05
0
0
1
0
4889
0.0000
0.0000
0.0000
0.0000
0.00
0.00
0.00
0.00
0.04
0.05
0
0
1
0
4899
0.4803
-0.0001
-0.0001
-0.0001
-0.12
-0.12
0.31
-0.03
-0.11
-0.01
0
0
1
0
4911
0.0000
0.0000
0.0000
0.0000
-2.50
-1.88
5.63
-0.10
-0.22
-0.05
0
0
1
0
4920
0.0000
0.0000
0.0000
0.0000
-4.06
-0.06
-0.06
0.02
0.02
0.05
0
0
1
0
4930
0.4797
-0.7568
-0.4440
0.0076
-1.56
0.00
-0.37
0.02
0.02
0.05
0
0
1
0
4939
0.4800
-0.7563
-0.4444
0.0073
2.88
1.81
-8.00
0.04
0.10
0.04
0
0
1
0
4948
0.4802
-0.7561
-0.4446
0.0073
0.00
0.00
0.00
0.01
0.02
0.00
0
0
1
0
4959
0.0000
0.0000
0.0000
0.0000
1.81
-0.06
-0.06
-0.11
-0.17
-0.02
0
0
1
0
4970
0.0000
0.0000
0.0000
0.0000
1.31
0.19
4.44
-0.02
0.03
0.01
0
0
1
0
4980
0.4804
-0.7562
-0.4442
0.0076
0.50
0.44
-4.44
-0.02
0.03
0.01
0
0
1
0
4989
0.4803
-0.7560
-0.4448
0.0072
-2.50
-0.31
-8.44
0.00
0.03
-0.01
0
0
1
0
4999
0.4800
-0.7560
-0.4450
0.0069
-3.88
-0.50
-3.88
-0.04
-0.05
-0.03
0
0
1
0
5010
0.4797
-0.0001
-0.0001
-0.0001
0.00
0.00
0.00
-0.04
-0.02
0.05
0
0
1
0
5020
0.0000
0.0000
0.0000
0.0000
0.00
0.00
0.00
-0.04
-0.02
0.05
0
0
1
0
5029
0.4789
-0.7567
-0.4449
0.0065
-5.81
-0.63
1.00
-0.04
-0.07
-0.02
0
0
1
0
5039
0.4787
-0.7568
-0.4449
0.0064
-4.44
-0.25
0.06
-0.01
-0.09
0.01
0
0
1
0
5048
0.4786
-0.7568
-0.4451
0.0063
-0.63
-0.25
-1.69
-0.03
-0.04
0.03
0
0
1
0
5060
0.0000
0.0000
0.0000
0.0000
1.56
-0.06
-0.06
-0.07
-0.16
-0.03
0
0
1
0
5070
0.0000
0.0000
0.0000
0.0000
-1.37
-0.12
-0.31
-0.05
-0.10
-0.07
0
0
1
0
5081
0.4786
-0.7569
-0.4451
0.0063
-1.37
-0.50
2.38
-0.05
-0.10
-0.07
0
0
1
0
5090
0.4786
-0.7568
-0.4451
0.0062
0.69
0.06
-1.56
-0.05
-0.03
0.00
0
0
1
0
5099
0.0000
0.0000
0.0000
0.0000
0.00
0.00
0.00
0.00
0.13
0.03
0
0
1
0
5109
0.0000
0.0000
0.0000
0.0000
4.56
0.31
0.63
-0.03
-0.02
0.00
0
0
1
0
5121
0.0000
0.0000
0.0000
0.0000
0.00
0.00
0.00
-0.10
-0.14
-0.03
0
0
1
0
5130
0.4797
-0.7563
-0.4447
0.0071
3.75
-0.19
1.37
-0.09
-0.15
-0.01
0
0
1
0
5139
0.4799
-0.7562
-0.4448
0.0071
3.75
0.25
-1.88
-0.03
0.00
0.01
0
0
1
0
5148
0.4801
-0.7560
-0.4448
0.0073
2.69
0.12
0.00
0.00
0.02
0.03
0
0
1
0
5159
0.0000
0.0000
0.0000
0.0000
0.00
0.00
0.00
-0.04
-0.07
-0.03
0
0
1
0
5170
0.0000
0.0000
0.0000
0.0000
0.00
0.00
0.00
-0.04
-0.07
-0.01
0
0
1
0
5180
0.4803
-0.7563
-0.4442
0.0078
0.88
-0.19
2.56
-0.03
-0.05
0.05
0
0
1
0
5189
0.4803
-0.7563
-0.4441
0.0078
-0.50
-0.19
1.63
-0.04
-0.06
0.01
0
0
1
0
5198
0.4802
-0.7563
-0.0067
-0.0001
-1.25
-0.69
0.00
-0.04
-0.10
0.03
0
0
1
0
5210
0.0000
0.0000
0.0000
0.0000
-1.50
-0.56
-1.31
-0.04
0.00
0.02
0
0
1
0
5221
0.0000
0.0000
0.0000
0.0000
-0.44
-0.19
0.37
-0.03
-0.04
-0.01
0
0
1
0
5231
0.4800
-0.7565
-0.4440
0.0078
-0.75
-0.56
3.25
-0.06
-0.10
-0.03
0
0
1
0
5240
0.4800
-0.7567
-0.4439
0.0079
-0.94
-0.37
1.56
-0.06
-0.10
-0.03
0
0
1
0
5250
0.0000
0.0000
0.0000
0.0000
0.00
0.37
-0.06
-0.05
-0.03
-0.01
0
0
1
0
5260
0.0000
0.0000
0.0000
0.0000
0.00
0.00
0.00
-0.03
0.01
0.06
0
0
1
0
5270
0.0000
0.0000
0.0000
0.0000
-1.63
-0.88
1.06
-0.05
-0.09
0.00
0
0
1
0
5280
0.4796
-0.7568
-0.4440
0.0078
-3.13
-0.63
2.38
-0.05
-0.09
0.00
0
0
1
0
5289
0.4794
-0.7569
-0.4440
0.0076
-3.13
-0.25
0.19
-0.07
-0.07
-0.01
0
0
1
0
5299
0.0000
0.0000
0.0000
0.0000
-1.94
0.00
-0.06
-0.05
-0.01
0.00
0
0
1
0
5310
0.0000
0.0000
0.0000
0.0000
-1.81
-0.31
-1.44
-0.03
-0.08
-0.01
0
0
1
0
5320
0.0000
0.0000
0.0000
0.0000
-1.69
-0.19
-0.19
-0.06
-0.07
0.02
0
0
1
0
5330
0.4790
-0.7571
-0.4443
0.0073
-1.00
-0.06
-0.56
-0.06
-0.07
0.02
0
0
1
0
5340
0.4789
-0.7570
-0.4443
0.0072
-0.75
0.00
-1.37
-0.06
-0.05
0.02
0
0
1
0
5349
0.0000
0.0000
0.0000
0.0000
-1.69
-0.06
-1.44
-0.05
-0.08
0.02
0
0
1
0
5360
0.0000
0.0000
0.0000
0.0000
0.00
0.00
0.00
-0.05
-0.07
0.00
0
0
1
0
5370
0.0000
0.0000
0.0000
0.0000
-2.31
-0.25
-0.56
-0.02
-0.04
0.03
0
0
1
0
5381
0.4785
-0.7573
-0.4445
0.0068
-2.06
-0.44
0.56
-0.02
-0.04
0.03
0
0
1
0
5390
0.4783
-0.7574
-0.4444
0.0068
-1.69
-0.50
1.75
-0.04
-0.06
-0.01
0
0
1
0
5400
0.0000
0.0000
0.0000
0.0000
0.56
0.31
0.88
-0.05
-0.09
-0.06
0
0
1
0
5411
0.0000
0.0000
0.0000
0.0000
0.00
0.00
0.00
-0.03
-0.02
-0.03
0
0
1
0
5421
0.4789
-0.0001
-0.0001
-0.0001
4.56
0.81
-2.69
-0.02
-0.05
-0.02
0
0
1
0
5432
0.4792
-0.7568
-0.4446
0.0069
4.06
0.06
-1.69
-0.06
-0.07
0.00
0
0
1
0
5441
0.4794
-0.7566
-0.4446
0.0070
2.63
0.00
-1.25
-0.06
-0.07
0.00
0
0
1
0
5450
0.0000
0.0000
0.0000
0.0000
0.56
-0.06
-0.06
-0.07
-0.05
0.04
0
0
1
0
5460
0.0000
0.0000
0.0000
0.0000
-2.25
-0.94
-1.56
-0.06
-0.06
0.02
0
0
1
0
5472
0.0000
0.0000
0.0000
0.0000
0.00
0.00
0.00
-0.07
-0.11
0.00
0
0
1
0
5481
0.4785
-0.7570
-0.4450
0.0065
-5.38
-0.63
-0.25
-0.07
-0.11
0.00
0
0
1
0
5490
0.4784
-0.7570
-0.4452
0.0063
-2.25
-0.12
-2.75
-0.05
-0.08
0.02
0
0
1
0
5499
0.0000
0.0000
0.0000
0.0000
1.31
-0.06
-0.06
0.00
0.00
0.00
0
0
1
0
5509
0.0000
0.0000
0.0000
0.0000
0.00
0.00
0.00
-0.03
-0.04
0.02
0
0
1
0
5519
0.0000
0.0000
0.0000
0.0000
0.00
0.00
0.00
-0.03
-0.09
0.04
0
0
1
0
5529
0.0000
0.0000
0.0000
0.0000
-4.63
-0.69
-5.19
-0.04
-0.04
-0.01
0
0
1
0
5537
0.4780
-0.7562
-0.4469
0.0050
0.25
-0.25
-5.63
-0.07
-0.09
0.00
0
0
1
0
5547
0.4780
-0.7558
-0.4475
0.0046
0.81
0.37
-9.69
-0.09
-0.14
0.03
0
0
1
0
5556
0.4781
-0.7551
-0.4486
0.0038
-0.31
1.37
-17.62
-0.12
-0.18
-0.11
0
0
1
0
5565
0.4783
-0.7538
-0.4504
0.0027
3.31
1.81
-29.44
-0.02
-0.09
-0.02
0
0
1
0
5575
0.4786
-0.7524
-0.4526
0.0012
2.00
1.75
-35.06
0.00
0.04
0.00
0
0
1
0
5584
0.4786
-0.7524
-0.4526
0.0012
-0.31
0.94
-23.19
0.17
0.39
0.17
0
0
1
0
5594
0.0000
0.0000
0.0000
0.0000
-1.00
0.88
-41.81
-0.42
-0.52
0.01
0
0
1
0
5603
0.4786
-0.0156
-0.0001
-0.0001
9.75
6.81
-112.94
-1.44
-0.50
0.27
0
0
1
0
5613
0.4794
-0.7452
-0.4635
-0.0062
10.50
6.00
-93.19
-2.22
2.92
1.03
0
0
1
0
5623
0.4802
-0.7411
-0.4691
-0.0099
-0.94
-1.63
24.94
3.25
-0.01
-1.72
0
0
1
0
5634
0.0000
0.0000
0.0000
0.0000
4.13
4.31
16.12
1.01
1.52
0.15
0
0
1
0
5643
0.4806
-0.7426
-0.4664
-0.0083
4.13
4.31
16.12
-0.28
-0.17
0.16
0
0
1
0
5652
0.0000
0.0000
0.0000
0.0000
8.81
-9.06
88.56
-0.90
-1.63
-0.17
0
0
1
0
5663
0.0000
0.0000
0.0000
0.0000
10.50
-5.38
-11.25
-0.03
-0.11
-0.03
0
0
1
0
5672
0.0000
0.0000
0.0000
0.0000
-10.13
4.63
-45.63
0.27
0.53
0.22
0
0
1
0
5683
0.4810
-0.7465
-0.4597
-0.0032
-10.13
4.63
-45.63
0.25
0.51
0.16
0
0
1
0
5692
0.4796
-0.7469
-0.4606
-0.0046
-23.12
0.31
-14.06
-0.23
-0.43
-0.08
0
0
1
0
5702
0.0000
0.0000
0.0000
0.0000
-7.13
-0.06
-0.06
0.05
0.12
-0.05
0
0
1
0
5712
0.0000
0.0000
0.0000
0.0000
0.00
0.00
0.00
0.18
0.37
0.18
0
0
1
0
5722
0.0000
0.0000
0.0000
0.0000
5.88
2.56
-4.50
0.09
0.15
-0.10
0
0
1
0
5732
0.4781
-0.7489
-0.4588
-0.0029
-0.88
0.19
24.12
-0.36
-0.63
-0.12
0
0
1
0
5742
0.4790
-0.7493
-0.4573
-0.0013
14.19
-1.12
24.94
-0.36
-0.63
-0.12
0
0
1
0
5751
0.4805
-0.0131
-0.0001
-0.0001
22.00
2.94
-25.37
0.32
0.61
0.11
0
0
1
0
5763
0.4812
-0.7457
-0.0076
-0.0001
-4.94
2.81
3.56
0.23
0.47
0.25
0
0
1
0
5773
0.0000
0.0000
0.0000
0.0000
-11.25
-7.25
29.06
-0.29
-0.54
-0.08
0
0
1
0
5783
0.4800
-0.7476
-0.4590
-0.0031
-7.38
-4.69
1.25
-0.15
-0.26
-0.01
0
0
1
0
5792
0.4794
-0.7480
-0.4590
-0.0030
-7.38
-4.69
1.25
0.10
0.20
0.03
0
0
1
0
5803
0.0000
0.0000
0.0000
0.0000
-8.44
0.37
-18.44
-0.08
-0.21
-0.35
0
0
1
0
5813
0.0000
0.0000
0.0000
0.0000
-13.25
-0.88
-1.75
-0.19
-0.35
-0.04
0
0
1
0
5823
0.0000
0.0000
0.0000
0.0000
18.12
-0.06
-3.69
-0.01
-0.07
-0.03
0
0
1
0
5833
0.4790
-0.7476
-0.4600
-0.0034
18.12
-0.06
-3.69
0.04
0.13
0.04
0
0
1
0
5842
0.4802
-0.7467
-0.4603
-0.0033
16.81
4.81
-6.06
0.04
0.13
0.04
0
0
1
0
5852
0.0000
0.0000
0.0000
0.0000
0.00
0.00
0.00
-0.21
-0.34
-0.03
0
0
1
0
5862
0.4808
-0.0128
-0.0001
-0.0001
0.00
0.69
11.19
-0.11
-0.11
0.18
0
0
1
0
5873
0.0000
0.0000
0.0000
0.0000
1.37
0.19
-7.13
0.06
0.16
0.01
0
0
1
0
5883
0.4803
-0.7467
-0.4602
-0.0037
-9.94
-0.81
-15.56
0.01
0.07
-0.04
0
0
1
0
5893
0.4796
-0.7469
-0.4605
-0.0041
-10.25
-2.06
-3.56
0.01
0.07
-0.04
0
0
1
0
5902
0.0000
0.0000
0.0000
0.0000
0.00
0.00
0.00
-0.12
-0.16
-0.06
0
0
1
0
5912
0.4788
-0.0137
-0.0001
-0.0001
-3.94
-0.94
6.31
0.00
0.05
-0.12
0
0
1
0
5923
0.0000
0.0000
0.0000
0.0000
-0.94
0.12
-6.19
0.04
0.06
0.02
0
0
1
0
5933
0.4792
-0.7473
-0.4604
-0.0038
7.31
0.69
-6.56
-0.01
0.00
0.07
0
0
1
0
5943
0.4798
-0.7470
-0.4601
-0.0034
10.06
0.63
3.13
-0.01
0.00
0.07
0
0
1
0
5952
0.0000
0.0000
0.0000
0.0000
3.50
1.19
5.50
0.00
0.00
-0.02
0
0
1
0
5962
0.0000
0.0000
0.0000
0.0000
-3.00
-0.44
-3.00
0.01
0.06
0.02
0
0
1
0
5974
0.0000
0.0000
0.0000
0.0000
-2.88
-1.19
-4.81
-0.02
0.00
0.12
0
0
1
0
5983
0.4793
-0.7473
-0.4602
-0.0035
-5.06
-0.75
1.94
-0.10
-0.21
-0.03
0
0
1
0
5992
0.4788
-0.7479
-0.4599
-0.0037
-9.25
-0.63
4.38
-0.10
-0.21
-0.03
0
0
1
0
6002
0.0000
0.0000
0.0000
0.0000
-1.81
-0.56
-4.56
0.00
0.00
-0.07
0
0
1
0
6012
0.0000
0.0000
0.0000
0.0000
0.00
0.00
0.00
0.03
0.05
0.06
0
0
1
0
6023
0.0000
0.0000
0.0000
0.0000
7.56
1.12
4.25
-0.17
-0.26
-0.02
0
0
1
0
6033
0.4799
-0.7473
-0.4597
-0.0031
3.44
0.88
9.63
-0.17
-0.26
-0.02
0
0
1
0
6042
0.4803
-0.7469
-0.4598
-0.0029
6.38
0.63
-2.69
-0.06
-0.03
0.03
0
0
1
0
6051
0.0000
0.0000
0.0000
0.0000
3.81
0.75
-9.63
0.03
0.13
0.03
0
0
1
0
6063
0.0000
0.0000
0.0000
0.0000
-3.31
0.00
0.06
-0.14
-0.23
-0.09
0
0
1
0
6073
0.4796
-0.0129
-0.0001
-0.0001
-12.31
-0.81
7.31
-0.04
-0.08
-0.02
0
0
1
0
6084
0.4792
-0.7474
-0.4601
-0.0035
-3.94
-1.69
-1.12
0.02
0.03
0.05
0
0
1
0
6093
0.4793
-0.7471
-0.4604
-0.0036
2.19
-1.19
-5.88
0.02
0.03
0.05
0
0
1
0
6103
0.0000
0.0000
0.0000
0.0000
-1.94
-0.12
1.12
-0.12
-0.21
-0.03
0
0
1
0
6113
0.0000
0.0000
0.0000
0.0000
-0.69
0.25
4.88
-0.03
-0.07
-0.01
0
0
1
0
6124
0.0000
0.0000
0.0000
0.0000
8.63
0.56
-2.50
0.00
0.02
0.10
0
0
1
0
6133
0.4804
-0.7464
-0.4605
-0.0029
10.88
0.56
-4.81
0.00
0.02
0.10
0
0
1
0
6142
0.4804
-0.7465
-0.4603
-0.0028
0.37
0.44
3.38
-0.06
-0.12
0.00
0
0
1
0
6152
0.4802
-0.0126
-0.0001
-0.0001
-4.31
-0.06
-0.06
-0.09
-0.22
-0.03
0
0
1
0
6163
0.0000
0.0000
0.0000
0.0000
-1.12
-0.06
-2.31
-0.01
0.01
0.01
0
0
1
0
6173
0.0000
0.0000
0.0000
0.0000
-2.31
-0.31
-4.69
-0.06
-0.10
-0.08
0
0
1
0
6183
0.4796
-0.7471
-0.4603
-0.0032
-5.63
-0.50
1.69
-0.06
-0.10
-0.08
0
0
1
0
6193
0.4795
-0.7473
-0.4601
-0.0032
-1.31
-0.25
2.75
-0.09
-0.15
-0.01
0
0
1
0
6202
0.0000
0.0000
0.0000
0.0000
0.00
0.00
0.00
0.00
0.01
0.01
0
0
1
0
6213
0.4802
-0.0123
-0.0001
-0.0001
0.00
0.00
0.00
-0.05
-0.09
0.02
0
0
1
0
6223
0.0000
0.0000
0.0000
0.0000
0.94
0.19
1.69
-0.05
-0.09
0.01
0
0
1
0
6234
0.0000
0.0000
0.0000
0.0000
0.56
0.00
1.06
-0.01
0.00
0.00
0
0
1
0
6244
0.0000
0.0000
0.0000
0.0000
0.06
-0.06
-0.06
-0.04
-0.06
0.03
0
0
1
0
6254
0.4799
-0.0126
-0.0001
-0.0001
-5.56
-0.69
-0.25
-0.05
-0.08
-0.01
0
0
1
0
6264
0.0000
0.0000
0.0000
0.0000
-6.00
-0.44
1.25
-0.02
-0.05
0.03
0
0
1
0
6275
0.0000
0.0000
0.0000
0.0000
0.75
0.25
-1.25
-0.02
-0.04
0.00
0
0
1
0
6284
0.0000
0.0000
0.0000
0.0000
0.75
0.25
-1.25
-0.05
-0.08
0.00
0
0
1
0
6294
0.4795
-0.0128
-0.0001
-0.0001
3.19
0.44
0.81
-0.04
-0.07
0.01
0
0
1
0
6304
0.0000
0.0000
0.0000
0.0000
5.56
-0.31
-0.25
-0.02
-0.02
0.04
0
0
1
0
6315
0.4800
-0.0125
-0.0001
-0.0001
2.63
0.06
0.25
-0.02
-0.07
0.06
0
0
1
0
6325
0.0000
0.0000
0.0000
0.0000
-1.19
-0.75
1.06
-0.03
-0.06
0.00
0
0
1
0
6334
0.4802
-0.7469
-0.4601
-0.0026
-1.19
-0.75
1.06
-0.03
-0.01
0.04
0
0
1
0
6343
0.4800
-0.7469
-0.4601
-0.0027
-1.31
-0.50
-0.06
-0.03
-0.01
0.04
0
0
1
0
6353
0.4800
-0.0126
-0.0001
-0.0001
-0.63
-0.50
-0.56
-0.05
-0.11
-0.01
0
0
1
0
6365
0.0000
0.0000
0.0000
0.0000
-2.19
-0.19
0.88
-0.05
-0.08
-0.05
0
0
1
0
6375
0.0000
0.0000
0.0000
0.0000
-1.25
0.25
0.69
-0.02
-0.02
0.02
0
0
1
0
6384
0.4800
-0.7469
-0.4600
-0.0027
3.06
0.81
-2.06
-0.02
-0.02
0.02
0
0
1
0
6393
0.4803
-0.7467
-0.4602
-0.0027
3.75
0.00
-2.31
-0.02
-0.03
0.06
0
0
1
0
6403
0.4803
-0.0123
-0.0001
-0.0001
0.44
-0.06
-0.06
-0.06
-0.09
-0.02
0
0
1
0
6414
0.0000
0.0000
0.0000
0.0000
-1.00
-0.81
0.63
-0.02
0.00
0.02
0
0
1
0
6424
0.0000
0.0000
0.0000
0.0000
-0.63
-0.50
-0.37
-0.03
-0.03
0.05
0
0
1
0
6434
0.4799
-0.7469
-0.4601
-0.0028
-3.13
-0.56
0.25
-0.03
-0.03
0.05
0
0
1
0
6444
0.4797
-0.7472
-0.4600
-0.0029
-4.56
-0.31
2.38
-0.04
-0.09
0.01
0
0
1
0
6453
0.0000
0.0000
0.0000
0.0000
-2.06
-0.44
1.75
-0.01
-0.03
0.04
0
0
1
0
6464
0.0000
0.0000
0.0000
0.0000
0.00
0.00
0.00
-0.03
-0.06
0.01
0
0
1
0
6474
0.4798
-0.0128
-0.0001
-0.0001
1.88
0.31
-0.12
-0.03
-0.07
0.05
0
0
1
0
6484
0.4799
-0.7472
-0.4598
-0.0026
1.81
0.12
1.25
-0.03
-0.07
0.05
0
0
1
0
6494
0.4801
-0.7471
-0.4597
-0.0025
2.94
-0.25
0.88
-0.03
-0.03
0.03
0
0
1
0
6504
0.0000
0.0000
0.0000
0.0000
0.00
0.00
0.00
-0.03
-0.06
-0.01
0
0
1
0
6514
0.0000
0.0000
0.0000
0.0000
-0.37
-0.31
-0.37
-0.06
-0.03
0.00
0
0
1
0
6524
0.4801
-0.0127
-0.0001
-0.0001
-0.88
-0.31
-1.25
-0.05
-0.06
0.00
0
0
1
0
6535
0.4800
-0.7471
-0.4598
-0.0025
-0.88
-0.31
-1.25
-0.05
-0.06
0.00
0
0
1
0
6544
0.4800
-0.7471
-0.4599
-0.0026
-1.31
-0.19
-1.81
-0.03
-0.04
0.01
0
0
1
0
6554
0.0000
0.0000
0.0000
0.0000
-1.88
-0.06
-0.81
-0.01
-0.08
0.02
0
0
1
0
6564
0.0000
0.0000
0.0000
0.0000
-0.37
0.12
0.25
-0.01
-0.07
0.06
0
0
1
0
6575
0.4799
-0.0127
-0.0001
-0.0001
-0.31
-0.50
1.12
-0.04
-0.04
0.00
0
0
1
0
6585
0.4799
-0.7471
-0.4598
-0.0026
-0.31
-0.50
1.12
-0.04
-0.04
0.00
0
0
1
0
6594
0.4798
-0.7473
-0.4598
-0.0026
-1.37
-0.81
1.44
-0.03
-0.07
0.00
0
0
1
0
6604
0.4797
-0.0129
-0.0001
-0.0001
-0.63
-0.44
1.25
-0.04
-0.06
0.00
0
0
1
0
6616
0.0000
0.0000
0.0000
0.0000
0.06
0.00
0.81
-0.04
-0.08
-0.02
0
0
1
0
6625
0.0000
0.0000
0.0000
0.0000
-0.75
-0.37
0.63
-0.04
-0.05
0.03
0
0
1
0
6635
0.4797
-0.7474
-0.4596
-0.0024
-0.25
0.37
-0.37
-0.04
-0.05
0.03
0
0
1
0
6644
0.4799
-0.7473
-0.4597
-0.0025
1.94
0.94
-1.50
-0.03
-0.07
0.01
0
0
1
0
6654
0.0000
0.0000
0.0000
0.0000
0.00
0.00
0.00
-0.04
-0.04
0.00
0
0
1
0
6665
0.4800
-0.0127
-0.0001
-0.0001
0.50
0.06
-1.19
-0.06
-0.04
0.05
0
0
1
0
6675
0.0000
0.0000
0.0000
0.0000
0.44
-0.06
-1.00
-0.03
-0.07
0.05
0
0
1
0
6685
0.4800
-0.7471
-0.4599
-0.0026
0.25
-0.31
-0.37
-0.03
-0.07
0.05
0
0
1
0
6694
0.4799
-0.7471
-0.4598
-0.0025
-1.37
-1.12
0.94
-0.03
-0.07
-0.01
0
0
1
0
6704
0.0000
0.0000
0.0000
0.0000
-2.31
-0.56
0.69
0.00
-0.03
0.01
0
0
1
0
6715
0.4797
-0.0129
-0.0001
-0.0001
-0.63
0.00
-0.56
0.00
-0.08
0.02
0
0
1
0
6725
0.4797
-0.0129
-0.0001
-0.0001
-0.19
-0.31
1.00
-0.02
-0.09
0.00
0
0
1
0
6735
0.0000
0.0000
0.0000
0.0000
-0.19
-0.31
1.00
-0.03
-0.03
0.03
0
0
1
0
6746
0.0000
0.0000
0.0000
0.0000
0.25
0.19
0.31
-0.03
0.01
0.04
0
0
1
0
6756
0.0000
0.0000
0.0000
0.0000
1.19
0.63
-1.25
