1788
0.0000
0.0000
0.0000
0.0000
0.00
0.00
0.00
0.00
0.00
0.00
0
0
0
0
1798
0.0000
0.0000
0.0000
0.0000
0.00
0.00
0.00
0.00
0.00
0.00
0
0
0
0
1806
0.0000
0.0000
0.0000
0.0000
0.00
0.00
0.00
0.00
0.00
0.00
0
0
0
0
1815
0.0000
0.0000
0.0000
0.0000
0.00
0.00
0.00
0.00
0.00
0.00
0
0
0
0
1823
0.0000
0.0000
0.0000
0.0000
0.00
0.00
0.00
0.00
0.00
0.00
0
0
0
0
1832
0.0000
0.0000
0.0000
0.0000
0.00
0.00
0.00
0.00
0.00
0.00
0
0
0
0
1841
0.0000
0.0000
0.0000
0.0000
0.00
0.00
0.00
0.00
0.00
0.00
0
0
0
0
1850
0.0000
0.0000
0.0000
0.0000
0.00
0.00
0.00
0.00
0.00
0.00
0
0
0
0
1859
0.0000
0.0000
0.0000
0.0000
0.00
0.00
0.00
0.00
0.00
0.00
0
0
0
0
1867
0.0000
0.0000
0.0000
0.0000
0.00
0.00
0.00
0.00
0.00
0.00
0
0
0
0
1876
0.0000
0.0000
0.0000
0.0000
0.00
0.00
0.00
0.00
0.00
0.00
0
0
0
0
1885
0.0000
0.0000
0.0000
0.0000
0.00
0.00
0.00
0.00
0.00
0.00
0
0
0
0
1894
0.0000
0.0000
0.0000
0.0000
0.00
0.00
0.00
0.00
0.00
0.00
0
0
0
0
1902
0.0000
0.0000
0.0000
0.0000
0.00
0.00
0.00
0.00
0.00
0.00
0
0
0
0
1911
0.0000
0.0000
0.0000
0.0000
0.00
0.00
0.00
0.00
0.00
0.00
0
0
0
0
1920
0.0000
0.0000
0.0000
0.0000
0.00
0.00
0.00
0.00
0.00
0.00
0
0
0
0
1929
0.0000
0.0000
0.0000
0.0000
0.00
0.00
0.00
0.00
0.00
0.00
0
0
0
0
1938
0.0000
0.0000
0.0000
0.0000
0.00
0.00
0.00
0.00
0.00
0.00
0
0
0
0
1946
0.0000
0.0000
0.0000
0.0000
0.00
0.00
0.00
0.00
0.00
0.00
0
0
0
0
1955
0.0000
0.0000
0.0000
0.0000
0.00
0.00
0.00
0.00
0.00
0.00
0
0
0
0
1964
0.0000
0.0000
0.0000
0.0000
0.00
0.00
0.00
0.00
0.00
0.00
0
0
0
0
1973
0.0000
0.0000
0.0000
0.0000
0.00
0.00
0.00
0.00
0.00
0.00
0
0
0
0
1981
0.0000
0.0000
0.0000
0.0000
0.00
0.00
0.00
0.00
0.00
0.00
0
0
0
0
1990
0.0000
0.0000
0.0000
0.0000
0.00
0.00
0.00
0.00
0.00
0.00
0
0
0
0
1998
0.0000
0.0000
0.0000
0.0000
0.00
0.00
0.00
0.00
0.00
0.00
0
0
0
0
2008
0.0000
0.0000
0.0000
0.0000
0.00
0.00
0.00
0.00
0.00
0.00
0
0
0
0
2017
0.0000
0.0000
0.0000
0.0000
0.00
0.00
0.00
0.00
0.00
0.00
0
0
0
0
2025
0.0000
0.0000
0.0000
0.0000
0.00
0.00
0.00
0.00
0.00
0.00
0
0
0
0
2034
0.0000
0.0000
0.0000
0.0000
0.00
0.00
0.00
0.00
0.00
0.00
0
0
0
0
2042
0.0000
0.0000
0.0000
0.0000
0.00
0.00
0.00
0.00
0.00
0.00
0
0
0
0
2052
0.0000
0.0000
0.0000
0.0000
0.00
0.00
0.00
0.00
0.00
0.00
0
0
0
0
2060
0.0000
0.0000
0.0000
0.0000
0.00
0.00
0.00
0.00
0.00
0.00
0
0
0
0
2069
0.0000
0.0000
0.0000
0.0000
0.00
0.00
0.00
0.00
0.00
0.00
0
0
0
0
2077
0.0000
0.0000
0.0000
0.0000
0.00
0.00
0.00
0.00
0.00
0.00
0
0
0
0
2086
0.0000
0.0000
0.0000
0.0000
0.00
0.00
0.00
0.00
0.00
0.00
0
0
0
0
2095
0.0000
0.0000
0.0000
0.0000
0.00
0.00
0.00
0.00
0.00
0.00
0
0
0
0
2104
0.0000
0.0000
0.0000
0.0000
0.00
0.00
0.00
0.00
0.00
0.00
0
0
0
0
2113
0.0000
0.0000
0.0000
0.0000
0.00
0.00
0.00
0.00
0.00
0.00
0
0
0
0
2121
0.0000
0.0000
0.0000
0.0000
0.00
0.00
0.00
0.00
0.00
0.00
0
0
0
0
2130
0.0000
0.0000
0.0000
0.0000
0.00
0.00
0.00
0.00
0.00
0.00
0
0
0
0
2139
0.0000
0.0000
0.0000
0.0000
0.00
0.00
0.00
0.00
0.00
0.00
0
0
0
0
2148
0.0000
0.0000
0.0000
0.0000
0.00
0.00
0.00
0.00
0.00
0.00
0
0
0
0
2156
0.0000
0.0000
0.0000
0.0000
0.00
0.00
0.00
0.00
0.00
0.00
0
0
0
0
2165
0.0000
0.0000
0.0000
0.0000
0.00
0.00
0.00
0.00
0.00
0.00
0
0
0
0
2173
0.0000
0.0000
0.0000
0.0000
0.00
0.00
0.00
0.00
0.00
0.00
0
0
0
0
2183
0.0000
0.0000
0.0000
0.0000
0.00
0.00
0.00
0.00
0.00
0.00
0
0
0
0
2192
0.0000
0.0000
0.0000
0.0000
0.00
0.00
0.00
0.00
0.00
0.00
0
0
0
0
2200
0.0000
0.0000
0.0000
0.0000
0.00
0.00
0.00
0.00
0.00
0.00
0
0
0
0
2209
0.0000
0.0000
0.0000
0.0000
0.00
0.00
0.00
0.00
0.00
0.00
0
0
0
0
2217
0.0000
0.0000
0.0000
0.0000
0.00
0.00
0.00
0.00
0.00
0.00
0
0
0
0
2227
0.0000
0.0000
0.0000
0.0000
0.00
0.00
0.00
0.00
0.00
0.00
0
0
0
0
2235
0.0000
0.0000
0.0000
0.0000
0.00
0.00
0.00
0.00
0.00
0.00
0
0
0
0
2244
0.0000
0.0000
0.0000
0.0000
0.00
0.00
0.00
0.00
0.00
0.00
0
0
0
0
2252
0.0000
0.0000
0.0000
0.0000
0.00
0.00
0.00
0.00
0.00
0.00
0
0
0
0
2263
0.0000
0.0000
0.0000
0.0000
0.00
0.00
0.00
0.00
0.00
0.00
0
0
0
0
2272
0.0000
0.0000
0.0000
0.0000
0.00
0.00
0.00
0.00
0.00
0.00
0
0
0
0
2281
0.0000
0.0000
0.0000
0.0000
0.00
0.00
0.00
0.00
0.00
0.00
0
0
0
0
2293
0.0000
0.0000
0.0000
0.0000
0.31
-0.19
-0.56
0.00
0.00
0.00
0
0
0
0
2304
0.0000
0.0000
0.0000
0.0000
0.31
-0.06
-0.06
0.00
0.00
0.00
0
0
0
0
2315
0.0000
0.0000
0.0000
0.0000
-0.06
-0.19
-0.37
0.00
0.00
0.00
0
0
0
0
2326
0.0000
0.0000
0.0000
0.0000
0.00
0.44
1.06
0.00
0.00
0.00
0
0
0
0
2336
0.0000
0.0000
0.0000
0.0000
-0.06
0.56
1.88
0.00
0.00
0.00
0
0
0
0
2347
0.0000
0.0000
0.0000
0.0000
-0.19
0.44
1.31
0.05
-0.09
0.22
0
0
0
0
2357
0.0000
0.0000
0.0000
0.0000
-0.12
-0.06
0.25
0.01
-0.11
0.21
0
0
0
0
2366
0.1935
-0.0001
-0.0001
-0.0001
0.12
-0.63
-0.81
0.01
-0.09
0.23
0
0
0
0
2376
0.1935
-0.0001
-0.0001
-0.0001
0.00
-0.88
-1.63
0.01
-0.10
0.22
0
0
0
0
2385
0.1935
0.9804
0.0363
-0.0003
0.00
-0.88
-1.63
-0.01
-0.07
0.25
0
0
0
0
2395
0.1935
0.9804
0.0364
-0.0004
-0.06
-0.69
-1.63
0.01
-0.10
0.22
0
0
0
0
2405
0.0000
0.0000
0.0000
0.0000
0.00
0.00
0.00
0.02
-0.09
0.23
0
0
0
0
2415
0.1935
-0.0001
-0.0001
-0.0001
0.00
0.19
0.81
0.01
-0.11
0.19
0
0
0
0
2425
0.1935
-0.0001
-0.0001
-0.0001
-0.06
0.81
1.69
0.02
-0.10
0.23
0
0
0
0
2436
0.1935
0.9805
0.0361
-0.0002
-0.06
0.81
1.69
0.03
-0.10
0.21
0
0
1
0
2446
0.0000
0.0000
0.0000
0.0000
-0.06
0.25
0.88
0.04
0.00
0.01
0
0
1
0
2455
0.1935
-0.0001
-0.0001
-0.0001
-0.12
-0.63
-1.50
0.01
-0.02
0.00
0
0
1
0
2465
0.1935
-0.0001
-0.0001
-0.0001
0.06
-0.56
-1.56
0.01
-0.01
0.02
0
0
1
0
2476
0.0000
0.0000
0.0000
0.0000
0.06
-0.56
-1.56
0.01
0.00
0.01
0
0
1
0
2486
0.1935
-0.0001
-0.0001
-0.0001
0.00
-0.19
0.00
0.00
-0.01
0.01
0
0
1
0
2496
0.0000
0.0000
0.0000
0.0000
0.00
-0.19
0.00
0.02
0.00
0.01
0
0
1
0
2505
0.0000
0.0000
0.0000
0.0000
0.06
0.19
0.88
0.03
0.00
0.00
0
0
1
0
2515
0.0000
0.0000
0.0000
0.0000
-0.25
0.50
1.12
0.02
-0.02
-0.01
0
0
1
0
2526
0.1935
-0.0001
-0.0001
-0.0001
0.00
0.06
0.31
0.02
0.00
0.02
0
0
1
0
2535
0.0000
0.0000
0.0000
0.0000
0.00
0.06
0.31
0.02
-0.01
0.00
0
0
1
0
2545
0.0000
0.0000
0.0000
0.0000
0.00
0.00
0.00
0.01
-0.02
0.01
0
0
1
0
2554
0.0000
0.0000
0.0000
0.0000
0.00
0.00
0.00
0.01
0.00
0.01
0
0
1
0
2565
0.1935
-0.0001
-0.0001
-0.0001
0.00
0.00
0.00
0.02
0.00
-0.02
0
0
1
0
2575
0.0000
0.0000
0.0000
0.0000
0.00
0.00
0.00
0.01
0.00
0.00
0
0
1
0
2584
0.0000
0.0000
0.0000
0.0000
-0.12
0.06
0.00
0.02
-0.01
0.00
0
0
1
0
2594
0.1935
-0.0001
-0.0001
-0.0001
-0.12
-0.12
0.06
0.02
0.00
0.00
0
0
1
0
2606
0.1935
-0.0001
-0.0001
-0.0001
0.06
-0.31
0.06
0.01
-0.02
-0.01
0
0
1
0
2616
0.1935
-0.0001
-0.0001
-0.0001
0.00
-0.37
-0.25
0.01
-0.03
0.01
0
0
1
0
2626
0.1935
-0.0001
-0.0001
-0.0001
0.06
-0.06
-0.06
0.00
0.00
0.00
0
0
1
0
2635
0.1935
-0.0001
-0.0001
-0.0001
-0.06
0.06
0.25
0.02
-0.02
0.03
0
0
1
0
2646
0.0000
0.0000
0.0000
0.0000
-0.06
0.06
0.25
0.01
-0.01
0.03
0
0
1
0
2656
0.1935
-0.0001
-0.0001
-0.0001
-0.19
0.00
0.50
0.01
-0.01
0.00
0
0
1
0
2666
0.1935
-0.0001
-0.0001
-0.0001
-0.12
-0.19
0.19
0.01
-0.03
-0.01
0
0
1
0
2676
0.1935
-0.0001
-0.0001
-0.0001
0.06
-0.25
-0.19
0.02
0.00
0.01
0
0
1
0
2685
0.1935
-0.0001
-0.0001
-0.0001
-0.06
-0.37
-0.50
0.01
-0.01
0.00
0
0
1
0
2696
0.1935
-0.0001
-0.0001
-0.0001
0.12
-0.25
-0.50
0.01
-0.01
0.00
0
0
1
0
2706
0.1935
-0.0001
-0.0001
-0.0001
0.00
-0.19
-0.06
0.00
-0.03
-0.01
0
0
1
0
2716
0.1935
-0.0001
-0.0001
-0.0001
0.12
0.06
0.56
0.04
-0.02
-0.03
0
0
1
0
2726
0.1935
-0.0001
-0.0001
-0.0001
0.00
0.06
0.81
0.01
0.00
0.00
0
0
1
0
2736
0.1935
-0.0001
-0.0001
-0.0001
0.00
0.12
0.50
0.02
-0.03
0.00
0
0
1
0
2746
0.1935
-0.0001
-0.0001
-0.0001
0.00
-0.06
0.06
0.02
0.00
0.00
0
0
1
0
2756
0.0000
0.0000
0.0000
0.0000
0.00
-0.37
-0.44
0.03
-0.03
0.00
0
0
1
0
2765
0.1935
-0.0001
-0.0001
-0.0001
-0.12
-0.50
-0.81
0.02
-0.01
-0.01
0
0
1
0
2776
0.1935
-0.0001
-0.0001
-0.0001
0.06
-0.37
-0.81
0.02
0.00
0.02
0
0
1
0
2786
0.1935
-0.0001
-0.0001
-0.0001
0.06
-0.19
-0.25
0.02
-0.02
0.00
0
0
1
0
2796
0.0000
0.0000
0.0000
0.0000
-0.12
0.00
0.37
0.00
0.00
0.00
0
0
1
0
2805
0.0000
0.0000
0.0000
0.0000
-0.12
0.00
0.37
0.01
-0.01
0.00
0
0
1
0
2816
0.1935
-0.0001
-0.0001
-0.0001
-0.19
0.37
0.81
0.03
-0.02
-0.01
0
0
1
0
2826
0.0000
0.0000
0.0000
0.0000
-0.19
0.37
0.81
0.02
-0.01
0.00
0
0
1
0
2835
0.0000
0.0000
0.0000
0.0000
-0.06
0.12
0.37
0.02
0.00
0.01
0
0
1
0
2845
0.1935
-0.0001
-0.0001
-0.0001
-0.12
-0.19
-0.19
0.01
-0.01
0.00
0
0
1
0
2855
0.1935
-0.0001
-0.0001
-0.0001
0.06
-0.31
-0.88
0.02
-0.01
-0.02
0
0
1
0
2866
0.1935
-0.0001
-0.0001
-0.0001
0.06
-0.19
-0.50
0.01
-0.01
0.00
0
0
1
0
2876
0.0000
0.0000
0.0000
0.0000
0.06
0.06
0.12
0.02
-0.01
-0.01
0
0
1
0
2886
0.1935
-0.0001
-0.0001
-0.0001
-0.06
0.06
0.56
0.03
-0.01
0.00
0
0
1
0
2895
0.1935
-0.0001
-0.0001
-0.0001
-0.12
0.25
0.69
0.00
-0.02
0.00
0
0
1
0
2906
0.0000
0.0000
0.0000
0.0000
-0.12
0.31
0.44
0.02
0.00
0.00
0
0
1
0
2916
0.1935
-0.0001
-0.0001
-0.0001
-0.12
-0.19
-0.12
0.02
-0.03
0.00
0
0
1
0
2926
0.0000
0.0000
0.0000
0.0000
-0.12
-0.19
-0.12
0.00
-0.01
0.03
0
0
1
0
2935
0.0000
0.0000
0.0000
0.0000
0.00
0.00
0.00
0.00
-0.03
0.01
0
0
1
0
2945
0.1935
-0.0001
-0.0001
-0.0001
0.00
-0.06
-0.06
0.01
-0.02
0.01
0
0
1
0
2956
0.1935
-0.0001
-0.0001
-0.0001
-0.06
0.00
-0.06
0.00
-0.01
0.03
0
0
1
0
2966
0.0000
0.0000
0.0000
0.0000
-0.06
0.00
-0.06
0.02
-0.01
0.00
0
0
1
0
2975
0.1935
-0.0001
-0.0001
-0.0001
-0.12
-0.06
0.69
0.03
-0.01
0.01
0
0
1
0
2985
0.1935
-0.0001
-0.0001
-0.0001
0.00
0.19
0.56
0.01
-0.02
0.00
0
0
1
0
2996
0.1935
-0.0001
-0.0001
-0.0001
0.00
-0.19
0.12
0.01
-0.02
0.02
0
0
1
0
3006
0.0000
0.0000
0.0000
0.0000
0.06
-0.37
-0.31
0.01
-0.02
-0.01
0
0
1
0
3015
0.1935
-0.0001
-0.0001
-0.0001
0.00
-0.25
-0.63
0.01
-0.02
0.00
0
0
1
0
3025
0.1935
-0.0001
-0.0001
-0.0001
0.12
-0.37
-0.50
0.00
0.00
0.02
0
0
1
0
3036
0.0000
0.0000
0.0000
0.0000
0.12
-0.37
-0.50
0.00
-0.03
0.00
0
0
1
0
3045
0.1935
-0.0001
-0.0001
-0.0001
-0.12
0.00
0.44
0.01
-0.02
-0.02
0
0
1
0
3056
0.1935
-0.0001
-0.0001
-0.0001
-0.06
0.06
0.44
0.00
-0.02
-0.01
0
0
1
0
3065
0.1935
-0.0001
-0.0001
-0.0001
-0.25
-0.06
0.37
0.01
-0.03
0.02
0
0
1
0
3076
0.0000
0.0000
0.0000
0.0000
-0.25
-0.06
0.37
0.00
0.00
0.02
0
0
1
0
3085
0.1935
-0.0001
-0.0001
-0.0001
0.06
-0.19
-0.37
0.00
-0.02
0.02
0
0
1
0
3095
0.1935
-0.0001
-0.0001
-0.0001
0.00
-0.37
-0.63
0.00
0.00
0.02
0
0
1
0
3105
0.1935
-0.0001
-0.0001
-0.0001
0.00
-0.37
-0.50
0.00
0.00
0.00
0
0
1
0
3116
0.0000
0.0000
0.0000
0.0000
0.00
-0.37
-0.50
0.00
0.00
0.02
0
0
1
0
3126
0.1935
-0.0001
-0.0001
-0.0001
-0.06
0.12
0.37
0.00
-0.01
0.00
0
0
1
0
3135
0.1935
-0.0001
-0.0001
-0.0001
0.00
0.19
0.88
0.02
0.00
0.02
0
0
1
0
3145
0.1935
-0.0001
-0.0001
-0.0001
0.00
0.31
0.88
0.03
-0.03
0.00
0
0
1
0
3155
0.1935
-0.0001
-0.0001
-0.0001
0.00
0.00
0.50
0.03
-0.02
0.00
0
0
1
0
3166
0.0000
0.0000
0.0000
0.0000
0.00
0.00
0.50
0.04
-0.05
0.00
0
0
1
0
3176
0.1935
-0.0001
-0.0001
-0.0001
-0.12
-0.25
-0.63
0.00
-0.05
0.03
0
0
1
0
3186
0.1935
-0.0001
-0.0001
-0.0001
0.00
-0.31
-0.94
0.00
-0.03
0.00
0
0
1
0
3196
0.1935
-0.0001
-0.0001
-0.0001
0.00
-0.37
-0.63
0.01
0.00
0.00
0
0
1
0
3206
0.1935
-0.0001
-0.0001
-0.0001
-0.06
-0.12
-0.19
0.00
-0.02
0.02
0
0
1
0
3216
0.1935
-0.0001
-0.0001
-0.0001
0.00
0.12
0.31
0.00
-0.03
0.00
0
0
1
0
3226
0.0000
0.0000
0.0000
0.0000
-0.12
0.25
0.81
0.02
-0.02
0.00
0
0
1
0
3235
0.0000
0.0000
0.0000
0.0000
-0.12
0.25
0.81
0.00
-0.01
-0.02
0
0
1
0
3246
0.1935
-0.0001
-0.0001
-0.0001
0.06
-0.06
0.31
0.02
-0.03
0.01
0
0
1
0
3256
0.1935
-0.0001
-0.0001
-0.0001
0.00
-0.06
0.00
0.01
-0.02
-0.01
0
0
1
0
3266
0.1935
-0.0001
-0.0001
-0.0001
-0.06
-0.12
-0.19
0.03
-0.02
-0.01
0
0
1
0
3276
0.1935
-0.0001
-0.0001
-0.0001
0.00
-0.12
-0.37
0.02
-0.03
0.03
0
0
1
0
3286
0.1935
-0.0001
-0.0001
-0.0001
-0.06
-0.25
-0.19
0.01
-0.02
0.01
0
0
1
0
3296
0.1935
-0.0001
-0.0001
-0.0001
0.00
-0.19
-0.19
0.03
-0.01
0.00
0
0
1
0
3306
0.0000
0.0000
0.0000
0.0000
0.00
-0.12
0.00
0.01
-0.01
0.02
0
0
1
0
3315
0.1935
-0.0001
-0.0001
-0.0001
-0.12
-0.25
-0.06
0.00
-0.01
0.00
0
0
1
0
3325
0.0000
0.0000
0.0000
0.0000
-0.12
-0.25
-0.06
0.01
0.00
0.00
0
0
1
0
3335
0.1935
-0.0001
-0.0001
-0.0001
0.00
0.00
0.00
0.00
0.00
0.01
0
0
1
0
3346
0.1935
-0.0001
-0.0001
-0.0001
0.00
-0.06
0.12
0.01
-0.02
0.01
0
0
1
0
3356
0.1935
-0.0001
-0.0001
-0.0001
0.06
-0.12
0.00
0.00
-0.01
-0.02
0
0
1
0
3365
0.1935
-0.0001
-0.0001
-0.0001
0.00
-0.06
0.19
0.02
-0.01
-0.02
0
0
1
0
3376
0.1935
-0.0001
-0.0001
-0.0001
0.06
0.06
0.25
0.00
-0.01
0.00
0
0
1
0
3386
0.0000
0.0000
0.0000
0.0000
-0.12
0.19
0.19
0.01
-0.04
0.00
0
0
1
0
3395
0.1935
-0.0001
-0.0001
-0.0001
-0.19
0.06
0.19
0.00
-0.03
0.01
0
0
1
0
3405
0.1935
-0.0001
-0.0001
-0.0001
0.00
-0.19
0.00
0.00
0.00
-0.01
0
0
1
0
3416
0.1935
-0.0001
-0.0001
-0.0001
-0.19
-0.31
-0.12
0.01
-0.01
0.01
0
0
1
0
3426
0.0000
0.0000
0.0000
0.0000
0.00
-0.19
-0.37
0.01
-0.02
0.00
0
0
1
0
3435
0.1935
-0.0001
-0.0001
-0.0001
-0.06
-0.37
-0.50
0.03
-0.01
0.02
0
0
1
0
3445
0.1935
-0.0001
-0.0001
-0.0001
-0.06
-0.50
-0.44
0.00
-0.02
0.00
0
0
1
0
3456
0.1935
-0.0001
-0.0001
-0.0001
0.00
-0.25
-0.31
0.00
0.00
-0.04
0
0
1
0
3466
0.1935
-0.0001
-0.0001
-0.0001
-0.06
-0.06
0.19
0.00
0.00
0.00
0
0
1
0
3476
0.1935
-0.0001
-0.0001
-0.0001
-0.19
0.19
0.31
0.00
-0.01
0.01
0
0
1
0
3486
0.1935
-0.0001
-0.0001
-0.0001
-0.12
0.19
0.56
0.00
-0.02
0.02
0
0
1
0
3496
0.1935
-0.0001
-0.0001
-0.0001
-0.12
0.19
0.44
0.00
-0.02
0.01
0
0
1
0
3506
0.1935
-0.0001
-0.0001
-0.0001
-0.06
0.12
0.31
0.02
-0.03
0.01
0
0
1
0
3516
0.1935
-0.0001
-0.0001
-0.0001
-0.06
-0.25
-0.25
0.02
-0.03
0.01
0
0
1
0
3526
0.1935
-0.0001
-0.0001
-0.0001
-0.12
-0.19
-0.44
0.01
-0.03
0.01
0
0
1
0
3536
0.1935
0.9805
0.0361
-0.0002
-0.19
-0.37
-0.25
0.02
-0.02
0.01
0
0
1
0
3547
0.1935
0.9805
0.0361
-0.0002
-0.06
-0.31
0.00
0.01
-0.01
0.00
0
0
1
0
3557
0.1935
0.9805
0.0361
-0.0002
-0.12
0.00
0.00
0.02
0.00
-0.02
0
0
1
0
3567
0.1935
0.9805
0.0361
-0.0002
0.00
-0.19
0.31
0.01
-0.02
0.01
0
0
1
0
3576
0.1935
0.9805
0.0361
-0.0002
-0.06
0.06
0.19
0.00
-0.02
0.02
0
0
1
0
3587
0.1935
0.9805
0.0361
-0.0002
-0.12
0.00
0.12
0.00
-0.01
0.02
0
0
1
0
3597
0.1935
0.9805
0.0361
-0.0002
-0.06
0.00
-0.06
0.01
-0.01
0.00
0
0
1
0
3607
0.1935
0.9805
0.0361
-0.0002
-0.06
-0.31
-0.12
0.02
0.00
-0.01
0
0
1
0
3616
0.1935
0.9805
0.0361
-0.0002
-0.06
-0.12
0.06
0.00
-0.02
0.00
0
0
1
0
3627
0.1935
0.9805
0.0361
-0.0002
-0.06
-0.12
0.19
0.00
0.00
0.02
0
0
1
0
3637
0.1935
0.9805
0.0361
-0.0002
0.00
0.06
0.25
0.00
-0.03
0.00
0
0
1
0
3647
0.1935
0.9805
0.0361
-0.0002
0.00
-0.06
0.37
0.01
-0.02
0.00
0
0
1
0
3656
0.1935
0.9805
0.0361
-0.0002
0.06
0.00
0.12
0.01
-0.01
-0.01
0
0
1
0
3666
0.1935
0.9805
0.0361
-0.0002
0.00
-0.19
-0.06
0.00
-0.02
0.00
0
0
1
0
3677
0.1935
0.9805
0.0361
-0.0002
0.00
-0.25
-0.44
0.00
-0.04
0.00
0
0
1
0
3687
0.1935
0.9805
0.0361
-0.0002
0.00
-0.25
-0.50
0.00
-0.01
0.03
0
0
1
0
3697
0.1935
0.9805
0.0361
-0.0002
0.06
-0.25
-0.31
0.01
-0.02
0.01
0
0
1
0
3707
0.1935
0.9805
0.0361
-0.0002
-0.06
-0.19
0.06
0.02
-0.01
-0.02
0
0
1
0
3717
0.1935
0.9805
0.0361
-0.0002
0.00
-0.06
0.31
0.00
-0.01
0.00
0
0
1
0
3727
0.1935
0.9805
0.0361
-0.0002
0.00
-0.06
0.63
0.00
-0.04
-0.01
0
0
1
0
3737
0.1935
0.9805
0.0361
-0.0002
-0.06
0.25
0.69
0.02
-0.02
0.00
0
0
1
0
3746
0.1935
0.9805
0.0360
-0.0002
-0.12
0.00
0.37
0.01
-0.02
-0.01
0
0
1
0
3757
0.1935
0.9805
0.0360
-0.0002
-0.25
-0.19
-0.37
0.01
-0.01
0.00
0
0
1
0
3767
0.1935
0.9805
0.0360
-0.0002
-0.06
-0.31
-0.75
0.02
-0.01
0.00
0
0
1
0
3777
0.1935
0.9805
0.0361
-0.0002
0.06
-0.25
-0.81
0.00
0.00
0.00
0
0
1
0
3787
0.1935
0.9805
0.0361
-0.0002
0.00
-0.37
-0.44
0.00
-0.01
0.05
0
0
1
0
3796
0.1935
0.9805
0.0361
-0.0002
-0.06
-0.19
0.12
0.01
-0.03
0.02
0
0
1
0
3807
0.1935
0.9805
0.0361
-0.0002
-0.12
0.31
0.75
0.01
-0.02
-0.02
0
0
1
0
3817
0.1935
0.9805
0.0361
-0.0002
-0.06
0.31
1.12
0.01
-0.02
0.03
0
0
1
0
3827
0.1935
0.9805
0.0359
-0.0002
-0.06
0.19
0.94
0.02
0.00
-0.01
0
0
1
0
3836
0.1935
0.9805
0.0359
-0.0002
-0.12
0.25
0.19
0.00
-0.03
0.04
0
0
1
0
3847
0.1935
0.9805
0.0359
-0.0002
-0.12
0.00
-0.31
0.02
-0.03
0.05
0
0
1
0
3857
0.1935
0.9805
0.0359
-0.0002
-0.06
-0.50
-0.69
0.00
0.00
0.00
0
0
1
0
3867
0.1935
0.9805
0.0359
-0.0002
0.06
-0.44
-0.94
0.02
-0.01
-0.02
0
0
1
0
3876
0.1935
0.9805
0.0360
-0.0002
0.00
-0.25
-0.44
0.00
-0.01
0.01
0
0
1
0
3887
0.1935
0.9805
0.0360
-0.0002
0.00
-0.06
0.12
0.00
-0.02
0.01
0
0
1
0
3897
0.1935
0.9805
0.0360
-0.0002
-0.06
0.12
0.44
0.00
-0.04
0.01
0
0
1
0
3907
0.1935
0.9805
0.0360
-0.0002
-0.19
0.31
0.56
0.00
-0.01
0.00
0
0
1
0
3916
0.1935
0.9805
0.0360
-0.0002
-0.12
0.19
0.44
0.00
0.00
-0.01
0
0
1
0
3927
0.1935
0.9805
0.0360
-0.0002
0.00
0.06
0.19
0.01
0.00
0.00
0
0
1
0
3937
0.1935
0.9805
0.0360
-0.0002
0.06
-0.19
-0.19
0.02
0.00
0.00
0
0
1
0
3947
0.1935
0.9805
0.0360
-0.0002
0.00
-0.31
-0.37
0.00
-0.02
0.01
0
0
1
0
3956
0.1935
0.9805
0.0360
-0.0002
-0.06
-0.31
-0.44
0.00
-0.02
-0.02
0
0
1
0
3966
0.1935
0.9805
0.0360
-0.0002
0.06
-0.19
-0.12
0.02
-0.03
0.00
0
0
1
0
3977
0.1935
0.9805
0.0360
-0.0002
0.00
0.00
0.12
0.00
0.00
0.02
0
0
1
0
3987
0.1935
0.9805
0.0360
-0.0002
-0.19
0.00
0.37
0.02
-0.01
0.00
0
0
1
0
3996
0.1935
0.9805
0.0360
-0.0002
-0.06
0.06
0.25
0.02
0.00
0.01
0
0
1
0
4006
0.1935
0.9805
0.0360
-0.0002
0.00
-0.31
0.06
0.00
-0.04
0.02
0
0
1
0
4017
0.1935
0.9805
0.0360
-0.0002
0.00
-0.37
-0.12
0.01
-0.04
0.00
0
0
1
0
4027
0.1935
0.9805
0.0360
-0.0002
0.06
-0.19
-0.25
-0.01
-0.02
0.01
0
0
1
0
4037
0.1935
0.9805
0.0360
-0.0002
0.00
0.00
-0.19
0.01
-0.04
0.00
0
0
1
0
4046
0.1935
0.9805
0.0360
-0.0002
-0.12
