1788
0.0000
0.0000
0.0000
0.0000
0.00
0.00
0.00
0.00
0.00
0.00
0
0
0
0
1798
0.0000
0.0000
0.0000
0.0000
0.00
0.00
0.00
0.00
0.00
0.00
0
0
0
0
1806
0.0000
0.0000
0.0000
0.0000
0.00
0.00
0.00
0.00
0.00
0.00
0
0
0
0
1815
0.0000
0.0000
0.0000
0.0000
0.00
0.00
0.00
0.00
0.00
0.00
0
0
0
0
1823
0.0000
0.0000
0.0000
0.0000
0.00
0.00
0.00
0.00
0.00
0.00
0
0
0
0
1832
0.0000
0.0000
0.0000
0.0000
0.00
0.00
0.00
0.00
0.00
0.00
0
0
0
0
1841
0.0000
0.0000
0.0000
0.0000
0.00
0.00
0.00
0.00
0.00
0.00
0
0
0
0
1850
0.0000
0.0000
0.0000
0.0000
0.00
0.00
0.00
0.00
0.00
0.00
0
0
0
0
1859
0.0000
0.0000
0.0000
0.0000
0.00
0.00
0.00
0.00
0.00
0.00
0
0
0
0
1867
0.0000
0.0000
0.0000
0.0000
0.00
0.00
0.00
0.00
0.00
0.00
0
0
0
0
1876
0.0000
0.0000
0.0000
0.0000
0.00
0.00
0.00
0.00
0.00
0.00
0
0
0
0
1885
0.0000
0.0000
0.0000
0.0000
0.00
0.00
0.00
0.00
0.00
0.00
0
0
0
0
1894
0.0000
0.0000
0.0000
0.0000
0.00
0.00
0.00
0.00
0.00
0.00
0
0
0
0
1902
0.0000
0.0000
0.0000
0.0000
0.00
0.00
0.00
0.00
0.00
0.00
0
0
0
0
1911
0.0000
0.0000
0.0000
0.0000
0.00
0.00
0.00
0.00
0.00
0.00
0
0
0
0
1920
0.0000
0.0000
0.0000
0.0000
0.00
0.00
0.00
0.00
0.00
0.00
0
0
0
0
1929
0.0000
0.0000
0.0000
0.0000
0.00
0.00
0.00
0.00
0.00
0.00
0
0
0
0
1938
0.0000
0.0000
0.0000
0.0000
0.00
0.00
0.00
0.00
0.00
0.00
0
0
0
0
1946
0.0000
0.0000
0.0000
0.0000
0.00
0.00
0.00
0.00
0.00
0.00
0
0
0
0
1955
0.0000
0.0000
0.0000
0.0000
0.00
0.00
0.00
0.00
0.00
0.00
0
0
0
0
1964
0.0000
0.0000
0.0000
0.0000
0.00
0.00
0.00
0.00
0.00
0.00
0
0
0
0
1973
0.0000
0.0000
0.0000
0.0000
0.00
0.00
0.00
0.00
0.00
0.00
0
0
0
0
1981
0.0000
0.0000
0.0000
0.0000
0.00
0.00
0.00
0.00
0.00
0.00
0
0
0
0
1990
0.0000
0.0000
0.0000
0.0000
0.00
0.00
0.00
0.00
0.00
0.00
0
0
0
0
1998
0.0000
0.0000
0.0000
0.0000
0.00
0.00
0.00
0.00
0.00
0.00
0
0
0
0
2008
0.0000
0.0000
0.0000
0.0000
0.00
0.00
0.00
0.00
0.00
0.00
0
0
0
0
2017
0.0000
0.0000
0.0000
0.0000
0.00
0.00
0.00
0.00
0.00
0.00
0
0
0
0
2025
0.0000
0.0000
0.0000
0.0000
0.00
0.00
0.00
0.00
0.00
0.00
0
0
0
0
2034
0.0000
0.0000
0.0000
0.0000
0.00
0.00
0.00
0.00
0.00
0.00
0
0
0
0
2042
0.0000
0.0000
0.0000
0.0000
0.00
0.00
0.00
0.00
0.00
0.00
0
0
0
0
2052
0.0000
0.0000
0.0000
0.0000
0.00
0.00
0.00
0.00
0.00
0.00
0
0
0
0
2060
0.0000
0.0000
0.0000
0.0000
0.00
0.00
0.00
0.00
0.00
0.00
0
0
0
0
2069
0.0000
0.0000
0.0000
0.0000
0.00
0.00
0.00
0.00
0.00
0.00
0
0
0
0
2077
0.0000
0.0000
0.0000
0.0000
0.00
0.00
0.00
0.00
0.00
0.00
0
0
0
0
2086
0.0000
0.0000
0.0000
0.0000
0.00
0.00
0.00
0.00
0.00
0.00
0
0
0
0
2096
0.0000
0.0000
0.0000
0.0000
0.00
0.00
0.00
0.00
0.00
0.00
0
0
0
0
2104
0.0000
0.0000
0.0000
0.0000
0.00
0.00
0.00
0.00
0.00
0.00
0
0
0
0
2113
0.0000
0.0000
0.0000
0.0000
0.00
0.00
0.00
0.00
0.00
0.00
0
0
0
0
2121
0.0000
0.0000
0.0000
0.0000
0.00
0.00
0.00
0.00
0.00
0.00
0
0
0
0
2130
0.0000
0.0000
0.0000
0.0000
0.00
0.00
0.00
0.00
0.00
0.00
0
0
0
0
2139
0.0000
0.0000
0.0000
0.0000
0.00
0.00
0.00
0.00
0.00
0.00
0
0
0
0
2148
0.0000
0.0000
0.0000
0.0000
0.00
0.00
0.00
0.00
0.00
0.00
0
0
0
0
2156
0.0000
0.0000
0.0000
0.0000
0.00
0.00
0.00
0.00
0.00
0.00
0
0
0
0
2165
0.0000
0.0000
0.0000
0.0000
0.00
0.00
0.00
0.00
0.00
0.00
0
0
0
0
2174
0.0000
0.0000
0.0000
0.0000
0.00
0.00
0.00
0.00
0.00
0.00
0
0
0
0
2183
0.0000
0.0000
0.0000
0.0000
0.00
0.00
0.00
0.00
0.00
0.00
0
0
0
0
2192
0.0000
0.0000
0.0000
0.0000
0.00
0.00
0.00
0.00
0.00
0.00
0
0
0
0
2200
0.0000
0.0000
0.0000
0.0000
0.00
0.00
0.00
0.00
0.00
0.00
0
0
0
0
2209
0.0000
0.0000
0.0000
0.0000
0.00
0.00
0.00
0.00
0.00
0.00
0
0
0
0
2217
0.0000
0.0000
0.0000
0.0000
0.00
0.00
0.00
0.00
0.00
0.00
0
0
0
0
2227
0.0000
0.0000
0.0000
0.0000
0.00
0.00
0.00
0.00
0.00
0.00
0
0
0
0
2235
0.0000
0.0000
0.0000
0.0000
0.00
0.00
0.00
0.00
0.00
0.00
0
0
0
0
2244
0.0000
0.0000
0.0000
0.0000
0.00
0.00
0.00
0.00
0.00
0.00
0
0
0
0
2253
0.0000
0.0000
0.0000
0.0000
0.00
0.00
0.00
0.00
0.00
0.00
0
0
0
0
2262
0.0000
0.0000
0.0000
0.0000
0.00
0.00
0.00
0.00
0.00
0.00
0
0
0
0
2271
0.0000
0.0000
0.0000
0.0000
0.00
0.00
0.00
0.00
0.00
0.00
0
0
0
0
2280
0.0000
0.0000
0.0000
0.0000
0.00
0.00
0.00
0.00
0.00
0.00
0
3
0
0
2292
0.0000
0.0000
0.0000
0.0000
0.06
-0.06
-0.06
0.00
0.00
0.00
0
3
0
0
2302
0.0000
0.0000
0.0000
0.0000
0.12
-0.19
-0.63
0.00
0.00
0.00
0
3
0
0
2314
0.0000
0.0000
0.0000
0.0000
0.00
0.19
-0.12
0.00
0.00
0.00
0
3
0
0
2324
0.0000
0.0000
0.0000
0.0000
0.00
0.19
0.37
0.00
0.00
0.00
0
3
0
0
2334
0.0000
0.0000
0.0000
0.0000
-0.19
0.37
0.75
0.00
0.00
0.00
0
3
0
0
2344
0.0000
0.0000
0.0000
0.0000
-0.06
0.25
0.50
0.00
-0.29
0.29
0
3
0
0
2354
0.3823
0.9240
-0.0098
-0.0001
0.00
-0.06
-0.19
0.00
-0.30
0.28
0
3
0
0
2364
0.3823
0.9240
-0.0098
-0.0001
0.12
-0.25
-0.56
0.00
-0.31
0.26
0
3
0
0
2374
0.3823
0.9240
-0.0098
-0.0001
0.12
-0.31
-0.69
-0.01
-0.30
0.29
0
3
0
0
2384
0.3823
0.9240
-0.0098
-0.0001
0.00
-0.19
-0.44
-0.02
-0.27
0.29
0
3
0
0
2395
0.3823
0.9240
-0.0098
-0.0001
-0.12
0.19
0.12
-0.01
-0.29
0.29
0
3
0
0
2405
0.3823
0.9240
-0.0098
-0.0001
-0.06
0.31
0.69
0.00
-0.26
0.26
0
3
0
0
2414
0.3823
0.9240
-0.0098
-0.0001
-0.31
0.37
1.06
-0.01
-0.31
0.30
0
3
0
0
2424
0.3823
0.9240
-0.0099
-0.0001
-0.25
0.37
0.88
0.00
-0.32
0.30
0
3
0
0
2435
0.3823
0.9240
-0.0099
0.0000
0.00
0.12
0.12
0.00
-0.29
0.29
0
3
1
0
2444
0.3823
0.9240
-0.0099
0.0000
0.06
-0.06
-0.81
0.00
-0.01
0.01
0
3
1
0
2454
0.3823
0.9240
-0.0099
-0.0001
0.12
-0.50
-1.25
-0.03
-0.03
0.02
0
3
1
0
2464
0.3823
0.9240
-0.0098
-0.0001
0.25
-0.50
-1.31
-0.03
-0.02
0.01
0
3
1
0
2475
0.3823
0.9240
-0.0097
-0.0001
0.06
-0.06
-0.44
-0.02
-0.03
0.01
0
3
1
0
2485
0.3823
0.9240
-0.0098
-0.0001
0.00
0.37
0.94
0.00
-0.02
-0.01
0
3
1
0
2494
0.3823
0.9240
-0.0098
-0.0001
-0.25
0.69
1.88
0.00
-0.04
0.03
0
3
1
0
2504
0.3823
0.9240
-0.0099
0.0000
-0.37
0.75
1.63
0.00
-0.04
0.01
0
3
1
0
2514
0.3823
0.9240
-0.0100
0.0001
-0.12
0.31
0.50
0.00
-0.04
0.01
0
3
1
0
2525
0.3823
0.9240
-0.0100
0.0001
0.31
-0.31
-1.06
0.00
-0.01
0.01
0
3
1
0
2534
0.3823
0.9240
-0.0099
0.0001
0.44
-0.50
-2.19
-0.01
-0.02
0.03
0
3
1
0
2543
0.3823
0.9240
-0.0098
0.0000
0.44
-0.50
-2.19
-0.02
-0.01
0.02
0
3
1
0
2553
0.3823
0.9240
-0.0096
-0.0001
0.12
-0.12
-0.75
-0.02
-0.01
0.03
0
3
1
0
2564
0.3823
0.9240
-0.0095
-0.0001
0.00
0.44
1.19
-0.01
-0.02
0.00
0
3
1
0
2574
0.3823
0.9240
-0.0096
-0.0001
-0.44
0.63
2.19
-0.01
-0.03
0.01
0
3
1
0
2584
0.3823
0.9240
-0.0098
0.0001
-0.31
0.37
1.88
-0.01
-0.03
0.01
0
3
1
0
2593
0.3823
0.9240
-0.0099
0.0001
-0.31
0.37
1.88
-0.01
-0.04
0.02
0
3
1
0
2603
0.3823
0.9240
-0.0099
0.0001
0.31
-0.50
-1.31
-0.02
-0.03
0.01
0
3
1
0
2614
0.3823
0.9240
-0.0098
0.0001
0.56
-0.50
-2.19
-0.01
-0.02
0.01
0
3
1
0
2624
0.3823
0.9240
-0.0096
0.0000
0.31
-0.50
-1.12
0.00
-0.01
0.02
0
3
1
0
2634
0.3823
0.9240
-0.0096
-0.0001
-0.19
0.37
0.31
-0.02
-0.04
0.02
0
3
1
0
2644
0.3823
0.9240
-0.0096
-0.0001
-0.56
0.25
1.19
-0.02
-0.01
0.02
0
3
1
0
2654
0.3823
0.9240
-0.0096
0.0000
-0.37
0.31
1.37
0.00
-0.03
0.05
0
3
1
0
2664
0.3823
0.9240
-0.0098
0.0001
0.06
0.19
0.88
0.00
-0.01
0.03
0
3
1
0
2674
0.3823
0.9240
-0.0098
0.0001
0.06
0.00
-0.12
0.00
-0.03
0.03
0
3
1
0
2684
0.3823
0.9240
-0.0098
0.0001
0.06
-0.31
-0.94
-0.01
-0.03
0.00
0
3
1
0
2695
0.3823
0.9240
-0.0098
0.0001
0.31
-0.19
-0.75
0.00
-0.01
0.02
0
3
1
0
2704
0.3823
0.9240
-0.0097
0.0000
0.06
-0.06
-0.12
-0.02
-0.02
0.00
0
3
1
0
2714
0.3823
0.9240
-0.0097
0.0000
-0.19
0.19
0.31
0.00
-0.01
0.00
0
3
1
0
2724
0.3823
0.9240
-0.0097
0.0000
-0.25
0.06
0.44
-0.01
-0.01
0.02
0
3
1
0
2735
0.3823
0.9240
-0.0097
0.0000
0.25
0.31
0.31
-0.02
-0.04
0.03
0
3
1
0
2744
0.3823
0.9240
-0.0097
0.0000
0.06
0.00
0.19
0.00
-0.01
0.00
0
3
1
0
2754
0.3823
0.9240
-0.0097
0.0000
-0.06
-0.25
-0.31
-0.02
-0.03
0.00
0
3
1
0
2764
0.3823
0.9240
-0.0097
0.0000
0.12
-0.06
-0.56
-0.03
-0.05
0.03
0
3
1
0
2775
0.3823
0.9240
-0.0097
0.0000
0.31
-0.12
-0.37
0.00
-0.02
0.00
0
3
1
0
2784
0.3823
0.9240
-0.0097
0.0000
-0.19
0.12
-0.12
-0.01
-0.01
0.01
0
3
1
0
2794
0.3823
0.9240
-0.0097
0.0000
-0.44
-0.06
0.37
-0.01
-0.01
0.04
0
3
1
0
2804
0.3823
0.9240
-0.0097
0.0000
0.00
0.25
0.75
-0.01
-0.01
0.02
0
3
1
0
2814
0.3823
0.9240
-0.0098
0.0001
0.00
0.12
0.94
0.00
-0.03
0.01
0
3
1
0
2824
0.3823
0.9240
-0.0098
0.0001
-0.19
0.06
0.19
0.00
-0.01
0.00
0
3
1
0
2834
0.3823
0.9240
-0.0098
0.0001
-0.06
-0.25
-0.81
-0.02
-0.02
0.04
0
3
1
0
2844
0.3823
0.9240
-0.0098
0.0001
0.63
-0.12
-1.12
-0.02
-0.02
0.00
0
3
1
0
2854
0.3822
0.9240
-0.0097
0.0000
0.25
-0.12
-0.69
0.00
-0.02
-0.02
0
3
1
0
2864
0.3822
0.9240
-0.0096
0.0000
-0.25
-0.06
-0.31
-0.02
-0.01
0.02
0
3
1
0
2874
0.3822
0.9240
-0.0096
0.0000
-0.06
0.31
0.19
-0.02
-0.03
0.03
0
3
1
0
2884
0.3822
0.9240
-0.0096
0.0000
-0.06
0.44
0.94
-0.01
-0.01
0.01
0
3
1
0
2894
0.3822
0.9240
-0.0097
0.0000
-0.12
0.37
1.12
-0.02
-0.02
0.04
0
3
1
0
2904
0.3822
0.9240
-0.0098
0.0001
-0.31
0.25
0.63
0.01
-0.02
0.02
0
3
1
0
2914
0.3822
0.9240
-0.0098
0.0001
0.19
-0.12
-0.25
0.00
-0.02
0.01
0
3
1
0
2924
0.3822
0.9240
-0.0098
0.0001
0.19
-0.31
-0.50
-0.01
-0.03
0.02
0
3
1
0
2934
0.3822
0.9240
-0.0098
0.0001
0.00
-0.19
-0.88
-0.02
-0.03
0.02
0
3
1
0
2944
0.3822
0.9240
-0.0098
0.0001
0.12
-0.19
-1.00
-0.02
0.00
0.03
0
3
1
0
2954
0.3822
0.9240
-0.0097
0.0000
0.25
0.00
-0.25
0.00
-0.04
0.00
0
3
1
0
2964
0.3822
0.9240
-0.0097
0.0000
0.00
0.44
0.69
-0.02
-0.02
0.03
0
3
1
0
2973
0.3822
0.9240
-0.0098
0.0001
-0.56
0.25
1.06
0.00
-0.01
0.03
0
3
1
0
2983
0.3822
0.9240
-0.0098
0.0001
-0.19
0.44
1.12
-0.01
-0.01
0.02
0
3
1
0
2994
0.3822
0.9240
-0.0099
0.0001
0.12
0.19
0.75
0.00
-0.03
0.01
0
3
1
0
3004
0.3822
0.9240
-0.0100
0.0001
0.19
-0.12
-0.19
-0.01
-0.02
-0.02
0
3
1
0
3014
0.3822
0.9240
-0.0100
0.0001
0.00
-0.50
-1.25
-0.01
-0.03
0.00
0
3
1
0
3023
0.3822
0.9240
-0.0099
0.0001
0.37
-0.50
-1.75
-0.04
-0.02
0.00
0
3
1
0
3034
0.3822
0.9240
-0.0096
0.0000
0.44
-0.25
-1.12
-0.05
-0.01
0.00
0
3
1
0
3044
0.3822
0.9240
-0.0096
0.0000
-0.06
0.06
-0.06
-0.01
-0.02
0.01
0
3
1
0
3054
0.3822
0.9240
-0.0096
0.0000
-0.37
0.50
1.00
-0.03
0.00
0.00
0
3
1
0
3063
0.3822
0.9240
-0.0098
0.0000
-0.31
0.81
1.81
0.01
-0.02
0.03
0
3
1
0
3074
0.3822
0.9240
-0.0099
0.0001
-0.37
0.56
1.88
0.00
-0.02
0.03
0
3
1
0
3084
0.3822
0.9240
-0.0101
0.0002
-0.12
0.31
0.63
0.01
-0.02
0.03
0
3
1
0
3094
0.3822
0.9240
-0.0101
0.0002
0.12
-0.12
-0.75
-0.01
-0.03
0.03
0
3
1
0
3103
0.3822
0.9240
-0.0100
0.0002
0.31
-0.31
-1.44
-0.01
-0.04
0.00
0
3
1
0
3113
0.3822
0.9240
-0.0099
0.0002
0.19
-0.50
-1.69
-0.03
-0.03
0.02
0
3
1
0
3124
0.3822
0.9240
-0.0098
0.0001
0.19
-0.19
-1.19
-0.04
-0.03
0.01
0
3
1
0
3134
0.3822
0.9240
-0.0096
0.0001
0.06
0.06
0.00
-0.01
-0.01
