0.0000
0.0000
0.0000
0.0000
-0.31
0.06
-0.06
0.01
0.05
-0.01
1
3
1
0
10131
0.0000
0.0000
0.0000
0.0000
-0.06
0.06
0.06
0.00
0.02
0.05
1
3
1
0
10141
0.0000
0.0000
0.0000
0.0000
-0.06
0.06
0.06
-0.02
0.00
-0.03
1
3
1
0
10150
0.0000
0.0000
0.0000
0.0000
0.06
0.12
-0.06
0.01
0.00
-0.07
1
3
1
0
10161
0.0000
0.0000
0.0000
0.0000
0.25
0.06
-0.06
0.00
0.01
0.02
1
3
1
0
10171
0.0000
0.0000
0.0000
0.0000
0.31
0.06
0.00
0.00
0.00
0.04
1
3
1
0
10181
0.0000
0.0000
0.0000
0.0000
0.50
0.12
0.06
0.01
0.00
0.02
1
3
1
0
10191
0.0000
0.0000
0.0000
0.0000
0.25
0.00
-0.06
0.00
-0.01
-0.02
1
3
1
0
10201
0.0000
0.0000
0.0000
0.0000
0.00
0.12
0.12
0.02
0.01
-0.07
1
3
1
0
10211
0.0000
0.0000
0.0000
0.0000
-0.06
0.00
0.00
0.01
0.02
0.02
1
3
1
0
10221
0.0000
0.0000
0.0000
0.0000
0.19
-0.06
0.06
0.01
0.01
0.00
1
3
1
0
10231
0.0000
0.0000
0.0000
0.0000
-0.31
-0.06
0.00
-0.02
0.00
-0.03
1
3
1
0
10242
0.0000
0.0000
0.0000
0.0000
-0.31
-0.06
0.00
-0.01
0.01
-0.02
1
3
1
0
10251
0.0000
0.0000
0.0000
0.0000
-0.06
-0.06
-0.06
0.00
0.03
-0.03
1
3
1
0
10261
0.0000
0.0000
0.0000
0.0000
-0.06
-0.06
-0.06
0.00
0.03
-0.01
1
3
1
0
10271
0.0000
0.0000
0.0000
0.0000
0.06
0.00
-0.06
0.00
0.03
-0.01
1
3
1
0
10281
0.0000
0.0000
0.0000
0.0000
0.00
-0.12
-0.06
0.00
0.03
-0.05
1
3
1
0
10291
0.0000
0.0000
0.0000
0.0000
0.06
0.00
0.12
-0.02
0.00
0.00
1
3
1
0
10301
0.0000
0.0000
0.0000
0.0000
-0.06
0.00
0.06
0.00
0.02
-0.03
1
3
1
0
10311
0.0000
0.0000
0.0000
0.0000
0.06
-0.06
0.06
0.00
0.01
0.03
1
3
1
0
10321
0.0000
0.0000
0.0000
0.0000
0.12
-0.06
0.06
0.01
0.02
0.01
1
3
1
0
10331
0.0000
0.0000
0.0000
0.0000
0.12
0.19
0.00
0.01
0.00
-0.04
1
3
1
0
10341
0.0000
0.0000
0.0000
0.0000
0.00
0.06
0.06
0.00
0.00
-0.03
1
3
1
0
10351
0.0000
0.0000
0.0000
0.0000
0.12
0.00
0.00
0.00
0.00
0.00
1
3
1
0
10361
0.0000
0.0000
0.0000
0.0000
0.37
0.12
0.06
-0.01
-0.01
0.05
1
3
1
0
10372
0.0000
0.0000
0.0000
0.0000
0.31
0.06
0.00
0.00
0.01
0.00
1
3
1
0
10382
0.0000
0.0000
0.0000
0.0000
0.00
0.00
-0.06
-0.01
0.00
-0.04
1
3
1
0
10391
0.0000
0.0000
0.0000
0.0000
-0.19
0.06
-0.06
-0.02
0.00
-0.01
1
3
1
0
10401
0.0000
0.0000
0.0000
0.0000
-0.19
0.00
0.00
-0.01
0.02
0.01
1
3
1
0
10412
0.0000
0.0000
0.0000
0.0000
-0.19
0.00
-0.06
0.00
0.00
-0.02
1
3
1
0
10422
0.0000
0.0000
0.0000
0.0000
-0.12
0.12
0.06
0.00
0.02
-0.06
1
3
1
0
10432
0.0000
0.0000
0.0000
0.0000
-0.12
0.12
0.00
-0.01
0.02
-0.03
1
3
1
0
10441
0.0000
0.0000
0.0000
0.0000
0.06
0.06
0.00
0.00
0.00
-0.01
1
3
1
0
10451
0.0000
0.0000
0.0000
0.0000
0.06
0.06
0.00
0.00
0.01
-0.01
1
3
1
0
10462
0.0000
0.0000
0.0000
0.0000
0.00
0.00
0.00
0.03
0.03
-0.02
1
3
1
0
10472
0.0000
0.0000
0.0000
0.0000
0.06
0.12
0.00
0.00
0.00
-0.02
1
3
1
0
10481
0.0000
0.0000
0.0000
0.0000
0.06
0.19
-0.12
0.03
0.01
0.00
1
3
1
0
10491
0.0000
0.0000
0.0000
0.0000
0.06
0.00
0.00
0.01
0.00
-0.01
1
3
1
0
10502
0.0000
0.0000
0.0000
0.0000
0.12
0.12
0.00
0.00
0.01
0.01
1
3
1
0
10512
0.0000
0.0000
0.0000
0.0000
0.31
0.06
0.06
0.03
0.00
-0.03
1
3
1
0
10522
0.0000
0.0000
0.0000
0.0000
0.00
-0.06
0.00
0.02
0.00
0.00
1
3
1
0
10531
0.0000
0.0000
0.0000
0.0000
0.19
0.12
-0.19
0.00
0.00
0.01
1
3
1
0
10542
0.0000
0.0000
0.0000
0.0000
0.06
0.00
0.06
0.00
0.00
0.02
1
3
1
0
10552
0.0000
0.0000
0.0000
0.0000
-0.12
-0.06
0.06
0.00
0.02
-0.03
1
3
1
0
10562
0.0000
0.0000
0.0000
0.0000
-0.12
-0.06
0.19
-0.02
0.00
-0.01
1
3
1
0
10571
0.0000
0.0000
0.0000
0.0000
-0.31
0.06
0.12
-0.04
0.00
0.03
1
3
1
0
10582
0.0000
0.0000
0.0000
0.0000
-0.31
-0.12
-0.06
0.00
0.02
-0.02
1
3
1
0
10592
0.0000
0.0000
0.0000
0.0000
-0.31
-0.12
-0.06
0.00
0.02
0.00
1
3
1
0
10602
0.0000
0.0000
0.0000
0.0000
-0.19
-0.12
-0.06
-0.01
0.02
0.00
1
3
1
0
10612
0.0000
0.0000
0.0000
0.0000
0.06
0.19
0.00
0.00
0.04
0.00
1
3
1
0
10621
0.0000
0.0000
0.0000
0.0000
0.12
0.00
0.00
-0.01
0.00
-0.03
1
3
1
0
10632
0.0000
0.0000
0.0000
0.0000
0.06
0.06
-0.06
0.01
0.01
-0.01
1
3
1
0
10642
0.0000
0.0000
0.0000
0.0000
0.19
-0.12
0.00
0.02
0.03
-0.02
1
3
1
0
10652
0.0000
0.0000
0.0000
0.0000
0.37
-0.06
0.06
-0.02
0.00
0.00
1
3
1
0
10662
0.0000
0.0000
0.0000
0.0000
0.25
-0.19
0.12
0.01
0.00
0.00
1
3
1
0
10672
0.0000
0.0000
0.0000
0.0000
0.19
0.00
-0.06
0.02
0.00
-0.03
1
3
1
0
10682
0.0000
0.0000
0.0000
0.0000
0.06
-0.12
0.06
0.01
0.00
-0.02
1
3
1
0
10692
0.0000
0.0000
0.0000
0.0000
0.06
-0.12
0.06
-0.01
0.00
0.01
1
3
1
0
10702
0.0000
0.0000
0.0000
0.0000
-0.19
0.12
0.00
-0.01
0.00
-0.02
1
3
1
0
10712
0.0000
0.0000
0.0000
0.0000
-0.19
0.12
0.00
0.00
0.02
-0.03
1
3
1
0
10722
0.0000
0.0000
0.0000
0.0000
-0.31
-0.19
0.00
0.00
0.02
-0.04
1
3
1
0
10732
0.0000
0.0000
0.0000
0.0000
-0.12
0.06
0.00
-0.04
0.03
0.00
1
3
1
0
10742
0.0000
0.0000
0.0000
0.0000
-0.12
0.06
0.00
-0.01
0.02
0.01
1
3
1
0
10753
0.0000
0.0000
0.0000
0.0000
-0.12
0.06
0.00
0.00
0.02
-0.03
1
3
1
0
10762
0.0000
0.0000
0.0000
0.0000
0.06
0.00
0.12
0.00
0.01
-0.02
1
3
1
0
10772
0.0000
0.0000
0.0000
0.0000
0.06
0.12
0.12
0.01
0.04
-0.02
1
3
1
0
10782
0.0000
0.0000
0.0000
0.0000
0.25
0.12
0.00
0.00
0.00
0.00
1
3
1
0
10792
0.0000
0.0000
0.0000
0.0000
0.25
0.12
0.00
0.01
0.00
-0.01
1
3
1
0
10803
0.0000
0.0000
0.0000
0.0000
0.25
0.12
0.00
0.01
0.00
0.00
1
3
1
0
10812
0.0000
0.0000
0.0000
0.0000
0.06
0.00
-0.06
0.00
0.00
0.02
1
3
1
0
10822
0.0000
0.0000
0.0000
0.0000
0.06
-0.06
0.00
0.00
0.00
0.00
1
3
1
0
10831
0.0000
0.0000
0.0000
0.0000
0.19
0.12
0.06
0.02
0.00
-0.02
1
3
1
0
10842
0.0000
0.0000
0.0000
0.0000
-0.06
0.06
0.06
0.02
0.01
-0.01
1
3
1
0
10852
0.0000
0.0000
0.0000
0.0000
0.00
-0.06
-0.12
0.00
0.02
-0.04
1
3
1
0
10862
0.0000
0.0000
0.0000
0.0000
-0.19
0.06
0.00
0.00
0.01
-0.03
1
3
1
0
10872
0.0000
0.0000
0.0000
0.0000
-0.50
0.00
0.00
-0.01
0.02
-0.01
1
3
1
0
10883
0.0000
0.0000
0.0000
0.0000
-0.12
-0.19
0.12
0.00
0.03
-0.02
1
3
1
0
10893
0.0000
0.0000
0.0000
0.0000
-0.12
-0.19
0.12
-0.01
0.00
0.00
1
3
1
0
10902
0.0000
0.0000
0.0000
0.0000
-0.19
-0.06
0.00
0.00
0.04
-0.05
1
3
1
0
10912
0.0000
0.0000
0.0000
0.0000
0.00
0.06
0.06
-0.01
0.00
-0.01
1
3
1
0
10923
0.0000
0.0000
0.0000
0.0000
0.00
0.00
-0.06
0.01
0.04
-0.01
1
3
1
0
10933
0.0000
0.0000
0.0000
0.0000
0.12
0.00
0.00
-0.01
0.00
0.04
1
3
1
0
10943
0.0000
0.0000
0.0000
0.0000
0.12
0.00
0.00
0.00
0.02
-0.01
1
3
1
0
10952
0.0000
0.0000
0.0000
0.0000
0.25
0.19
0.12
0.00
0.01
-0.06
1
3
1
0
10962
0.0000
0.0000
0.0000
0.0000
0.19
-0.06
0.00
0.03
0.02
-0.06
1
3
1
0
10973
0.0000
0.0000
0.0000
0.0000
0.06
-0.06
0.00
0.00
0.00
-0.01
1
3
1
0
10983
0.0000
0.0000
0.0000
0.0000
0.00
0.00
0.06
0.00
0.00
0.00
1
3
1
0
10992
0.0000
0.0000
0.0000
0.0000
0.00
0.06
-0.06
0.00
0.01
0.00
1
3
1
0
11002
0.0000
0.0000
0.0000
0.0000
-0.31
-0.12
0.00
0.00
0.03
-0.04
1
3
1
0
11013
0.0000
0.0000
0.0000
0.0000
-0.25
-0.06
0.00
0.00
0.02
0.00
1
3
1
0
11023
0.0000
0.0000
0.0000
0.0000
-0.19
0.06
0.00
0.00
0.00
0.00
1
3
1
0
11033
0.0000
0.0000
0.0000
0.0000
-0.12
0.12
-0.12
0.01
0.02
-0.02
1
3
1
0
11042
0.0000
0.0000
0.0000
0.0000
-0.12
0.00
-0.12
-0.02
0.02
-0.02
1
3
1
0
11053
0.0000
0.0000
0.0000
0.0000
0.00
0.12
0.06
-0.01
0.02
-0.02
1
3
1
0
11063
0.0000
0.0000
0.0000
0.0000
0.06
0.12
0.00
-0.01
0.01
0.00
1
3
1
0
11073
0.0000
0.0000
0.0000
0.0000
0.00
0.19
-0.06
0.00
0.02
0.00
1
3
1
0
11083
0.0000
0.0000
0.0000
0.0000
0.00
0.19
-0.06
-0.01
0.01
0.00
1
3
1
0
11092
0.0000
0.0000
0.0000
0.0000
0.06
0.00
0.06
0.02
0.02
0.00
1
3
1
0
11103
0.0000
0.0000
0.0000
0.0000
0.06
0.06
0.06
0.03
0.00
-0.06
1
3
1
0
11113
0.0000
0.0000
0.0000
0.0000
0.00
-0.12
0.06
0.00
0.00
0.02
1
3
1
0
11123
0.0000
0.0000
0.0000
0.0000
-0.06
-0.06
0.19
0.01
0.00
-0.01
1
3
1
0
11133
0.0000
0.0000
0.0000
0.0000
-0.06
0.00
0.06
-0.01
-0.01
-0.01
1
3
1
0
11143
0.0000
0.0000
0.0000
0.0000
-0.06
0.00
0.00
0.00
-0.01
-0.01
1
3
1
0
11153
0.0000
0.0000
0.0000
0.0000
-0.06
0.00
0.00
0.00
0.01
0.00
1
3
1
0
11163
0.0000
0.0000
0.0000
0.0000
-0.12
0.06
-0.06
0.00
0.03
0.00
1
3
1
0
11173
0.0000
0.0000
0.0000
0.0000
-0.12
0.12
-0.12
-0.01
0.01
-0.02
1
3
1
0
11184
0.0000
0.0000
0.0000
0.0000
-0.31
0.06
-0.06
0.00
0.03
-0.05
1
3
1
0
11193
0.0000
0.0000
0.0000
0.0000
-0.31
0.06
-0.06
-0.01
0.03
0.00
1
3
1
0
11203
0.0000
0.0000
0.0000
0.0000
-0.25
-0.06
0.00
0.00
0.05
-0.01
1
3
1
0
11213
0.0000
0.0000
0.0000
0.0000
-0.25
0.00
0.19
-0.01
0.04
-0.03
1
3
1
0
11224
0.0000
0.0000
0.0000
0.0000
-0.12
0.00
0.06
0.00
0.01
-0.03
1
3
1
0
11234
0.0000
0.0000
0.0000
0.0000
-0.06
-0.06
0.00
-0.01
0.03
0.00
1
3
1
0
11243
0.0000
0.0000
0.0000
0.0000
0.12
0.19
0.12
0.00
0.02
0.03
1
3
1
0
11253
0.0000
0.0000
0.0000
0.0000
0.12
-0.06
0.12
0.01
0.01
-0.01
1
3
1
0
11264
0.0000
0.0000
0.0000
0.0000
0.25
0.00
0.00
0.03
0.01
0.00
1
3
1
0
11274
0.0000
0.0000
0.0000
0.0000
0.12
0.06
0.00
0.04
0.00
-0.01
1
3
1
0
11283
0.0000
0.0000
0.0000
0.0000
0.06
0.00
0.06
0.03
0.00
-0.01
1
3
1
0
11293
0.0000
0.0000
0.0000
0.0000
0.06
-0.06
0.00
0.00
0.00
-0.03
1
3
1
0
11303
0.0000
0.0000
0.0000
0.0000
0.06
-0.12
-0.06
0.01
0.00
-0.03
1
3
1
0
11314
0.0000
0.0000
0.0000
0.0000
-0.12
0.06
0.06
0.01
0.00
0.00
1
3
1
0
11323
0.0000
0.0000
0.0000
0.0000
-0.12
-0.12
0.19
0.00
0.00
0.00
1
3
1
0
11333
0.0000
0.0000
0.0000
0.0000
-0.31
-0.12
0.00
-0.02
0.01
-0.01
1
3
1
0
11343
0.0000
0.0000
0.0000
0.0000
-0.31
0.19
-0.06
-0.01
0.02
0.00
1
3
1
0
11354
0.0000
0.0000
0.0000
0.0000
-0.19
0.19
0.19
-0.01
0.04
-0.02
1
3
1
0
11364
0.0000
0.0000
0.0000
0.0000
-0.25
0.12
-0.06
0.01
0.04
-0.06
1
3
1
0
11374
0.0000
0.0000
0.0000
0.0000
-0.12
-0.12
0.00
0.00
0.01
0.01
1
3
1
0
11384
0.0000
0.0000
0.0000
0.0000
0.25
0.19
0.19
0.00
0.02
-0.01
1
3
1
0
11394
0.0000
0.0000
0.0000
0.0000
0.25
0.06
0.06
0.01
0.02
0.00
1
3
1
0
11404
0.0000
0.0000
0.0000
0.0000
0.25
0.06
0.06
0.01
0.00
-0.02
1
3
1
0
11414
0.0000
0.0000
0.0000
0.0000
0.31
-0.19
0.00
0.01
0.01
-0.01
1
3
1
0
11423
0.0000
0.0000
0.0000
0.0000
0.44
0.06
0.00
0.00
-0.01
-0.01
1
3
1
0
11433
0.0000
0.0000
0.0000
0.0000
0.44
-0.06
0.00
0.00
0.00
0.00
1
3
1
0
11444
0.0000
0.0000
0.0000
0.0000
0.44
0.19
0.12
0.00
0.00
0.00
1
3
1
0
11454
0.0000
0.0000
0.0000
0.0000
0.12
0.25
0.06
0.02
-0.01
-0.01
1
3
1
0
11463
0.0000
0.0000
0.0000
0.0000
-0.06
0.00
0.00
0.00
-0.01
0.00
1
3
1
0
11473
0.0000
0.0000
0.0000
0.0000
-0.19
0.06
0.06
0.00
0.02
0.00
1
3
1
0
11484
0.0000
0.0000
0.0000
0.0000
-0.31
0.12
0.06
0.02
0.01
-0.02
1
3
1
0
11494
0.0000
0.0000
0.0000
0.0000
-0.37
0.00
-0.06
0.00
0.03
-0.01
1
3
1
0
11504
0.0000
0.0000
0.0000
0.0000
-0.19
-0.12
0.06
-0.02
0.02
-0.000.0000
0.0000
0.0000
0.0000
0.44
0
0.0000
0.0000
0.0000
0.0000
0.06
0.00
0.06
0.01
0.01
-0.04
1
3
1
0
12656
0.0000
0.0000
0.0000
0.0000
0.44
0.12
0.12
0.02
0.01
-0.03
1
3
1
0
12666
0.0000
0.0000
0.0000
0.0000
0.50
0.00
-0.06
0.02
0.00
0.00
1
3
1
0
12677
0.0000
0.0000
0.0000
0.0000
0.37
0.00
-0.06
-0.01
0.00
0.02
1
3
1
0
12687
0.0000
0.0000
0.0000
0.0000
0.12
0.00
0.06
0.00
0.00
-0.05
1
3
1
0
12696
0.0000
0.0000
0.0000
0.0000
0.06
-0.25
0.00
0.00
0.00
0.00
1
3
1
0
12706
0.0000
0.0000
0.0000
0.0000
-0.06
-0.06
0.00
0.01
0.00
-0.04
1
3
1
0
12717
0.0000
0.0000
0.0000
0.0000
0.00
0.06
0.00
0.00
0.01
-0.02
1
3
1
0
12727
0.0000
0.0000
0.0000
0.0000
-0.06
0.12
0.06
-0.01
0.00
0.00
1
3
1
0
12737
0.0000
0.0000
0.0000
0.0000
-0.19
0.12
-0.06
0.00
0.01
-0.05
1
3
1
0
12746
0.0000
0.0000
0.0000
0.0000
-0.19
0.00
0.00
0.01
0.02
0.00
1
3
1
0
12756
0.0000
0.0000
0.0000
0.0000
-0.19
0.12
0.12
0.00
0.01
0.03
1
3
1
0
12767
0.0000
0.0000
0.0000
0.0000
-0.25
-0.12
0.00
0.00
0.04
-0.01
1
3
1
0
12777
0.0000
0.0000
0.0000
0.0000
-0.31
-0.06
-0.06
0.00
0.00
0.00
1
3
1
0
12786
0.0000
0.0000
0.0000
0.0000
0.12
-0.06
-0.06
0.00
0.01
-0.02
1
3
1
0
12796
0.0000
0.0000
0.0000
0.0000
0.25
0.00
0.12
0.00
0.01
0.02
1
3
1
0
12807
0.0000
0.0000
0.0000
0.0000
0.31
-0.06
0.06
0.00
0.00
-0.06
1
3
1
0
12817
0.0000
0.0000
0.0000
0.0000
0.37
0.06
0.06
0.00
0.00
0.04
1
3
1
0
12827
0.0000
0.0000
0.0000
0.0000
0.31
-0.06
-0.12
-0.02
0.00
-0.01
1
3
1
0
12836
0.0000
0.0000
0.0000
0.0000
0.19
-0.19
0.06
0.00
-0.01
0.00
1
3
1
0
12847
0.0000
0.0000
0.0000
0.0000
-0.06
-0.19
-0.06
0.00
0.00
-0.02
1
3
1
0
12857
0.0000
0.0000
0.0000
0.0000
-0.12
-0.19
-0.06
0.01
0.00
0.00
1
3
1
0
12867
0.0000
0.0000
0.0000
0.0000
-0.12
-0.19
0.00
-0.01
0.02
0.00
1
3
1
0
12877
0.0000
0.0000
0.0000
0.0000
-0.19
0.12
0.00
0.00
0.04
0.00
1
3
1
0
12887
0.0000
0.0000
0.0000
0.0000
-0.37
0.06
0.00
0.00
0.02
-0.02
1
3
1
0
12897
0.0000
0.0000
0.0000
0.0000
-0.25
0.06
0.12
-0.01
0.01
0.00
1
3
1
0
12907
0.0000
0.0000
0.0000
0.0000
-0.19
-0.06
-0.06
-0.02
0.04
0.00
1
3
1
0
12917
0.0000
0.0000
0.0000
0.0000
-0.25
0.06
0.00
-0.01
0.04
0.01
1
3
1
0
12926
0.0000
0.0000
0.0000
0.0000
-0.12
-0.06
0.12
0.00
0.02
-0.01
1
3
1
0
12938
0.0000
0.0000
0.0000
0.0000
0.06
-0.12
0.00
0.03
0.00
-0.04
1
3
1
0
12947
0.0000
0.0000
0.0000
0.0000
0.06
-0.12
0.00
0.00
0.00
0.01
1
3
1
0
12957
0.0000
0.0000
0.0000
0.0000
0.25
-0.06
-0.12
0.00
0.01
-0.05
1
3
1
0
12967
0.0000
0.0000
0.0000
0.0000
0.25
0.00
0.06
-0.01
0.00
0.00
1
3
1
0
12977
0.0000
0.0000
0.0000
0.0000
0.12
0.12
0.00
-0.01
0.00
-0.05
1
3
1
0
12988
0.0000
0.0000
0.0000
0.0000
0.06
-0.12
0.31
-0.02
0.00
0.00
1
3
1
0
12997
0.0000
0.0000
0.0000
0.0000
0.06
-0.12
0.31
0.00
-0.01
0.00
1
3
1
0
13007
0.0000
0.0000
0.0000
0.0000
0.12
0.06
0.12
0.00
0.00
-0.01
1
3
1
0
13018
0.0000
0.0000
0.0000
0.0000
-0.12
-0.06
-0.06
-0.03
0.00
-0.01
1
3
1
0
13027
0.0000
0.0000
0.0000
0.0000
-0.31
-0.06
0.00
0.00
0.01
-0.05
1
3
1
0
13037
0.0000
0.0000
0.0000
0.0000
-0.44
-0.06
0.06
-0.02
0.01
0.00
1
3
1
0
13047
0.0000
0.0000
0.0000
0.0000
-0.44
-0.06
0.06
0.01
0.04
0.00
1
3
1
0
13058
0.0000
0.0000
0.0000
0.0000
-0.31
-0.06
0.00
0.01
0.04
-0.01
1
3
1
0
13068
0.0000
0.0000
0.0000
0.0000
-0.37
-0.19
0.12
0.02
0.02
-0.03
1
3
1
0
13077
0.0000
0.0000
0.0000
0.0000
-0.19
-0.25
0.06
0.00
0.04
-0.03
1
3
1
0
13087
0.0000
0.0000
0.0000
0.0000
0.00
-0.12
0.00
0.00
0.02
0.00
1
3
1
0
13097
0.0000
0.0000
0.0000
0.0000
0.00
-0.12
0.00
0.00
0.01
0.01
1
3
1
0
13108
0.0000
0.0000
0.0000
0.0000
0.06
-0.19
0.00
0.01
0.01
-0.04
1
3
1
0
13117
0.0000
0.0000
0.0000
0.0000
0.37
0.06
0.12
0.01
0.00
-0.03
1
3
1
0
13127
0.0000
0.0000
0.0000
0.0000
0.25
-0.06
-0.06
0.00
0.00
-0.04
1
3
1
0
13137
0.0000
0.0000
0.0000
0.0000
0.37
-0.12
0.06
0.00
0.00
-0.01
1
3
1
0
13148
0.0000
0.0000
0.0000
0.0000
0.25
-0.31
0.12
0.01
0.00
0.02
1
3
1
0
13158
0.0000
0.0000
0.0000
0.0000
-0.06
-0.25
0.00
-0.01
0.00
-0.02
1
3
1
0
13167
0.0000
0.0000
0.0000
0.0000
-0.12
-0.25
0.00
0.00
0.00
-0.03
1
3
1
0
13177
0.0000
0.0000
0.0000
0.0000
-0.31
-0.12
0.00
-0.01
0.02
-0.01
1
3
1
0
13188
0.0000
0.0000
0.0000
0.0000
-0.37
0.00
0.12
0.00
0.03
-0.02
1
3
1
0
13198
0.0000
0.0000
0.0000
0.0000
-0.31
0.25
0.00
-0.01
0.03
0.01
1
3
1
0
13208
0.0000
0.0000
0.0000
0.0000
-0.31
0.25
0.00
-0.01
0.02
-0.02
1
3
1
0
13217
0.0000
0.0000
0.0000
0.0000
-0.19
0.06
0.06
0.01
0.03
-0.02
1
3
1
0
13228
0.0000
0.0000
0.0000
0.0000
-0.19
0.06
-0.06
0.01
0.04
0.00
1
3
1
0
13238
0.0000
0.0000
0.0000
0.0000
0.12
0.06
-0.06
0.00
0.02
0.00
1
3
1
0
13248
0.0000
0.0000
0.0000
0.0000
0.12
0.06
-0.06
0.00
0.00
-0.02
1
3
1
0
13258
0.0000
0.0000
0.0000
0.0000
0.12
0.12
0.00
0.03
0.00
-0.02
1
3
1
0
13267
0.0000
0.0000
0.0000
0.0000
0.25
-0.12
0.00
0.03
0.00
-0.02
1
3
1
0
13278
0.0000
0.0000
0.0000
0.0000
0.25
-0.12
0.06
0.00
0.00
0.01
1
3
1
0
13288
0.0000
0.0000
0.0000
0.0000
0.31
-0.12
0.12
0.00
0.00
0.00
1
3
1
0
13298
0.0000
0.0000
0.0000
0.0000
0.12
0.00
0.00
0.00
0.02
0.00
1
3
1
0
13307
0.0000
0.0000
0.0000
0.0000
0.06
-0.06
0.06
0.02
0.00
0.00
1
3
1
0
13318
0.0000
0.0000
0.0000
0.0000
-0.12
-0.06
-0.12
-0.01
0.00
-0.01
1
3
1
0
13328
0.0000
0.0000
0.0000
0.0000
-0.12
0.19
0.12
0.00
0.01
0.00
1
3
1
0
13337
0.0000
0.0000
0.0000
0.0000
-0.25
-0.12
0.06
0.00
0.01
-0.03
1
3
1
0
13347
0.0000
0.0000
0.0000
0.0000
-0.44
-0.25
0.00
0.00
0.02
-0.02
1
3
1
0
13358
0.0000
0.0000
0.0000
0.0000
-0.37
0.12
-0.06
-0.01
0.01
-0.03
1
3
1
0
13368
0.0000
0.0000
0.0000
0.0000
-0.19
0.00
-0.06
-0.01
0.00
-0.03
1
3
1
0
13378
0.0000
0.0000
0.0000
0.0000
-0.19
0.19
-0.12
-0.01
0.02
-0.01
1
3
1
0
13388
0.0000
0.0000
0.0000
0.0000
-0.12
-0.12
0.00
-0.03
0.02
0.00
1
3
1
0
13399
0.0000
0.0000
0.0000
0.0000
-0.12
-0.12
0.00
0.01
0.02
-0.03
1
3
1
0
13408
0.0000
0.0000
0.0000
0.0000
-0.06
-0.12
-0.06
0.00
0.01
-0.01
1
3
1
0
13418
0.0000
0.0000
0.0000
0.0000
0.25
0.19
0.00
0.00
0.00
-0.02
1
3
1
0
13428
0.0000
0.0000
0.0000
0.0000
0.25
0.00
0.06
0.02
0.00
-0.02
1
3
1
0
13438
0.0000
0.0000
0.0000
0.0000
0.12
0.00
0.12
0.00
0.00
-0.03
1
3
1
0
13449
0.0000
0.0000
0.0000
0.0000
-0.06
-0.06
0.12
0.00
0.00
0.00
1
3
1
0
13458
0.0000
0.0000
0.0000
0.0000
-0.06
0.00
-0.06
0.00
-0.01
0.00
1
3
1
0
13468
0.0000
0.0000
0.0000
0.0000
0.00
-0.12
0.12
-0.01
0.01
0.03
1
3
1
0
13478
0.0000
0.0000
0.0000
0.0000
-0.06
0.12
0.06
0.01
0.01
-0.02
1
3
1
0
13489
0.0000
0.0000
0.0000
0.0000
-0.25
0.12
-0.06
-0.02
0.00
-0.03
1
3
1
0
13499
0.0000
0.0000
0.0000
0.0000
-0.12
-0.06
0.19
0.00
0.03
0.00
1
3
1
0
13508
0.0000
0.0000
0.0000
0.0000
-0.12
-0.06
0.19
-0.01
0.00
0.03
1
3
1
0
13518
0.0000
0.0000
0.0000
0.0000
-0.12
0.00
0.12
0.02
0.02
0.01
1
3
1
0
13529
0.0000
0.0000
0.0000
0.0000
-0.12
0.00
0.06
-0.01
0.02
0.01
1
3
1
0
13539
0.0000
0.0000
0.0000
0.0000
-0.12
0.06
0.00
0.00
0.01
-0.01
1
3
1
0
13549
0.0000
0.0000
0.0000
0.0000
-0.06
0.06
0.12
0.00
0.02
0.00
1
3
1
0
13558
0.0000
0.0000
0.0000
0.0000
-0.06
0.06
0.12
0.01
0.00
-0.03
1
3
1
0
13569
0.0000
0.0000
0.0000
0.0000
0.12
0.06
0.00
0.00
0.03
0.00
1
3
1
0
13579
0.0000
0.0000
0.0000
0.0000
0.12
0.06
0.00
0.02
0.00
-0.04
1
3
1
0
13589
0.0000
0.0000
0.0000
0.0000
0.06
0.00
0.19
0.00
0.01
0.00
1
3
1
0
13598
0.0000
0.0000
0.0000
0.0000
0.06
0.00
0.19
0.01
-0.02
-0.02
1
3
1
0
13608
0.0000
0.0000
0.0000
0.0000
0.19
0.06
0.12
0.01
0.00
-0.01
1
3
1
0
13619
0.0000
0.0000
0.0000
0.0000
0.06
0.06
0.00
0.00
0.00
0.01
1
3
1
0
13629
0.0000
0.0000
0.0000
0.0000
-0.19
0.00
0.06
0.01
0.00
0.00
1
3
1
0
13639
0.0000
0.0000
0.0000
0.0000
-0.37
0.00
0.00
-0.02
0.00
-0.01
1
3
1
0
13648
0.0000
0.0000
0.0000
0.0000
-0.37
0.00
0.00
-0.01
0.01
0.00
1
3
1
0
13659
0.0000
0.0000
0.0000
0.0000
-0.19
-0.06
0.19
0.00
0.02
-0.02
1
3
1
0
13669
0.0000
0.0000
0.0000
0.0000
-0.31
0.00
0.06
-0.03
0.01
-0.02
1
3
1
0
13679
0.0000
0.0000
0.0000
0.0000
-0.37
0.12
-0.06
-0.01
0.03
0.01
1
3
1
0
13689
0.0000
0.0000
0.0000
0.0000
-0.25
0.12
0.06
0.00
0.01
-0.02
1
3
1
0
13699
0.0000
0.0000
0.0000
0.0000
-0.25
0.12
0.06
-0.02
0.00
0.00
1
3
1
0
13709
0.0000
0.0000
0.0000
0.0000
0.06
0.00
0.12
-0.01
0.01
0.00
1
3
1
0
13719
0.0000
0.0000
0.0000
0.0000
0.31
0.06
0.06
0.02
0.01
-0.01
1
3
1
0
13729
0.0000
0.0000
0.0000
0.0000
0.37
-0.12
-0.12
0.04
0.00
-0.03
1
3
1
0
13740
0.0000
0.0000
0.0000
0.0000
0.19
-0.12
0.06
0.00
0.00
-0.01
1
3
1
0
13749
0.0000
0.0000
0.0000
0.0000
0.19
-0.12
0.06
0.02
0.00
0.00
1
3
1
0
13759
0.0000
0.0000
0.0000
0.0000
0.25
0.06
0.06
-0.01
0.00
0.03
1
3
1
0
13769
0.0000
0.0000
0.0000
0.0000
0.00
0.12
0.12
0.00
0.00
-0.02
1
3
1
0
13778
0.0000
0.0000
0.0000
0.0000
-0.19
0.00
0.12
0.02
0.00
-0.02
1
3
1
0
13790
0.0000
0.0000
0.0000
0.0000
-0.31
0.12
0.06
0.00
0.02
-0.01
1
3
1
0
13799
0.0000
0.0000
0.0000
0.0000
-0.31
0.12
0.06
-0.01
0.02
0.00
1
3
1
0
13809
0.0000
0.0000
0.0000
0.0000
-0.31
0.00
0.00
-0.02
0.02
-0.01
1
3
1
0
13819
0.0000
0.0000
0.0000
0.0000
-0.25
0.06
0.06
-0.01
0.03
-0.03
1
3
1
0
13830
0.0000
0.0000
0.0000
0.0000
-0.25
-0.06
0.00
-0.01
0.03
-0.01
1
3
1
0
13839
0.0000
0.0000
0.0000
0.0000
-0.25
0.00
0.06
0.01
0.02
-0.03
1
3
1
0
13849
0.0000
0.0000
0.0000
0.0000
-0.12
0.00
-0.12
-0.01
0.01
0.00
1
3
1
0
13859
0.0000
0.0000
0.0000
0.0000
0.25
0.12
0.06
0.00
0.00
-0.02
1
3
1
0
13870
0.0000
0.0000
0.0000
0.0000
0.31
0.19
0.00
0.00
0.00
0.00
1
3
1
0
13879
0.0000
0.0000
0.0000
0.0000
0.25
0.06
-0.12
0.03
0.01
-0.02
1
3
1
0
13889
0.0000
0.0000
0.0000
0.0000
0.37
0.06
-0.06
0.02
0.00
0.00
1
3
1
0
13899
0.0000
0.0000
0.0000
0.0000
0.37
0.06
-0.06
0.01
0.00
0.01
1
3
1
0
13910
0.0000
0.0000
0.0000
0.0000
0.37
0.00
0.12
0.02
0.00
-0.03
1
3
1
0
13920
0.0000
0.0000
0.0000
0.0000
0.00
0.06
-0.06
-0.02
0.00
0.00
1
3
1
0
13929
0.0000
0.0000
0.0000
0.0000
-0.25
0.00
-0.12
0.00
0.02
-0.06
1
3
1
0
13939
0.0000
0.0000
0.0000
0.0000
-0.12
0.12
-0.06
-0.03
0.00
0.05
1
3
1
0
13949
0.0000
0.0000
0.0000
0.0000
-0.12
0.12
-0.06
0.00
0.03
-0.01
1
3
1
0
13960
0.0000
0.0000
0.0000
0.0000
-0.12
-0.06
0.00
0.00
0.01
-0.01
1
3
1
0
13970
0.0000
0.0000
0.0000
0.0000
-0.25
0.06
-0.12
-0.01
0.00
0.00
1
3
1
0
13979
0.0000
0.0000
0.0000
0.0000
0.06
0.00
-0.06
0.01
0.01
-0.07
1
3
1
0
13989
0.0000
0.0000
0.0000
0.0000
0.12
0.25
-0.06
0.03
0.01
-0.04
1
3
1
0
14000
0.0000
0.0000
0.0000
0.0000
0.12
0.25
-0.06
0.00
0.01
-0.01
1
3
1
0
14010
0.0000
0.0000
0.0000
0.0000
0.19
0.00
-0.06
0.01
0.01
-0.02
1
3
1
0
14019
0.0000
0.0000
0.0000
0.0000
0.00
-0.06
0.00
0.01
0.01
-0.04
1
3
1
0
14029
0.0000
0.0000
0.0000
0.0000
0.06
0.06
0.00
0.00
0.00
-0.02
1
3
1
0
14040
0.0000
0.0000
0.0000
0.0000
0.12
0.12
-0.12
0.03
0.02
-0.01
1
3
1
0
14050
0.0000
0.0000
0.0000
0.0000
-0.06
0.25
0.06
-0.01
0.00
0.00
1
3
1
0
14060
0.0000
0.0000
0.0000
0.0000
-0.06
-0.12
0.00
0.00
0.00
-0.01
1
3
1
0
14069
0.0000
0.0000
0.0000
0.0000
-0.06
0.00
0.00
0.01
0.00
-0.03
1
3
1
0
14080
0.0000
0.0000
0.0000
0.0000
0.00
0.00
0.00
0.00
0.03
0.00
1
3
1
0
14090
0.0000
0.0000
0.0000
0.0000
0.06
0.19
-0.06
0.01
0.02
0.00
1
3
1
0
14100
0.0000
0.0000
0.0000
0.0000
0.06
0.12
0.00
-0.03
0.00
-0.01
1
3
1
0
14110
0.0000
0.0000
0.0000
0.0000
0.06
0.19
0.00
0.00
0.01
-0.07
1
3
1
0
14119
0.0000
0.0000
0.0000
0.0000
-0.25
-0.06
-0.12
0.01
0.01
-0.05
1
3
1
0
14130
0.0000
0.0000
0.0000
0.0000
-0.12
0.06
-0.12
0.00
0.02
-0.01
1
3
1
0
14140
0.0000
0.0000
0.0000
0.0000
0.00
0.12
-0.06
-0.01
0.00
0.00
1
3
1
0
14150
0.0000
0.0000
0.0000
0.0000
0.00
0.12
-0.06
0.02
0.01
-0.03
1
3
1
0
14159
0.0000
0.0000
0.0000
0.0000
0.12
0.00
0.00
0.00
-0.01
0.01
1
3
1
0
14170
0.0000
0.0000
0.0000
0.0000
0.06
0.00
-0.19
-0.01
0.02
-0.01
1
3
1
0
14180
0.0000
0.0000
0.0000
0.0000
0.00
0.06
-0.06
0.01
0.02
0.00
1
3
1
0
14190
0.0000
0.0000
0.0000
0.0000
0.06
0.00
0.00
-0.01
0.02
0.00
1
3
1
0
14200
0.0000
0.0000
0.0000
0.0000
0.06
0.06
0.06
0.01
0.00
-0.01
1
3
1
0
14210
0.0000
0.0000
0.0000
0.0000
-0.06
-0.12
-0.06
0.01
0.03
-0.03
1
3
1
0
14220
0.0000
0.0000
0.0000
0.0000
-0.12
0.06
0.06
0.01
0.02
-0.02
1
3
1
0
14230
0.0000
0.0000
0.0000
0.0000
-0.12
0.06
0.06
-0.01
0.01
0.01
1
3
1
0
14240
0.0000
0.0000
0.0000
0.0000
-0.25
-0.25
-0.12
-0.01
0.02
0.01
1
3
1
0
14251
0.0000
0.0000
0.0000
0.0000
-0.25
-0.25
-0.12
0.02
0.01
-0.04
1
3
1
0
14261
0.0000
0.0000
0.0000
0.0000
-0.06
0.19
-0.06
0.00
0.02
-0.03
1
3
1
0
14270
0.0000
0.0000
0.0000
0.0000
-0.06
0.19
-0.06
0.00
0.02
-0.02
1
3
1
0
14280
0.0000
0.0000
0.0000
0.0000
-0.12
0.12
0.00
0.00
0.01
-0.01
1
3
1
0
14290
0.0000
0.0000
0.0000
0.0000
-0.12
0.00
0.00
0.00
0.04
-0.03
1
3
1
0
14300
0.0000
0.0000
0.0000
0.0000
0.00
-0.06
-0.12
-0.02
0.01
0.00
1
3
1
0
14310
0.0000
0.0000
0.0000
0.0000
0.06
0.00
-0.06
-0.01
0.00
-0.04
1
3
1
0
14320
0.0000
0.0000
0.0000
0.0000
0.44
0.12
0.00
0.01
0.02
-0.01
1
3
1
0
14330
0.0000
0.0000
0.0000
0.0000
0.44
0.19
0.00
0.01
0.01
-0.01
1
3
1
0
14340
0.0000
0.0000
0.0000
0.0000
0.31
0.19
-0.06
0.00
0.00
0.00
1
3
1
0
14350
0.0000
0.0000
0.0000
0.0000
0.12
0.00
0.00
0.01
0.00
-0.05
1
3
1
0
14360
0.0000
0.0000
0.0000
0.0000
0.12
-0.06
0.06
0.00
0.00
-0.02
1
3
1
0
14370
0.0000
0.0000
0.0000
0.0000
0.06
-0.06
-0.06
0.00
0.00
0.03
1
3
1
0
14381
0.0000
0.0000
0.0000
0.0000
0.12
0.06
0.12
0.00
0.01
0.00
1
3
1
0
14391
0.0000
0.0000
0.0000
0.0000
-0.25
-0.12
0.06
-0.01
0.02
0.00
1
3
1
0
14400
0.0000
0.0000
0.0000
0.0000
-0.25
0.19
0.00
-0.02
0.02
-0.04
1
3
1
0
14410
0.0000
0.0000
0.0000
0.0000
-0.19
0.00
0.06
-0.02
0.01
-0.02
1
3
1
0
14420
0.0000
0.0000
0.0000
0.0000
-0.12
0.06
-0.06
0.00
0.03
0.00
1
3
1
0
14431
0.0000
0.0000
0.0000
0.0000
-0.06
0.00
0.00
-0.01
0.03
0.00
1
3
1
0
14440
0.0000
0.0000
0.0000
0.0000
-0.12
-0.06
0.12
0.01
0.04
-0.02
1
3
1
0
14450
0.0000
0.0000
0.0000
0.0000
-0.06
0.00
0.00
-0.01
0.01
-0.01
1
3
1
0
14460
0.0000
0.0000
0.0000
0.0000
0.12
-0.06
0.25
0.00
0.00
-0.05
1
3
1
0
14471
0.0000
0.0000
0.0000
0.0000
0.37
-0.06
0.12
0.00
0.02
0.03
1
3
1
0
14481
0.0000
0.0000
0.0000
0.0000
0.37
-0.06
0.12
0.00
0.04
0.00
1
3
1
0
14490
0.0000
0.0000
0.0000
0.0000
0.31
-0.12
0.12
-0.02
-0.01
0.00
1
3
1
0
14500
0.0000
0.0000
0.0000
0.0000
0.19
0.06
0.12
0.00
0.00
-0.01
1
3
1
0
14511
0.0000
0.0000
0.0000
0.0000
0.06
-0.06
-0.06
-0.01
-0.01
0.03
1
3
1
0
14521
0.0000
0.0000
0.0000
0.0000
0.12
0.06
-0.06
0.01
0.01
0.00
1
3
1
0
14531
0.0000
0.0000
0.0000
0.0000
-0.06
0.00
0.06
0.00
0.02
-0.01
1
3
1
0
14540
0.0000
0.0000
0.0000
0.0000
-0.37
0.00
-0.12
-0.01
0.00
-0.01
1
3
1
0
14551
0.0000
0.0000
0.0000
0.0000
-0.19
-0.12
-0.06
0.01
0.00
-0.01
1
3
1
0
14561
0.0000
0.0000
0.0000
0.0000
-0.19
-0.06
0.06
0.00
0.03
0.00
1
3
1
0
14571
0.0000
0.0000
0.0000
0.0000
0.00
0.00
0.12
0.00
0.02
-0.03
1
3
1
0
14580
0.0000
0.0000
0.0000
0.0000
0.00
-0.12
-0.06
0.00
0.02
-0.03
1
3
1
0
14592
0.0000
0.0000
0.0000
0.0000
0.06
0.00
0.00
0.01
0.04
-0.04
1
3
1
0
14601
0.0000
0.0000
0.0000
0.0000
0.06
0.00
0.00
0.00
0.01
0.00
1
3
1
0
14611
0.0000
0.0000
0.0000
0.0000
0.12
-0.12
0.06
0.01
0.02
-0.02
1
3
1
0
14621
0.0000
0.0000
0.0000
0.0000
0.12
-0.12
0.00
0.00
0.00
0.00
1
3
1
0
14630
0.0000
0.0000
0.0000
0.0000
0.06
-0.12
0.00
0.00
0.00
-0.01
1
3
1
0
14641
0.0000
0.0000
0.0000
0.0000
0.12
-0.12
0.19
0.00
0.01
-0.03
1
3
1
0
14651
0.0000
0.0000
0.0000
0.0000
0.19
-0.06
0.06
0.00
0.01
-0.03
1
3
1
0
14661
0.0000
0.0000
0.0000
0.0000
0.12
-0.06
-0.06
0.01
0.02
-0.02
1
3
1
0
14671
0.0000
0.0000
0.0000
0.0000
0.06
-0.12
0.12
0.00
0.01
-0.03
1
3
1
0
14681
0.0000
0.0000
0.0000
0.0000
-0.06
0.06
0.06
0.01
0.01
-0.02
1
3
1
0
14691
0.0000
0.0000
0.0000
0.0000
0.00
0.06
-0.12
0.00
0.02
-0.02
1
3
1
0
14701
0.0000
0.0000
0.0000
0.0000
0.00
0.06
-0.12
0.02
0.03
0.00
1
3
1
0
14711
0.0000
0.0000
0.0000
0.0000
-0.12
-0.19
-0.06
-0.02
0.02
-0.01
1
3
1
0
14722
0.0000
0.0000
0.0000
0.0000
-0.06
-0.12
0.00
-0.01
0.01
-0.05
1
3
1
0
14731
0.0000
0.0000
0.0000
0.0000
0.00
0.00
0.06
-0.02
0.01
0.03
1
3
1
0
14741
0.0000
0.0000
0.0000
0.0000
0.00
-0.06
0.06
0.00
0.01
0.00
1
3
1
0
14751
0.0000
0.0000
0.0000
0.0000
0.00
-0.06
0.06
0.00
0.02
0.04
1
3
1
0
14761
0.0000
0.0000
0.0000
0.0000
0.06
0.06
0.06
0.02
0.00
0.00
1
3
1
0
14772
0.0000
0.0000
0.0000
0.0000
0.12
0.06
0.06
0.00
0.00
-0.02
1
3
1
0
14781
0.0000
0.0000
0.0000
0.0000
0.06
0.00
0.00
0.00
0.02
-0.03
1
3
1
0
14791
0.0000
0.0000
0.0000
0.0000
-0.06
-0.06
0.19
0.00
0.01
-0.01
1
3
1
0
14801
0.0000
0.0000
0.0000
0.0000
0.31
0.06
0.06
0.00
0.02
0.00
1
3
1
0
14812
0.0000
0.0000
0.0000
0.0000
0.06
-0.06
0.00
0.01
0.00
-0.02
1
3
1
0
14821
0.0000
0.0000
0.0000
0.0000
-0.06
-0.19
0.12
0.00
0.00
-0.04
1
3
1
0
14831
0.0000
0.0000
0.0000
0.0000
0.00
0.00
0.06
0.01
0.01
-0.02
1
3
1
0
14841
0.0000
0.0000
0.0000
0.0000
0.12
0.06
-0.06
-0.01
0.01
-0.01
1
3
1
0
14852
0.0000
0.0000
0.0000
0.0000
0.06
0.12
0.00
0.00
0.00
0.00
1
3
1
0
14861
0.0000
0.0000
0.0000
0.0000
0.06
-0.12
0.06
-0.02
0.00
-0.02
1
3
1
0
14871
0.0000
0.0000
0.0000
0.0000
-0.06
0.06
0.00
0.00
0.00
-0.01
1
3
1
0
14881
0.0000
0.0000
0.0000
0.0000
-0.25
-0.31
-0.06
0.00
0.01
-0.02
1
3
1
0
14892
0.0000
0.0000
0.0000
0.0000
-0.25
0.12
0.00
0.00
0.01
0.00
1
3
1
0
14902
0.0000
0.0000
0.0000
0.0000
-0.25
0.12
0.00
-0.02
0.02
0.00
1
3
1
0
14912
0.0000
0.0000
0.0000
0.0000
-0.25
-0.06
0.06
0.00
0.02
0.00
1
3
1
0
14921
0.0000
0.0000
0.0000
0.0000
-0.31
0.12
0.06
0.00
0.02
-0.03
1
3
1
0
14931
0.0000
0.0000
0.0000
0.0000
-0.06
0.25
-0.06
0.00
0.01
0.00
1
3
1
0
14942
0.0000
0.0000
0.0000
0.0000
0.00
0.00
-0.12
0.00
0.01
0.00
1
3
1
0
14952
0.0000
0.0000
0.0000
0.0000
0.31
0.06
0.06
0.00
0.01
-0.01
1
3
1
0
14961
0.0000
0.0000
0.0000
0.0000
0.19
-0.06
-0.06
0.03
0.00
-0.06
1
3
1
0
14971
0.0000
0.0000
0.0000
0.0000
0.31
0.00
-0.06
0.01
0.00
-0.01
1
3
1
0
14982
0.0000
0.0000
0.0000
0.0000
0.12
0.00
0.00
0.00
0.00
0.00
1
3
1
0
14992
0.0000
0.0000
0.0000
0.0000
0.19
0.06
-0.06
0.00
0.00
0.01
1
3
1
0
15002
0.0000
0.0000
0.0000
0.0000
-0.19
0.00
0.00
0.03
0.01
-0.05
1
3
1
0
15011
0.0000
0.0000
0.0000
0.0000
-0.12
0.19
0.00
0.00
0.01
-0.04
1
3
1
0
15022
0.0000
0.0000
0.0000
0.0000
-0.25
-0.06
-0.06
0.00
0.01
-0.03
1
3
1
0
15032
0.0000
0.0000
0.0000
0.0000
-0.25
0.00
0.00
-0.01
0.01
0.00
1
3
1
0
15042
0.0000
0.0000
0.0000
0.0000
-0.19
0.00
0.00
0.00
0.03
0.02
1
3
1
0
15051
0.0000
0.0000
0.0000
0.0000
-0.19
0.12
-0.06
-0.02
0.03
0.02
1
3
1
0
15062
0.0000
0.0000
0.0000
0.0000
-0.19
0.12
-0.06
0.01
0.04
-0.03
1
3
1
0
15072
0.0000
0.0000
0.0000
0.0000
-0.12
0.31
-0.12
0.01
0.03
-0.06
1
3
1
0
15082
0.0000
0.0000
0.0000
0.0000
0.12
0.19
-0.06
0.01
0.01
-0.03
1
3
1
0
15092
0.0000
0.0000
0.0000
0.0000
0.25
0.00
-0.19
-0.03
0.00
0.01
1
3
1
0
15102
0.0000
0.0000
0.0000
0.0000
0.25
0.00
-0.19
0.01
0.01
-0.05
1
3
1
0
15112
0.0000
0.0000
0.0000
0.0000
0.31
0.06
0.00
0.00
0.01
-0.04
1
3
1
0
15122
0.0000
0.0000
0.0000
0.0000
0.12
-0.19
-0.12
0.01
0.00
0.00
1
3
1
0
15132
0.0000
0.0000
0.0000
0.0000
0.19
0.12
0.06
0.01
0.00
0.01
1
3
1
0
15142
0.0000
0.0000
0.0000
0.0000
-0.12
0.00
-0.12
0.00
0.00
0.00
1
3
1
0
15152
0.0000
0.0000
0.0000
0.0000
-0.12
0.00
-0.12
-0.01
0.00
-0.01
1
3
1
0
15162
0.0000
0.0000
0.0000
0.0000
-0.19
0.19
0.00
0.00
0.00
-0.03
1
3
1
0
15172
0.0000
0.0000
0.0000
0.0000
-0.25
0.12
0.00
0.00
0.03
0.01
1
3
1
0
15182
0.0000
0.0000
0.0000
0.0000
-0.31
0.06
-0.12
0.00
0.01
0.01
1
3
1
0
15193
0.0000
0.0000
0.0000
0.0000
-0.25
0.19
0.00
0.00
0.01
0.00
1
3
1
0
15202
0.0000
0.0000
0.0000
0.0000
-0.25
0.12
-0.06
0.00
0.01
-0.04
1
3
1
0
15212
0.0000
0.0000
0.0000
0.0000
-0.19
0.06
-0.12
0.00
0.04
-0.03
1
3
1
0
15222
0.0000
0.0000
0.0000
0.0000
-0.12
-0.12
0.00
0.00
0.02
-0.02
1
3
1
0
15233
0.0000
0.0000
0.0000
0.0000
0.00
0.00
0.00
0.00
0.02
0.00
1
3
1
0
15242
0.0000
0.0000
0.0000
0.0000
0.00
0.00
0.00
0.00
0.00
-0.03
1
3
1
0
15252
0.0000
0.0000
0.0000
0.0000
0.00
0.00
0.00
-0.01
0.00
0.01
1
3
1
0
15261
0.0000
0.0000
0.0000
0.0000
-0.06
0.06
0.06
0.00
0.00
-0.03
1
3
1
0
15271
0.0000
0.0000
0.0000
0.0000
0.19
0.25
0.00
0.00
0.02
0.02
1
3
1
0
15282
0.0000
0.0000
0.0000
0.0000
0.06
0.00
-0.06
-0.01
0.00
0.01
1
3
1
0
15293
0.0000
0.0000
0.0000
0.0000
0.00
0.06
-0.06
0.00
0.00
0.00
1
3
1
0
15302
0.0000
0.0000
0.0000
0.0000
0.00
0.00
0.12
0.00
0.01
-0.01
1
3
1
0
15312
0.0000
0.0000
0.0000
0.0000
-0.06
-0.06
-0.06
0.00
0.01
0.01
1
3
1
0
15323
0.0000
0.0000
0.0000
0.0000
-0.06
-0.12
-0.19
0.00
0.00
0.00
1
3
1
0
15332
0.0000
0.0000
0.0000
0.0000
-0.19
-0.06
0.00
0.02
0.02
0.00
1
3
1
0
15342
0.0000
0.0000
0.0000
0.0000
-0.06
0.12
-0.06
0.00
0.03
-0.03
1
3
1
0
15352
0.0000
0.0000
0.0000
0.0000
0.06
0.06
0.00
0.00
0.00
-0.01
1
3
1
0
15363
0.0000
0.0000
0.0000
0.0000
-0.19
-0.06
-0.06
0.02
0.00
-0.03
1
3
1
0
15373
0.0000
0.0000
0.0000
0.0000
-0.12
-0.19
-0.19
0.00
0.03
-0.04
1
3
1
0
15383
0.0000
0.0000
0.0000
0.0000
-0.19
-0.25
-0.12
-0.01
0.02
-0.03
1
3
1
0
15393
0.0000
0.0000
0.0000
0.0000
0.12
0.06
0.19
-0.01
0.02
0.00
1
3
1
0
15403
0.0000
0.0000
0.0000
0.0000
0.12
0.06
0.19
0.00
0.00
-0.01
1
3
1
0
15413
0.0000
0.0000
0.0000
0.0000
0.12
-0.06
0.06
0.00
0.00
-0.01
1
3
1
0
15423
0.0000
0.0000
0.0000
0.0000
0.19
0.00
0.12
0.00
0.02
0.00
1
3
1
0
15432
0.0000
0.0000
0.0000
0.0000
0.19
-0.12
0.00
0.02
0.02
-0.01
1
3
1
0
15442
0.0000
0.0000
0.0000
0.0000
0.19
-0.06
-0.06
0.01
0.00
0.00
1
3
1
0
15453
0.0000
0.0000
0.0000
0.0000
0.19
-0.06
-0.06
0.01
0.02
0.00
1
3
1
0
15463
0.0000
0.0000
0.0000
0.0000
0.19
0.00
0.06
0.00
0.00
0.00
1
3
1
0
15472
0.0000
0.0000
0.0000
0.0000
0.19
0.00
-0.06
-0.01
0.00
0.04
1
3
1
0
15482
0.0000
0.0000
0.0000
0.0000
0.00
0.06
0.06
0.02
0.00
-0.01
1
3
1
0
15493
0.0000
0.0000
0.0000
0.0000
-0.06
-0.06
0.00
0.00
0.00
0.00
1
3
1
0
15503
0.0000
0.0000
0.0000
0.0000
-0.19
-0.12
0.06
0.00
0.00
0.01
1
3
1
0
15513
0.0000
0.0000
0.0000
0.0000
-0.06
0.06
0.12
-0.01
0.00
0.00
1
3
1
0
15522
0.0000
0.0000
0.0000
0.0000
-0.19
0.00
-0.12
0.00
0.03
-0.02
1
3
1
0
15533
0.0000
0.0000
0.0000
0.0000
-0.19
0.06
0.00
0.00
0.04
-0.02
1
3
1
0
15543
0.0000
0.0000
0.0000
0.0000
-0.19
0.12
0.12
0.01
0.03
-0.01
1
3
1
0
15553
0.0000
0.0000
0.0000
0.0000
0.00
0.00
0.19
0.00
0.03
0.00
1
3
1
0
15563
0.0000
0.0000
0.0000
0.0000
0.06
-0.19
0.00
0.02
0.00
-0.05
1
3
1
0
15572
0.0000
0.0000
0.0000
0.0000
0.25
-0.19
0.00
0.00
0.01
-0.01
1
3
1
0
15583
0.0000
0.0000
0.0000
0.0000
0.31
-0.12
-0.06
0.00
0.00
-0.02
1
3
1
0
15593
0.0000
0.0000
0.0000
0.0000
0.37
-0.12
0.00
0.00
0.00
0.00
1
3
1
0
15603
0.0000
0.0000
0.0000
0.0000
0.44
-0.06
-0.06
0.02
0.00
0.00
1
3
1
0
15613
0.0000
0.0000
0.0000
0.0000
0.06
-0.06
-0.06
0.00
-0.01
-0.02
1
3
1
0
15623
0.0000
0.0000
0.0000
0.0000
0.06
0.06
0.00
0.00
0.00
-0.02
1
3
1
0
15633
0.0000
0.0000
0.0000
0.0000
-0.06
-0.25
0.00
-0.01
0.02
-0.03
1
3
1
0
15643
0.0000
0.0000
0.0000
0.0000
-0.19
-0.25
0.00
0.00
0.01
0.00
1
3
1
0
15653
0.0000
0.0000
0.0000
0.0000
-0.19
-0.25
0.00
0.00
0.04
-0.04
1
3
1
0
15664
0.0000
0.0000
0.0000
0.0000
-0.44
0.12
0.00
0.00
0.00
0.00
1
3
1
0
15673
0.0000
0.0000
0.0000
0.0000
-0.25
-0.12
-0.19
-0.01
0.02
-0.02
1
3
1
0
15683
0.0000
0.0000
0.0000
0.0000
-0.19
0.00
0.00
-0.02
0.02
0.00
1
3
1
0
15693
0.0000
0.0000
0.0000
0.0000
-0.12
0.06
0.06
0.00
0.03
-0.01
1
3
1
0
15704
0.0000
0.0000
0.0000
0.0000
0.06
-0.06
0.00
0.01
0.00
0.00
1
3
1
0
15713
0.0000
0.0000
0.0000
0.0000
0.31
-0.06
0.00
0.00
0.01
-0.03
1
3
1
0
15723
0.0000
0.0000
0.0000
0.0000
0.44
0.00
0.00
0.02
0.00
-0.01
1
3
1
0
15733
0.0000
0.0000
0.0000
0.0000
0.25
-0.06
-0.19
0.03
0.00
-0.01
1
3
1
0
15744
0.0000
0.0000
0.0000
0.0000
0.25
0.00
0.00
0.00
0.01
0.00
1
3
1
0
15754
0.0000
0.0000
0.0000
0.0000
0.25
0.00
0.00
0.00
0.00
0.02
1
3
1
0
15763
0.0000
0.0000
0.0000
0.0000
0.19
-0.12
0.06
0.00
0.00
-0.07
1
3
1
0
15773
0.0000
0.0000
0.0000
0.0000
-0.19
0.00
0.00
0.00
0.00
0.01
1
3
1
0
15783
0.0000
0.0000
0.0000
0.0000
-0.19
-0.06
0.12
0.00
0.01
0.00
1
3
1
0
15794
0.0000
0.0000
0.0000
0.0000
-0.19
0.12
0.06
0.00
0.03
0.00
1
3
1
0
15804
0.0000
0.0000
0.0000
0.0000
-0.19
0.12
0.06
0.02
0.03
-0.05
1
3
1
0
15813
0.0000
0.0000
0.0000
0.0000
-0.19
0.06
0.06
0.00
0.02
0.00
1
3
1
0
15823
0.0000
0.0000
0.0000
0.0000
-0.19
0.00
0.06
0.00
0.04
-0.04
1
3
1
0
15834
0.0000
0.0000
0.0000
0.0000
-0.12
0.06
0.06
0.01
0.01
-0.02
1
3
1
0
15844
0.0000
0.0000
0.0000
0.0000
-0.25
0.12
0.12
0.00
0.01
-0.02
1
3
1
0
15854
0.0000
0.0000
0.0000
0.0000
-0.06
0.00
0.00
0.00
0.02
0.00
1
3
1
0
15863
0.0000
0.0000
0.0000
0.0000
0.12
0.06
0.00
-0.01
0.02
0.00
1
3
1
0
15874
0.0000
0.0000
0.0000
0.0000
0.25
-0.19
0.12
0.00
0.02
-0.02
1
3
1
0
15884
0.0000
0.0000
0.0000
0.0000
0.31
0.00
0.00
0.00
0.01
0.00
1
3
1
0
15894
0.0000
0.0000
0.0000
0.0000
0.50
-0.06
-0.06
0.00
0.00
0.02
1
3
1
0
15904
0.0000
0.0000
0.0000
0.0000
0.31
0.00
-0.06
0.00
0.00
0.00
1
3
1
0
15913
0.0000
0.0000
0.0000
0.0000
0.25
0.00
0.00
0.00
0.00
0.00
1
3
1
0
15924
0.0000
0.0000
0.0000
0.0000
0.12
-0.19
0.00
0.00
0.00
0.00
1
3
1
0
15934
0.0000
0.0000
0.0000
0.0000
0.19
0.00
0.00
0.00
0.02
0.01
1
3
1
0
15944
0.0000
0.0000
0.0000
0.0000
0.12
0.06
-0.06
0.00
0.00
0.00
1
3
1
0
15953
0.0000
0.0000
0.0000
0.0000
0.06
0.00
0.12
-0.01
0.01
-0.03
1
3
1
0
15964
0.0000
0.0000
0.0000
0.0000
-0.06
-0.06
-0.06
-0.01
0.00
-0.04
1
3
1
0
15974
0.0000
0.0000
0.0000
0.0000
-0.19
0.00
0.19
0.00
0.01
0.00
1
3
1
0
15984
0.0000
0.0000
0.0000
0.0000
0.00
0.00
0.00
0.01
0.03
-0.01
1
3
1
0
15994
0.0000
0.0000
0.0000
0.0000
-0.06
-0.19
0.06
-0.01
0.00
0.00
1
3
1
0
16004
0.0000
0.0000
0.0000
0.0000
0.25
0.06
0.06
0.00
0.01
-0.03
1
3
1
0
16014
0.0000
0.0000
0.0000
0.0000
0.25
0.06
0.06
-0.01
0.00
-0.01
1
3
1
0
16024
0.0000
0.0000
0.0000
0.0000
0.31
-0.12
0.06
0.00
0.01
0.00
1
3
1
0
16034
0.0000
0.0000
0.0000
0.0000
0.19
-0.25
0.00
0.02
0.01
-0.02
1
3
1
0
16045
0.0000
0.0000
0.0000
0.0000
0.19
0.00
0.06
0.01
0.00
0.00
1
3
1
0
16054
0.0000
0.0000
0.0000
0.0000
0.19
0.00
0.06
-0.02
0.00
0.00
1
3
1
0
16064
0.0000
0.0000
0.0000
0.0000
0.25
0.06
-0.06
0.01
0.00
-0.03
1
3
1
0
16074
0.0000
0.0000
0.0000
0.0000
0.31
-0.12
0.06
-0.01
0.00
0.00
1
3
1
0
16084
0.0000
0.0000
0.0000
0.0000
-0.06
-0.12
0.00
0.00
0.01
-0.04
1
3
1
0
16094
0.0000
0.0000
0.0000
0.0000
0.06
0.00
0.00
0.00
0.02
-0.01
1
3
1
0
16104
0.0000
0.0000
0.0000
0.0000
-0.12
-0.25
-0.06
-0.03
0.02
-0.02
1
3
1
0
16114
0.0000
0.0000
0.0000
0.0000
-0.12
-0.06
-0.06
0.01
0.03
-0.05
1
3
1
0
16124
0.0000
0.0000
0.0000
0.0000
0.06
0.00
0.06
0.01
0.06
-0.01
1
3
1
0
16135
0.0000
0.0000
0.0000
0.0000
-0.12
0.06
0.00
0.00
0.01
0.03
1
3
1
0
16144
0.0000
0.0000
0.0000
0.0000
0.06
0.12
0.06
0.00
0.03
0.01
1
3
1
0
16154
0.0000
0.0000
0.0000
0.0000
-0.12
-0.06
0.00
-0.01
0.00
0.00
1
3
1
0
16164
0.0000
0.0000
0.0000
0.0000
0.00
-0.06
0.06
0.00
-0.01
0.00
1
3
1
0
16175
0.0000
0.0000
0.0000
0.0000
0.19
0.00
-0.06
0.00
0.00
0.00
1
3
1
0
16184
0.0000
0.0000
0.0000
0.0000
0.44
0.00
0.00
0.00
0.00
-0.02
1
3
1
0
16194
0.0000
0.0000
0.0000
0.0000
0.37
0.00
0.06
0.00
0.00
0.00
1
3
1
0
16204
0.0000
0.0000
0.0000
0.0000
0.56
0.19
0.00
0.00
0.00
-0.01
1
3
1
0
16215
0.0000
0.0000
0.0000
0.0000
0.31
0.00
0.12
-0.01
0.00
0.00
1
3
1
0
16225
0.0000
0.0000
0.0000
0.0000
0.25
-0.06
0.00
0.00
0.01
-0.04
1
3
1
0
16235
0.0000
0.0000
0.0000
0.0000
0.00
-0.12
0.06
0.00
0.00
0.00
1
3
1
0
16244
0.0000
0.0000
0.0000
0.0000
-0.12
-0.12
0.19
0.00
0.00
-0.04
1
3
1
0
16254
0.0000
0.0000
0.0000
0.0000
-0.12
-0.12
0.19
0.00
0.02
0.01
1
3
1
0
16265
0.0000
0.0000
0.0000
0.0000
-0.12
-0.12
0.06
0.00
0.01
-0.02
1
3
1
0
16275
0.0000
0.0000
0.0000
0.0000
-0.25
-0.19
-0.06
-0.02
0.03
-0.01
1
3
1
0
16285
0.0000
0.0000
0.0000
0.0000
-0.25
0.06
0.00
-0.01
0.03
0.00
1
3
1
0
16294
0.0000
0.0000
0.0000
0.0000
-0.12
-0.12
0.12
0.00
0.03
0.00
1
3
1
0
16305
0.0000
0.0000
0.0000
0.0000
0.19
0.12
0.06
0.00
0.04
-0.01
1
3
1
0
16315
0.0000
0.0000
0.0000
0.0000
0.12
-0.06
0.12
-0.01
0.01
0.02
1
3
1
0
16325
0.0000
0.0000
0.0000
0.0000
0.06
0.00
-0.06
-0.02
0.04
-0.01
1
3
1
0
16334
0.0000
0.0000
0.0000
0.0000
0.19
-0.25
0.12
0.01
0.00
0.00
1
3
1
0
16345
0.0000
0.0000
0.0000
0.0000
0.00
0.00
0.00
0.01
0.00
0.00
1
3
1
0
16354
0.0000
0.0000
0.0000
0.0000
0.00
0.00
0.00
0.03
0.00
-0.03
1
3
1
0
16364
0.0000
0.0000
0.0000
0.0000
0.00
0.00
0.00
-0.01
0.01
0.00
1
3
1
0
16374
0.0000
0.0000
0.0000
0.0000
0.06
0.06
0.00
0.00
0.00
-0.04
1
3
1
0
16385
0.0000
0.0000
0.0000
0.0000
0.00
0.12
-0.06
0.00
0.00
-0.04
1
3
1
0
16395
0.0000
0.0000
0.0000
0.0000
-0.19
-0.12
-0.06
-0.01
0.01
-0.01
1
3
1
0
16405
0.0000
0.0000
0.0000
0.0000
-0.25
-0.12
-0.25
0.00
0.00
0.01
1
3
1
0
16415
0.0000
0.0000
0.0000
0.0000
-0.31
0.00
-0.06
-0.01
0.03
0.01
1
3
1
0
16424
0.0000
0.0000
0.0000
0.0000
-0.12
0.06
0.06
-0.01
0.01
0.00
1
3
1
0
16435
0.0000
0.0000
0.0000
0.0000
-0.25
0.00
0.00
0.00
0.02
-0.03
1
3
1
0
16445
0.0000
0.0000
0.0000
0.0000
-0.19
-0.06
0.06
0.03
0.02
0.00
1
3
1
0
16455
0.0000
0.0000
0.0000
0.0000
0.00
0.19
0.00
0.01
0.02
0.00
1
3
1
0
16464
0.0000
0.0000
0.0000
0.0000
0.06
0.12
-0.06
0.00
0.03
-0.04
1
3
1
0
16475
0.0000
0.0000
0.0000
0.0000
0.06
-0.19
-0.12
0.00
0.00
-0.04
1
3
1
0
16485
0.0000
0.0000
0.0000
0.0000
0.12
0.00
-0.19
0.01
0.00
-0.02
1
3
1
0
16495
0.0000
0.0000
0.0000
0.0000
0.25
0.06
-0.06
0.00
0.01
0.03
1
3
1
0
16505
0.0000
0.0000
0.0000
0.0000
0.19
0.06
-0.12
0.00
0.00
-0.03
1
3
1
0
16516
0.0000
0.0000
0.0000
0.0000
0.25
0.00
0.00
0.00
0.00
-0.01
1
3
1
0
16525
0.0000
0.0000
0.0000
0.0000
0.00
0.00
0.00
0.00
0.00
-0.05
1
3
1
0
16535
0.0000
0.0000
0.0000
0.0000
0.12
0.00
0.00
-0.02
0.00
-0.02
1
3
1
0
16545
0.0000
0.0000
0.0000
0.0000
0.12
0.06
-0.06
-0.02
0.02
0.01
1
3
1
0
16556
0.0000
0.0000
0.0000
0.0000
0.12
0.06
0.00
0.00
0.02
0.00
1
3
1
0
16565
0.0000
0.0000
0.0000
0.0000
-0.06
0.31
0.12
0.00
0.02
-0.02
1
3
1
0
16575
0.0000
0.0000
0.0000
0.0000
-0.25
0.00
0.06
-0.02
0.01
0.00
1
3
1
0
16585
0.0000
0.0000
0.0000
0.0000
-0.12
-0.12
0.00
-0.02
0.02
0.00
1
3
1
0
16595
0.0000
0.0000
0.0000
0.0000
-0.06
0.00
0.06
0.00
0.04
0.00
1
3
1
0
16606
0.0000
0.0000
0.0000
0.0000
-0.06
0.06
-0.25
0.01
0.02
0.00
1
3
1
0
16615
0.0000
0.0000
0.0000
0.0000
0.06
0.06
0.06
0.01
0.02
-0.04
1
3
1
0
16625
0.0000
0.0000
0.0000
0.0000
0.00
0.12
-0.12
0.00
0.00
-0.01
1
3
1
0
16635
0.0000
0.0000
0.0000
0.0000
0.00
0.00
0.00
0.02
0.00
0.00
1
3
1
0
16645
0.0000
0.0000
0.0000
0.0000
0.25
0.12
-0.06
0.01
0.03
0.00
1
3
1
0
16655
0.0000
0.0000
0.0000
0.0000
0.19
-0.12
0.00
0.00
0.00
-0.04
1
3
1
0
16665
0.0000
0.0000
0.0000
0.0000
0.25
-0.06
0.06
0.01
0.00
-0.04
1
3
1
0
16675
0.0000
0.0000
0.0000
0.0000
0.25
0.06
0.00
0.01
-0.01
-0.05
1
3
1
0
16686
0.0000
0.0000
0.0000
0.0000
0.12
-0.06
-0.12
-0.02
0.00
0.03
1
3
1
0
16696
0.0000
0.0000
0.0000
0.0000
0.19
0.00
-0.06
-0.02
0.00
0.00
1
3
1
0
16706
0.0000
0.0000
0.0000
0.0000
0.19
0.00
-0.06
0.00
0.00
0.01
1
3
1
0
16715
0.0000
0.0000
0.0000
0.0000
0.12
0.12
0.06
0.00
0.01
-0.03
1
3
1
0
16726
0.0000
0.0000
0.0000
0.0000
-0.06
0.12
-0.12
-0.03
0.01
-0.02
1
3
1
0
16736
0.0000
0.0000
0.0000
0.0000
-0.19
0.06
0.06
0.00
0.04
0.00
1
3
1
0
16746
0.0000
0.0000
0.0000
0.0000
-0.50
-0.12
0.12
-0.04
0.02
0.04
1
3
1
0
16755
0.0000
0.0000
0.0000
0.0000
-0.50
-0.12
0.12
-0.01
0.02
-0.02
1
3
1
0
16765
0.0000
0.0000
0.0000
0.0000
-0.37
0.00
0.00
0.00
0.02
-0.05
1
3
1
0
16776
0.0000
0.0000
0.0000
0.0000
-0.12
-0.12
-0.12
-0.01
0.01
0.00
1
3
1
0
16786
0.0000
0.0000
0.0000
0.0000
0.12
0.19
-0.06
0.02
0.00
0.01
1
3
1
0
16796
0.0000
0.0000
0.0000
0.0000
0.25
-0.06
-0.12
-0.02
0.02
0.03
1
3
1
0
16805
0.0000
0.0000
0.0000
0.0000
0.25
-0.06
-0.12
0.00
0.00
-0.04
1
3
1
0
16816
0.0000
0.0000
0.0000
0.0000
0.37
-0.06
0.00
0.00
-0.02
0.01
1
3
1
0
16826
0.0000
0.0000
0.0000
0.0000
0.31
-0.06
-0.12
0.00
-0.02
0.01
1
3
1
0
16836
0.0000
0.0000
0.0000
0.0000
0.25
0.00
0.00
-0.01
-0.02
0.00
1
3
1
0
16845
0.0000
0.0000
0.0000
0.0000
0.06
0.06
0.00
0.00
0.00
-0.01
1
3
1
0
16856
0.0000
0.0000
0.0000
0.0000
-0.12
0.12
-0.12
0.00
0.00
-0.04
1
3
1
0
16866
0.0000
0.0000
0.0000
0.0000
-0.37
0.06
-0.19
-0.02
0.00
-0.01
1
3
1
0
16876
0.0000
0.0000
0.0000
0.0000
-0.31
0.06
0.06
0.00
0.01
0.01
1
3
1
0
16886
0.0000
0.0000
0.0000
0.0000
-0.19
0.25
0.12
-0.01
0.02
-0.01
1
3
1
0
16897
0.0000
0.0000
0.0000
0.0000
-0.31
0.06
0.12
0.00
0.03
-0.01
1
3
1
0
16906
0.0000
0.0000
0.0000
0.0000
-0.31
0.06
0.12
0.00
0.03
-0.02
1
3
1
0
16916
0.0000
0.0000
0.0000
0.0000
-0.12
-0.06
0.12
-0.02
0.02
-0.02
1
3
1
0
16926
0.0000
0.0000
0.0000
0.0000
0.06
0.06
0.00
0.01
0.03
-0.02
1
3
1
0
16936
0.0000
0.0000
0.0000
0.0000
0.19
-0.06
0.00
0.02
0.03
0.03
1
3
1
0
16947
0.0000
0.0000
0.0000
0.0000
0.25
0.12
-0.06
0.00
0.00
0.00
1
3
1
0
16956
0.0000
0.0000
0.0000
0.0000
0.25
0.12
-0.06
0.00
0.00
0.00
1
3
1
0
16966
0.0000
0.0000
0.0000
0.0000
0.25
-0.06
0.00
0.01
0.00
-0.03
1
3
1
0
16976
0.0000
0.0000
0.0000
0.0000
0.37
0.19
0.06
0.00
-0.01
0.00
1
3
1
0
16986
0.0000
0.0000
0.0000
0.0000
0.19
0.06
0.00
0.00
0.01
-0.02
1
3
1
0
16996
0.0000
0.0000
0.0000
0.0000
-0.25
-0.12
0.00
-0.01
0.00
-0.03
1
3
1
0
17006
0.0000
0.0000
0.0000
0.0000
-0.25
-0.12
0.00
0.00
0.01
-0.03
1
3
1
0
17016
0.0000
0.0000
0.0000
0.0000
-0.19
0.19
0.06
0.00
0.01
0.00
1
3
1
0
17027
0.0000
0.0000
0.0000
0.0000
-0.31
0.19
0.06
-0.01
0.02
0.00
1
3
1
0
17036
0.0000
0.0000
0.0000
0.0000
-0.31
0.12
0.00
0.00
0.02
0.00
1
3
1
0
17046
0.0000
0.0000
0.0000
0.0000
-0.44
0.00
-0.06
-0.01
0.02
-0.03
1
3
1
0
17056
0.0000
0.0000
0.0000
0.0000
-0.25
0.06
0.12
0.00
0.02
-0.01
1
3
1
0
17067
0.0000
0.0000
0.0000
0.0000
-0.12
-0.06
0.00
0.01
0.01
0.00
1
3
1
0
17077
0.0000
0.0000
0.0000
0.0000
-0.12
-0.19
0.00
0.00
0.02
0.00
1
3
1
0
17086
0.0000
0.0000
0.0000
0.0000
0.12
0.06
0.00
0.01
0.04
-0.03
1
3
1
0
17096
0.0000
0.0000
0.0000
0.0000
0.19
0.12
0.06
0.00
0.01
-0.04
1
3
1
0
17106
0.0000
0.0000
0.0000
0.0000
0.19
0.12
0.06
0.00
0.00
0.01
1
3
1
0
17117
0.0000
0.0000
0.0000
0.0000
0.25
0.00
0.12
0.00
0.00
0.01
1
3
1
0
17127
0.0000
0.0000
0.0000
0.0000
0.19
0.06
0.06
0.00
-0.01
-0.01
1
3
1
0
17136
0.0000
0.0000
0.0000
0.0000
0.06
0.00
-0.06
0.00
0.00
-0.01
1
3
1
0
17146
0.0000
0.0000
0.0000
0.0000
-0.12
0.00
-0.12
0.00
0.00
-0.04
1
3
1
0
17157
0.0000
0.0000
0.0000
0.0000
-0.12
0.00
-0.12
0.01
0.01
0.00
1
3
1
0
17167
0.0000
0.0000
0.0000
0.0000
-0.06
0.12
0.00
-0.01
0.01
0.00
1
3
1
0
17176
0.0000
0.0000
0.0000
0.0000
-0.25
0.06
-0.12
0.00
0.00
0.00
1
3
1
0
17186
0.0000
0.0000
0.0000
0.0000
-0.19
0.00
0.12
0.00
0.03
-0.01
1
3
1
0
17197
0.0000
0.0000
0.0000
0.0000
-0.37
-0.12
0.19
0.00
0.03
0.00
1
3
1
0
17207
0.0000
0.0000
0.0000
0.0000
-0.25
-0.06
0.06
0.00
0.04
-0.02
1
3
1
0
17217
0.0000
0.0000
0.0000
0.0000
-0.12
0.00
0.00
0.01
0.03
-0.03
1
3
1
0
17226
0.0000
0.0000
0.0000
0.0000
0.06
0.19
0.12
0.00
0.02
-0.03
1
3
1
0
17236
0.0000
0.0000
0.0000
0.0000
-0.06
0.06
-0.06
0.01
0.00
-0.04
1
3
1
0
17247
0.0000
0.0000
0.0000
0.0000
0.06
-0.06
-0.06
0.01
0.00
-0.03
1
3
1
0
17257
0.0000
0.0000
0.0000
0.0000
0.25
-0.06
0.06
0.00
0.00
0.02
1
3
1
0
17267
0.0000
0.0000
0.0000
0.0000
0.31
0.19
0.00
0.01
0.01
0.00
1
3
1
0
17276
0.0000
0.0000
0.0000
0.0000
0.12
0.00
0.00
0.00
0.00
-0.04
1
3
1
0
17287
0.0000
0.0000
0.0000
0.0000
-0.19
0.06
0.00
0.01
0.00
-0.05
1
3
1
0
17297
0.0000
0.0000
0.0000
0.0000
-0.25
0.06
0.06
0.00
0.01
0.02
1
3
1
0
17307
0.0000
0.0000
0.0000
0.0000
-0.19
0.00
-0.12
0.01
0.00
0.01
1
3
1
0
17317
0.0000
0.0000
0.0000
0.0000
0.12
0.19
0.06
-0.03
0.00
0.01
1
3
1
0
17327
0.0000
0.0000
0.0000
0.0000
0.00
0.00
0.19
-0.01
0.00
-0.01
1
3
1
0
17337
0.0000
0.0000
0.0000
0.0000
-0.25
-0.06
0.00
-0.01
0.00
-0.01
1
3
1
0
17347
0.0000
0.0000
0.0000
0.0000
-0.31
-0.06
0.06
0.00
0.03
0.02
1
3
1
0
17356
0.0000
0.0000
0.0000
0.0000
-0.25
-0.12
0.06
-0.01
0.01
0.01
1
3
1
0
17367
0.0000
0.0000
0.0000
0.0000
-0.12
0.00
0.00
0.00
0.01
-0.02
1
3
1
0
17377
0.0000
0.0000
0.0000
0.0000
-0.06
-0.12
0.12
0.00
0.01
-0.02
1
3
1
0
17387
0.0000
0.0000
0.0000
0.0000
-0.06
0.12
-0.06
0.01
0.01
-0.05
1
3
1
0
17397
0.0000
0.0000
0.0000
0.0000
0.25
0.00
0.06
0.00
0.00
0.02
1
3
1
0
17408
0.0000
0.0000
0.0000
0.0000
0.25
0.00
0.06
0.00
0.00
-0.01
1
3
1
0
17417
0.0000
0.0000
0.0000
0.0000
0.37
0.25
0.12
0.00
0.00
-0.04
1
3
1
0
17427
0.0000
0.0000
0.0000
0.0000
0.25
0.12
0.00
0.01
0.00
-0.05
1
3
1
0
17437
0.0000
0.0000
0.0000
0.0000
0.06
-0.06
0.00
0.00
0.01
0.00
1
3
1
0
17447
0.0000
0.0000
0.0000
0.0000
0.12
0.19
0.06
0.00
0.00
0.01
1
3
1
0
17458
0.0000
0.0000
0.0000
0.0000
0.06
0.12
0.00
0.02
0.00
-0.04
1
3
1
0
17467
0.0000
0.0000
0.0000
0.0000
-0.25
-0.06
-0.12
0.01
0.01
-0.07
1
3
1
0
17477
0.0000
0.0000
0.0000
0.0000
-0.06
-0.12
0.06
0.01
0.01
0.00
1
3
1
0
17487
0.0000
0.0000
0.0000
0.0000
0.00
-0.06
0.06
-0.01
0.02
0.00
1
3
1
0
17498
0.0000
0.0000
0.0000
0.0000
-0.06
0.19
-0.06
0.00
0.03
0.01
1
3
1
0
17507
0.0000
0.0000
0.0000
0.0000
-0.19
-0.25
0.19
0.01
0.02
0.00
1
3
1
0
17517
0.0000
0.0000
0.0000
0.0000
-0.31
-0.12
0.06
-0.01
0.02
-0.07
1
3
1
0
17527
0.0000
0.0000
0.0000
0.0000
-0.12
0.06
0.00
-0.01
0.01
-0.02
1
3
1
0
17538
0.0000
0.0000
0.0000
0.0000
-0.19
0.00
0.00
-0.02
0.01
0.00
1
3
1
0
17548
0.0000
0.0000
0.0000
0.0000
0.00
0.06
0.06
0.00
0.00
-0.01
1
3
1
0
17557
0.0000
0.0000
0.0000
0.0000
0.19
0.12
-0.06
0.01
0.02
-0.01
1
3
1
0
17567
0.0000
0.0000
0.0000
0.0000
0.37
0.00
0.12
0.03
-0.01
-0.06
1
3
1
0
17577
0.0000
0.0000
0.0000
0.0000
0.37
0.12
-0.06
0.00
0.00
-0.04
1
3
1
0
17588
0.0000
0.0000
0.0000
0.0000
0.31
-0.06
0.06
0.03
0.00
0.00
1
3
1
0
17597
0.0000
0.0000
0.0000
0.0000
0.19
