0.06
-0.12
0.01
0.00
0.00
0
0
1
0
4057
0.1935
0.9805
0.0360
-0.0002
-0.37
0.06
-0.25
0.02
0.03
-0.03
0
0
1
0
4067
0.1935
0.9805
0.0360
-0.0002
-0.44
0.25
0.56
0.01
-0.01
0.12
0
0
1
0
4077
0.1935
0.9805
0.0360
-0.0002
0.37
0.25
0.88
0.08
-0.05
0.09
0
0
1
0
4087
0.1935
0.9805
0.0359
-0.0002
0.63
0.06
0.94
0.00
-0.08
0.00
0
0
1
0
4097
0.1934
0.9805
0.0359
-0.0002
0.00
-0.19
0.00
0.02
-0.06
-0.02
0
0
1
0
4107
0.1934
0.9805
0.0359
-0.0002
-0.06
-0.37
-0.88
0.02
0.00
-0.04
0
0
1
0
4117
0.1934
0.9805
0.0359
-0.0002
-0.44
-0.31
-0.63
-0.01
0.00
0.01
0
0
1
0
4127
0.1934
0.9805
0.0360
-0.0002
-0.19
-0.12
-0.37
0.00
0.01
0.02
0
0
1
0
4136
0.1934
0.9805
0.0360
-0.0002
0.00
-0.12
0.12
0.00
0.00
0.00
0
0
1
0
4147
0.1934
0.9805
0.0360
-0.0002
0.06
-0.12
0.31
0.01
-0.03
0.03
0
0
1
0
4157
0.1934
0.9805
0.0360
-0.0002
0.00
0.12
0.19
0.02
-0.05
-0.02
0
0
1
0
4166
0.1934
0.9805
0.0360
-0.0002
0.00
0.19
0.31
0.00
-0.04
0.00
0
0
1
0
4176
0.1934
0.9805
0.0360
-0.0002
-0.25
0.19
0.19
0.02
-0.02
0.00
0
0
1
0
4187
0.1934
0.9805
0.0360
-0.0002
-0.31
0.12
0.06
0.00
0.00
0.00
0
0
1
0
4197
0.1934
0.9805
0.0360
-0.0002
-0.19
-0.19
0.44
0.01
0.00
0.03
0
0
1
0
4207
0.1934
0.9805
0.0360
-0.0002
0.00
-0.31
-0.19
0.02
-0.02
0.06
0
0
1
0
4216
0.1934
0.9805
0.0360
-0.0002
0.00
-0.31
-0.44
0.00
-0.02
-0.03
0
0
1
0
4227
0.1934
0.9805
0.0360
-0.0002
0.12
-0.50
-0.37
0.00
-0.02
0.00
0
0
1
0
4237
0.1934
0.9805
0.0360
-0.0002
0.00
-0.12
-0.12
0.00
0.00
0.00
0
0
1
0
4247
0.1934
0.9805
0.0360
-0.0002
-0.06
0.12
0.50
0.00
-0.03
0.01
0
0
1
0
4256
0.1934
0.9805
0.0360
-0.0002
-0.12
0.12
0.69
0.01
-0.02
0.02
0
0
1
0
4267
0.1934
0.9805
0.0359
-0.0002
-0.25
0.12
0.50
0.00
0.00
-0.01
0
0
1
0
4277
0.1934
0.9805
0.0359
-0.0002
0.06
-0.25
0.19
0.00
-0.03
0.03
0
0
1
0
4287
0.1934
0.9805
0.0359
-0.0002
0.00
-0.44
-0.37
0.00
-0.03
0.06
0
0
1
0
4296
0.1934
0.9805
0.0359
-0.0002
0.00
-0.44
-0.63
0.01
0.00
0.01
0
0
1
0
4306
0.1934
0.9805
0.0360
-0.0002
0.00
-0.37
-0.56
0.01
0.00
0.01
0
0
1
0
4317
0.1934
0.9805
0.0360
-0.0002
0.12
0.06
0.12
0.00
-0.02
0.01
0
0
1
0
4327
0.1934
0.9805
0.0360
-0.0002
0.00
0.12
0.63
0.02
0.00
-0.03
0
0
1
0
4337
0.1934
0.9805
0.0359
-0.0002
-0.19
0.25
0.94
0.01
-0.02
0.02
0
0
1
0
4346
0.1934
0.9805
0.0359
-0.0002
-0.25
0.19
0.44
0.02
-0.02
0.03
0
0
1
0
4357
0.1934
0.9805
0.0359
-0.0002
0.06
-0.12
0.00
0.00
-0.02
-0.01
0
0
1
0
4367
0.1934
0.9805
0.0359
-0.0002
0.06
-0.56
-0.50
0.02
-0.02
0.00
0
0
1
0
4377
0.1934
0.9805
0.0359
-0.0002
-0.12
-0.63
-1.12
0.00
-0.03
0.01
0
0
1
0
4387
0.1934
0.9805
0.0360
-0.0003
-0.06
-0.37
-0.69
0.00
0.00
0.02
0
0
1
0
4397
0.1934
0.9805
0.0360
-0.0003
0.00
-0.06
0.19
0.01
-0.03
0.02
0
0
1
0
4407
0.1934
0.9805
0.0360
-0.0003
-0.12
0.19
0.81
0.00
-0.01
-0.03
0
0
1
0
4417
0.1934
0.9805
0.0359
-0.0002
-0.31
0.06
1.12
0.00
-0.03
0.01
0
0
1
0
4426
0.1934
0.9805
0.0358
-0.0002
-0.19
0.31
0.75
0.01
-0.04
0.02
0
0
1
0
4436
0.1934
0.9805
0.0358
-0.0002
-0.06
0.12
0.06
0.01
-0.01
0.01
0
0
1
0
4447
0.1934
0.9805
0.0358
-0.0002
-0.06
-0.63
-0.75
0.01
-0.01
0.01
0
0
1
0
4457
0.1934
0.9805
0.0358
-0.0003
-0.06
-0.56
-0.94
0.01
0.00
0.00
0
0
1
0
4466
0.1934
0.9805
0.0359
-0.0003
0.06
-0.50
-0.69
0.02
0.00
0.00
0
0
1
0
4476
0.1934
0.9805
0.0359
-0.0003
0.06
-0.31
0.00
0.00
-0.01
0.00
0
0
1
0
4487
0.1934
0.9805
0.0359
-0.0003
-0.12
0.25
0.50
0.00
-0.01
0.00
0
0
1
0
4497
0.1934
0.9805
0.0359
-0.0003
-0.25
0.31
1.00
0.00
-0.03
0.02
0
0
1
0
4506
0.1934
0.9805
0.0359
-0.0003
-0.19
0.31
0.69
0.02
-0.02
-0.01
0
0
1
0
4516
0.1934
0.9805
0.0358
-0.0003
0.00
0.06
0.19
0.00
-0.02
0.01
0
0
1
0
4527
0.1934
0.9805
0.0358
-0.0003
-0.06
-0.31
-0.50
0.01
-0.02
0.00
0
0
1
0
4537
0.1934
0.9805
0.0358
-0.0003
-0.06
-0.37
-0.63
0.01
-0.01
0.02
0
0
1
0
4547
0.1934
0.9805
0.0359
-0.0003
0.00
-0.44
-0.50
0.00
-0.01
0.00
0
0
1
0
4556
0.1934
0.9805
0.0359
-0.0003
0.00
0.00
-0.12
0.00
-0.01
-0.01
0
0
1
0
4567
0.1934
0.9805
0.0359
-0.0003
-0.12
0.25
0.44
0.02
-0.03
0.00
0
0
1
0
4577
0.1934
0.9805
0.0359
-0.0003
-0.19
0.06
0.69
0.01
-0.03
-0.01
0
0
1
0
4587
0.1934
0.9805
0.0358
-0.0003
-0.12
0.06
0.50
0.01
-0.02
0.03
0
0
1
0
4596
0.1934
0.9805
0.0358
-0.0003
-0.06
-0.12
0.00
0.02
-0.02
0.01
0
0
1
0
4606
0.1934
0.9805
0.0358
-0.0003
0.00
-0.31
-0.37
0.01
-0.01
0.00
0
0
1
0
4617
0.1934
0.9805
0.0358
-0.0003
0.12
-0.31
-0.63
0.00
0.00
0.00
0
0
1
0
4627
0.1934
0.9805
0.0359
-0.0003
-0.06
-0.25
-0.44
0.00
-0.01
0.00
0
0
1
0
4637
0.1934
0.9805
0.0359
-0.0003
-0.12
-0.19
-0.12
0.00
-0.03
-0.01
0
0
1
0
4646
0.1934
0.9805
0.0359
-0.0003
0.00
0.00
0.44
0.02
-0.02
0.01
0
0
1
0
4657
0.1934
0.9805
0.0359
-0.0003
-0.19
0.06
0.63
0.00
0.00
0.02
0
0
1
0
4667
0.1934
0.9805
0.0358
-0.0003
-0.06
0.12
0.44
0.00
-0.02
0.02
0
0
1
0
4676
0.1934
0.9805
0.0358
-0.0003
-0.12
0.06
0.19
0.00
-0.02
-0.01
0
0
1
0
4687
0.1934
0.9805
0.0358
-0.0003
0.12
-0.06
-0.31
0.00
-0.02
0.00
0
0
1
0
4697
0.1934
0.9805
0.0358
-0.0003
-0.06
-0.37
-0.44
0.01
-0.01
0.01
0
0
1
0
4707
0.1934
0.9805
0.0358
-0.0003
0.00
-0.25
-0.56
0.01
-0.02
0.00
0
0
1
0
4717
0.1934
0.9805
0.0358
-0.0003
0.00
-0.06
-0.06
0.02
-0.02
-0.01
0
0
1
0
4726
0.1934
0.9805
0.0358
-0.0003
0.00
0.06
0.31
0.00
-0.04
0.00
0
0
1
0
4737
0.1934
0.9805
0.0358
-0.0003
-0.25
0.12
0.63
0.01
-0.02
0.02
0
0
1
0
4747
0.1934
0.9805
0.0358
-0.0003
-0.19
0.06
0.50
0.02
-0.01
0.00
0
0
1
0
4757
0.1934
0.9805
0.0358
-0.0003
0.00
-0.12
0.06
0.01
-0.02
0.00
0
0
1
0
4767
0.1934
0.9805
0.0358
-0.0003
0.00
-0.31
-0.56
0.00
0.00
0.00
0
0
1
0
4776
0.1934
0.9805
0.0358
-0.0003
0.12
-0.31
-0.63
0.00
0.00
0.03
0
0
1
0
4787
0.1934
0.9805
0.0358
-0.0003
0.00
-0.44
-0.37
0.01
-0.02
0.03
0
0
1
0
4797
0.1934
0.9805
0.0358
-0.0003
0.06
0.06
-0.06
0.01
-0.02
0.00
0
0
1
0
4806
0.1934
0.9805
0.0358
-0.0003
0.00
0.00
0.37
0.00
0.00
-0.02
0
0
1
0
4816
0.1934
0.9805
0.0358
-0.0003
0.00
0.31
0.75
0.00
-0.02
-0.02
0
0
1
0
4827
0.1934
0.9805
0.0358
-0.0003
-0.06
0.25
0.56
0.01
-0.02
0.00
0
0
1
0
4837
0.1934
0.9805
0.0358
-0.0003
-0.25
0.00
0.37
0.00
0.00
0.01
0
0
1
0
4846
0.1934
0.9805
0.0358
-0.0003
0.00
-0.19
-0.06
0.02
-0.02
0.00
0
0
1
0
4856
0.1934
0.9805
0.0358
-0.0003
-0.06
-0.44
-0.37
0.00
0.00
-0.01
0
0
1
0
4867
0.1934
0.9805
0.0358
-0.0003
0.06
-0.44
-0.50
0.00
0.00
0.00
0
0
1
0
4877
0.1934
0.9805
0.0358
-0.0003
0.12
-0.44
-0.31
0.00
-0.01
0.00
0
0
1
0
4887
0.1934
0.9805
0.0358
-0.0003
-0.06
-0.12
-0.12
-0.01
-0.01
0.01
0
0
1
0
4896
0.1934
0.9805
0.0358
-0.0003
-0.06
0.00
0.25
0.00
-0.02
0.03
0
0
1
0
4907
0.1934
0.9805
0.0358
-0.0003
0.06
-0.12
0.50
0.00
-0.04
0.01
0
0
1
0
4917
0.1934
0.9805
0.0358
-0.0003
0.00
0.06
0.50
0.00
-0.03
0.02
0
0
1
0
4927
0.1934
0.9805
0.0358
-0.0003
0.00
-0.12
0.31
0.00
-0.03
0.00
0
0
1
0
4937
0.1934
0.9805
0.0358
-0.0003
-0.12
-0.12
-0.12
0.01
-0.03
0.03
0
0
1
0
4946
0.1934
0.9805
0.0358
-0.0003
-0.19
-0.19
-0.37
0.01
-0.02
0.01
0
0
1
0
4957
0.1934
0.9805
0.0358
-0.0003
-0.06
-0.19
-0.31
0.00
-0.01
0.00
0
0
1
0
4967
0.1934
0.9805
0.0358
-0.0003
0.00
-0.06
-0.25
0.00
-0.02
0.01
0
0
1
0
4976
0.1934
0.9805
0.0358
-0.0003
0.00
-0.19
-0.12
0.01
-0.02
0.00
0
0
1
0
4986
0.1934
0.9805
0.0358
-0.0003
-0.12
-0.12
0.06
0.00
0.00
0.04
0
0
1
0
4997
0.1934
0.9805
0.0358
-0.0003
-0.12
0.06
0.19
0.01
0.00
-0.01
0
0
1
0
5007
0.1934
0.9805
0.0358
-0.0003
-0.12
0.06
0.37
0.00
-0.01
-0.03
0
0
1
0
5016
0.1934
0.9805
0.0358
-0.0003
0.00
-0.12
0.12
0.03
-0.02
0.03
0
0
1
0
5026
0.1934
0.9805
0.0358
-0.0003
0.00
-0.12
0.12
0.00
-0.01
0.01
0
0
1
0
5037
0.1934
0.9805
0.0358
-0.0003
0.06
-0.31
-0.12
0.01
-0.01
0.03
0
0
1
0
5047
0.1934
0.9805
0.0358
-0.0003
-0.12
-0.25
-0.06
0.01
-0.02
0.00
0
0
1
0
5057
0.1934
0.9805
0.0358
-0.0003
-0.06
-0.37
-0.19
0.01
-0.01
-0.01
0
0
1
0
5066
0.1934
0.9805
0.0358
-0.0003
0.00
-0.31
-0.25
0.00
-0.01
-0.01
0
0
1
0
5076
0.1934
0.9805
0.0358
-0.0003
-0.06
-0.31
-0.19
0.01
0.00
0.00
0
0
1
0
5087
0.1934
0.9805
0.0358
-0.0003
-0.06
-0.19
-0.12
0.00
-0.01
0.02
0
0
1
0
5097
0.1934
0.9805
0.0358
-0.0003
0.06
-0.06
0.00
0.00
0.00
0.01
0
0
1
0
5106
0.1934
0.9805
0.0358
-0.0003
0.06
-0.06
0.25
0.02
-0.01
-0.02
0
0
1
0
5116
0.1934
0.9805
0.0358
-0.0003
-0.06
-0.06
0.44
0.00
-0.02
-0.01
0
0
1
0
5127
0.1934
0.9805
0.0358
-0.0003
0.00
0.00
0.31
0.02
-0.03
0.01
0
0
1
0
5137
0.1934
0.9805
0.0358
-0.0003
0.00
0.06
0.44
0.03
-0.01
0.00
0
0
1
0
5146
0.1934
0.9805
0.0358
-0.0003
-0.06
-0.06
0.00
0.00
-0.03
0.01
0
0
1
0
5156
0.1934
0.9805
0.0358
-0.0003
-0.06
-0.12
-0.06
0.01
-0.01
-0.01
0
0
1
0
5167
0.1934
0.9805
0.0358
-0.0003
-0.06
-0.19
-0.37
0.00
-0.01
0.03
0
0
1
0
5177
0.1934
0.9805
0.0358
-0.0003
-0.12
-0.25
-0.19
0.00
-0.01
0.02
0
0
1
0
5187
0.1934
0.9805
0.0358
-0.0003
0.00
-0.19
-0.12
0.00
-0.01
0.00
0
0
1
0
5196
0.1934
0.9805
0.0358
-0.0003
0.00
-0.06
0.00
0.00
-0.02
0.00
0
0
1
0
5207
0.1934
0.9805
0.0358
-0.0003
-0.06
0.12
0.31
0.01
-0.01
0.00
0
0
1
0
5217
0.1934
0.9805
0.0358
-0.0003
-0.12
0.06
0.56
0.01
-0.03
-0.02
0
0
1
0
5227
0.1934
0.9805
0.0358
-0.0003
-0.19
0.31
0.69
0.04
-0.05
0.05
0
0
1
0
5237
0.1934
0.9805
0.0357
-0.0003
0.12
-0.12
0.12
0.02
-0.03
0.06
0
0
1
0
5246
0.1934
0.9805
0.0357
-0.0003
0.06
-0.19
-0.37
-0.01
-0.03
0.01
0
0
1
0
5257
0.1934
0.9805
0.0357
-0.0003
0.06
-0.37
-0.50
0.02
-0.02
-0.02
0
0
1
0
5267
0.1934
0.9805
0.0357
-0.0003
0.00
-0.37
-0.63
0.00
-0.01
-0.05
0
0
1
0
5276
0.1934
0.9805
0.0358
-0.0003
-0.19
-0.25
-0.56
-0.01
-0.03
0.02
0
0
1
0
5286
0.1934
0.9805
0.0358
-0.0003
-0.12
0.06
-0.19
0.00
-0.03
0.01
0
0
1
0
5297
0.1934
0.9805
0.0358
-0.0003
0.00
0.19
0.44
0.00
-0.01
-0.01
0
0
1
0
5307
0.1934
0.9805
0.0358
-0.0003
-0.12
0.19
0.88
0.02
-0.01
-0.01
0
0
1
0
5317
0.1934
0.9805
0.0357
-0.0002
-0.19
0.25
0.63
0.03
-0.02
-0.01
0
0
1
0
5326
0.1934
0.9805
0.0356
-0.0002
-0.12
0.12
0.69
0.01
-0.02
0.00
0
0
1
0
5337
0.1934
0.9805
0.0356
-0.0002
-0.19
0.00
0.06
0.02
-0.01
0.01
0
0
1
0
5347
0.1934
0.9805
0.0356
-0.0002
-0.12
-0.25
-0.56
0.01
-0.01
-0.01
0
0
1
0
5357
0.1934
0.9805
0.0356
-0.0002
0.06
-0.56
-0.69
0.00
-0.02
-0.02
0
0
1
0
5366
0.1934
0.9805
0.0356
-0.0002
0.06
-0.50
-0.63
0.01
-0.02
0.01
0
0
1
0
5377
0.1934
0.9805
0.0357
-0.0002
-0.06
-0.25
-0.69
0.00
0.00
-0.01
0
0
1
0
5387
0.1934
0.9805
0.0358
-0.0003
-0.12
0.00
0.25
0.00
-0.02
0.02
0
0
1
0
5397
0.1934
0.9805
0.0358
-0.0003
-0.06
0.12
0.94
0.03
0.01
-0.02
0
0
1
0
5406
0.1934
0.9805
0.0356
-0.0002
0.12
0.19
0.81
0.00
0.00
0.00
0
0
1
0
5416
0.1934
0.9805
0.0356
-0.0002
-0.31
0.06
0.31
0.02
-0.03
0.02
0
0
1
0
5427
0.1934
0.9805
0.0356
-0.0002
0.00
-0.06
0.06
0.01
0.00
0.00
0
0
1
0
5437
0.1934
0.9805
0.0356
-0.0002
0.12
-0.44
-0.06
0.02
-0.02
0.03
0
0
1
0
5446
0.1934
0.9805
0.0356
-0.0002
-0.12
-0.37
-0.44
0.00
-0.02
0.02
0
0
1
0
5456
0.1934
0.9805
0.0356
-0.0002
0.00
-0.19
-0.50
0.00
-0.02
-0.02
0
0
1
0
5467
0.1934
0.9805
0.0356
-0.0002
0.12
-0.25
0.06
0.00
-0.02
0.00
0
0
1
0
5477
0.1934
0.9805
0.0356
-0.0002
-0.12
-0.12
-0.12
0.00
-0.01
0.01
0
0
1
0
5487
0.1934
0.9805
0.0356
-0.0002
-0.25
0.00
-0.12
0.00
0.00
0.01
0
0
1
0
5496
0.1934
0.9805
0.0356
-0.0002
-0.06
-0.19
0.19
0.00
-0.02
0.00
0
0
1
0
5507
0.1934
0.9805
0.0356
-0.0002
0.06
-0.06
0.12
0.01
-0.01
-0.02
0
0
1
0
5517
0.1934
0.9805
0.0356
-0.0002
-0.12
-0.12
0.06
0.01
-0.01
0.00
0
0
1
0
5526
0.1934
0.9805
0.0356
-0.0002
0.06
-0.06
0.25
0.01
-0.01
0.03
0
0
1
0
5537
0.1934
0.9805
0.0356
-0.0002
-0.06
-0.12
0.25
0.02
-0.02
0.01
0
0
1
0
5547
0.1934
0.9805
0.0356
-0.0002
0.00
0.00
0.06
0.00
-0.03
0.00
0
0
1
0
5557
0.1934
0.9805
0.0356
-0.0002
-0.25
-0.25
-0.31
0.00
-0.01
0.01
0
0
1
0
5567
0.1934
0.9805
0.0356
-0.0002
0.00
-0.19
-0.25
0.00
-0.03
-0.01
0
0
1
0
5576
0.1934
0.9805
0.0356
-0.0002
-0.06
-0.37
-0.12
0.00
-0.03
0.00
0
0
1
0
5586
0.1934
0.9805
0.0356
-0.0002
0.06
-0.19
-0.06
0.00
-0.02
-0.01
0
0
1
0
5597
0.1934
0.9805
0.0356
-0.0002
-0.19
0.00
0.19
0.01
-0.03
-0.01
0
0
1
0
5607
0.1934
0.9805
0.0356
-0.0002
-0.25
0.00
0.25
0.01
-0.01
0.00
0
0
1
0
5616
0.1934
0.9805
0.0356
-0.0002
-0.06
-0.12
0.06
0.00
0.00
0.00
0
0
1
0
5626
0.1934
0.9805
0.0356
-0.0002
-0.19
0.00
-0.19
0.01
0.00
0.00
0
0
1
0
5637
0.1934
0.9805
0.0356
-0.0002
-0.06
-0.19
-0.31
0.00
-0.02
0.04
0
0
1
0
5647
0.1934
0.9805
0.0356
-0.0002
0.06
-0.06
-0.31
0.02
-0.03
0.00
0
0
1
0
5657
0.1934
0.9805
0.0356
-0.0002
-0.06
-0.19
-0.06
0.00
-0.02
0.00
0
0
1
0
5666
0.1934
0.9805
0.0356
-0.0002
0.00
0.00
0.06
0.00
-0.01
0.00
0
0
1
0
5677
0.1934
0.9805
0.0356
-0.0002
-0.12
0.06
0.50
0.00
-0.02
0.01
0
0
1
0
5687
0.1934
0.9805
0.0356
-0.0002
-0.06
0.06
0.69
0.01
-0.01
0.03
0
0
1
0
5697
0.1934
0.9805
0.0355
-0.0002
0.00
0.06
0.56
0.03
0.00
0.00
0
0
1
0
5706
0.1934
0.9805
0.0355
-0.0002
-0.06
-0.19
0.19
0.01
-0.02
-0.01
0
0
1
0
5716
0.1934
0.9805
0.0355
-0.0002
-0.06
-0.37
-0.50
0.01
-0.02
0.02
0
0
1
0
5727
0.1934
0.9805
0.0355
-0.0002
0.12
-0.56
-0.69
0.00
0.00
0.01
0
0
1
0
5737
0.1934
0.9805
0.0356
-0.0002
0.12
-0.44
-0.56
0.00
-0.01
0.02
0
0
1
0
5746
0.1934
0.9805
0.0356
-0.0002
-0.19
-0.12
-0.06
0.00
-0.01
0.04
0
0
1
0
5756
0.1934
0.9805
0.0356
-0.0002
0.00
0.06
0.44
0.00
-0.02
-0.01
0
0
1
0
5767
0.1934
0.9805
0.0356
-0.0002
0.06
0.19
0.63
0.00
-0.03
0.01
0
0
1
0
5777
0.1934
0.9805
0.0355
-0.0002
-0.06
0.12
0.75
0.01
-0.02
0.01
0
0
1
0
5787
0.1934
0.9805
0.0355
-0.0002
-0.06
-0.06
0.25
0.01
-0.02
0.03
0
0
1
0
5796
0.1934
0.9805
0.0355
-0.0002
-0.12
-0.19
-0.25
0.00
-0.03
0.01
0
0
1
0
5807
0.1934
0.9805
0.0355
-0.0002
0.06
-0.44
-0.63
0.00
-0.01
0.00
0
0
1
0
5817
0.1934
0.9805
0.0355
-0.0002
0.06
-0.31
-0.44
0.00
0.00
0.02
0
0
1
0
5827
0.1934
0.9805
0.0355
-0.0002
0.12
-0.19
-0.19
0.00
-0.03
0.01
0
0
1
0
5836
0.1934
0.9805
0.0355
-0.0002
0.00
-0.06
0.12
0.00
0.01
0.00
0
0
1
0
5847
0.1934
0.9805
0.0355
-0.0002
-0.12
0.06
0.50
0.01
-0.01
0.00
0
0
1
0
5857
0.1934
0.9805
0.0355
-0.0002
-0.12
0.12
0.44
0.00
0.00
-0.02
0
0
1
0
5866
0.1934
0.9805
0.0355
-0.0002
-0.12
0.06
0.31
0.01
0.00
0.01
0
0
1
0
5876
0.1934
0.9805
0.0355
-0.0002
-0.06
-0.06
0.19
0.01
-0.03
0.01
0
0
1
0
5886
0.1934
0.9805
0.0355
-0.0002
-0.12
-0.31
-0.19
0.00
-0.03
0.00
0
0
1
0
5897
0.1934
0.9805
0.0355
-0.0002
-0.06
-0.31
-0.44
0.01
-0.02
-0.01
0
0
1
0
5907
0.1934
0.9805
0.0355
-0.0002
-0.06
-0.37
-0.50
0.00
-0.03
0.00
0
0
1
0
5916
0.1934
0.9805
0.0355
-0.0002
-0.06
-0.12
-0.12
0.01
0.00
-0.01
0
0
1
0
5926
0.1934
0.9805
0.0355
-0.0002
-0.06
0.00
0.37
0.00
-0.01
0.03
0
0
1
0
5937
0.1934
0.9805
0.0355
-0.0002
-0.12
0.06
0.44
0.00
-0.01
0.03
0
0
1
0
5947
0.1934
0.9805
0.0355
-0.0002
-0.06
0.00
0.37
0.01
-0.04
0.00
0
0
1
0
5956
0.1934
0.9805
0.0355
-0.0002
0.00
-0.19
0.12
0.00
-0.02
0.00
0
0
1
0
5966
0.1934
0.9805
0.0355
-0.0002
0.00
0.00
-0.25
0.01
0.00
0.01
0
0
1
0
5977
0.1934
0.9805
0.0355
-0.0002
-0.06
0.00
-0.44
0.01
0.00
0.00
0
0
1
0
5987
0.1934
0.9805
0.0355
-0.0002
-0.06
-0.25
-0.37
0.01
-0.01
0.00
0
0
1
0
5996
0.1934
0.9805
0.0355
-0.0002
0.00
-0.06
0.00
0.00
-0.02
0.02
0
0
1
0
6006
0.1934
0.9805
0.0355
-0.0002
0.00
-0.12
0.25
0.00
0.00
0.00
0
0
1
0
6017
0.1934
0.9805
0.0355
-0.0002
0.00
-0.31
0.37
0.01
-0.02
0.01
0
0
1
0
6027
0.1934
0.9805
0.0355
-0.0002
-0.06
-0.19
0.19
0.00
-0.01
0.01
0
0
1
0
6037
0.1934
0.9805
0.0355
-0.0002
-0.06
0.06
0.00
0.00
-0.02
0.00
0
0
1
0
6046
0.1934
0.9805
0.0355
-0.0002
-0.06
-0.25
-0.06
0.01
-0.01
0.01
0
0
1
0
6056
0.1934
0.9805
0.0355
-0.0002
-0.12
-0.19
0.00
0.01
-0.01
-0.03
0
0
1
0
6067
0.1934
0.9805
0.0355
-0.0002
0.12
0.06
-0.06
0.01
-0.02
-0.01
0
0
1
0
6077
0.1934
0.9805
0.0355
-0.0002
0.00
-0.25
0.00
0.01
-0.02
0.00
0
0
1
0
6087
0.1934
0.9805
0.0355
-0.0002
0.00
-0.12
0.06
0.00
-0.03
0.01
0
0
1
0
6096
0.1934
0.9805
0.0355
-0.0002
0.00
-0.06
0.00
0.00
-0.01
-0.01
0
0
1
0
6107
0.1934
0.9805
0.0355
-0.0002
0.00
-0.06
-0.06
0.00
-0.02
-0.01
0
0
1
0
6117
0.1934
0.9805
0.0355
-0.0002
-0.12
-0.12
-0.19
0.00
0.00
0.00
0
0
1
0
6126
0.1934
0.9805
0.0355
-0.0002
-0.06
-0.19
-0.12
0.00
-0.01
0.02
0
0
1
0
6136
0.1934
0.9805
0.0355
-0.0002
-0.06
-0.25
0.00
0.00
-0.03
0.00
0
0
1
0
6147
0.1934
0.9805
0.0355
-0.0002
0.00
-0.06
0.00
0.00
-0.02
0.01
0
0
1
0
6157
0.1934
0.9805
0.0355
-0.0002
0.12
0.00
0.19
0.00
-0.02
-0.03
0
0
1
0
6167
0.1934
0.9805
0.0355
-0.0002
0.00
0.06
0.12
0.03
-0.01
0.01
0
0
1
0
6176
0.1934
0.9805
0.0355
-0.0002
0.00
-0.12
0.25
0.01
-0.02
0.04
0
0
1
0
6187
0.1934
0.9805
0.0355
-0.0002
-0.06
0.00
-0.06
0.02
0.00
0.00
0
0
1
0
6197
0.1934
0.9805
0.0355
-0.0002
-0.06
-0.06
-0.12
0.00
-0.01
0.03
0
0
1
0
6207
0.1934
0.9805
0.0355
-0.0002
0.12
-0.19
-0.06
0.00
0.00
-0.03
0
0
1
0
6216
0.1934
0.9805
0.0355
-0.0002
0.06
-0.37
-0.06
0.00
-0.03
0.00
0
0
1
0
6226
0.1934
0.9805
0.0355
-0.0002
-0.06
-0.25
0.00
0.01
-0.03
0.00
0
0
1
0
6237
0.1934
0.9805
0.0355
-0.0002
-0.12
-0.12
0.06
0.00
-0.02
0.01
0
0
1
0
6247
0.1934
0.9805
0.0355
-0.0002
0.00
0.12
0.12
0.01
-0.03
-0.02
0
0
1
0
6256
0.1934
0.9805
0.0355
-0.0002
-0.12
0.06
0.19
0.00
-0.02
0.00
0
0
1
0
6266
0.1934
0.9805
0.0355
-0.0002
0.00
0.12
0.12
0.01
-0.03
-0.01
0
0
1
0
6277
0.1934
0.9805
0.0355
-0.0002
-0.06
0.00
0.19
0.01
-0.02
0.00
0
0
1
0
6287
0.1934
0.9805
0.0355
-0.0002
-0.06
-0.25
0.06
0.01
-0.01
0.01
0
0
1
0
6296
0.1934
0.9805
0.0355
-0.0002
0.06
-0.25
-0.19
0.00
-0.03
0.02
0
0
1
0
6306
0.1934
0.9805
0.0355
-0.0002
-0.19
-0.25
-0.12
0.00
-0.03
-0.02
0
0
1
0
6317
0.1934
0.9805
0.0355
-0.0002
-0.12
0.00
-0.25
0.00
-0.01
-0.02
0
0
1
0
6327
0.1934
0.9805
0.0355
-0.0002
-0.19
0.00
0.06
0.01
-0.01
0.03
0
0
1
0
6337
0.1934
0.9805
0.0355
-0.0002
-0.06
0.12
0.19
0.01
-0.01
-0.01
0
0
1
0
6346
0.1934
0.9805
0.0355
-0.0002
-0.06
0.06
0.19
0.01
0.00
0.03
0
0
1
0
6356
0.1934
0.9805
0.0355
-0.0002
0.00
-0.12
0.25
0.01
-0.02
0.00
0
0
1
0
6367
0.1934
0.9805
0.0355
-0.0002
-0.06
-0.37
0.06
0.00
-0.02
0.01
0
0
1
0
6376
0.1934
0.9805
0.0355
-0.0002
0.00
-0.19
-0.12
0.00
-0.01
0.02
0
0
1
0
6386
0.1934
0.9805
0.0355
-0.0002
0.00
-0.19
-0.06
0.01
-0.01
0.03
0
0
1
0
6396
0.1934
0.9805
0.0355
-0.0002
0.06
-0.06
0.12
0.01
-0.03
-0.01
0
0
1
0
6407
0.1934
0.9805
0.0355
-0.0002
-0.06
0.00
0.06
0.00
-0.01
0.00
0
0
1
0
6416
0.1934
0.9805
0.0355
-0.0002
-0.06
0.12
0.19
0.01
-0.02
0.02
0
0
1
0
6426
0.1934
0.9805
0.0355
-0.0002
0.00
0.00
0.12
0.00
-0.03
0.00
0
0
1
0
6436
0.1934
0.9805
0.0355
-0.0002
0.12
0.00
0.00
0.00
-0.02
0.03
0
0
1
0
6447
0.1934
0.9805
0.0355
-0.0002
-0.06
0.00
-0.31
0.00
-0.03
0.01
0
0
1
0
6457
0.1934
0.9805
0.0355
-0.0002
-0.12
-0.31
-0.25
0.00
-0.03
0.00
0
0
1
0
6466
0.1934
0.9805
0.0355
-0.0002
0.06
-0.37
-0.19
0.00
0.00
0.00
0
0
1
0
6476
0.1934
0.9805
0.0355
-0.0002
-0.06
0.00
0.06
0.01
-0.03
0.01
0
0
1
0
6487
0.1934
0.9805
0.0355
-0.0002
0.00
0.06
0.37
0.01
-0.04
0.04
0
0
1
0
6497
0.1934
0.9805
0.0355
-0.0002
-0.12
0.31
0.69
0.01
-0.03
0.00
0
0
1
0
6506
0.1934
-0.0001
-0.0001
-0.0001
-0.12
0.06
0.56
0.00
-0.01
0.00
0
0
1
0
6516
0.1934
0.9805
0.0355
-0.0002
-0.12
0.06
0.25
0.00
-0.02
0.00
0
0
1
0
6526
0.1934
0.9805
0.0355
-0.0002
-0.12
-0.19
-0.19
0.00
-0.01
0.00
0
0
1
0
6537
0.1934
0.9805
0.0355
-0.0002
-0.12
-0.25
-0.50
0.00
-0.01
0.01
0
0
1
0
6546
0.1934
0.9805
0.0355
-0.0002
0.06
-0.37
-0.63
0.00
-0.02
0.00
0
0
1
0
6556
0.1934
0.9805
0.0355
-0.0002
0.06
-0.19
-0.37
0.00
-0.02
0.00
0
0
1
0
6566
0.1934
0.9805
0.0355
-0.0002
0.00
-0.12
-0.19
0.00
-0.02
0.00
0
0
1
0
6577
0.1934
0.9805
0.0355
-0.0002
-0.06
-0.06
0.19
0.00
-0.02
0.00
0
0
1
0
6587
0.1934
0.9805
0.0355
-0.0002
0.00
0.00
0.44
0.00
-0.01
0.00
0
0
1
0
6596
0.1934
0.9805
0.0355
-0.0002
-0.12
0.19
0.63
0.00
-0.03
0.00
0
0
1
0
6606
0.1934
0.9805
0.0355
-0.0002
0.06
-0.19
0.44
0.01
-0.03
0.01
0
0
1
0
6617
0.1934
0.9805
0.0355
-0.0002
-0.06
0.12
0.37
0.00
-0.03
0.00
0
0
1
0
6627
0.1934
0.9805
0.0355
-0.0002
-0.06
0.00
-0.12
0.02
-0.03
0.03
0
0
1
0
6636
0.1934
0.9805
0.0355
-0.0002
0.06
-0.31
-0.12
0.00
0.00
0.04
0
0
1
0
6646
0.1934
0.9805
0.0355
-0.0002
0.00
-0.19
-0.37
0.00
0.01
-0.01
0
0
1
0
6657
0.1934
0.9805
0.0355
-0.0002
0.00
-0.12
-0.19
0.00
-0.03
0.00
0
0
1
0
6667
0.1934
0.9805
0.0355
-0.0002
0.12
-0.25
-0.31
0.00
-0.01
0.02
0
0
1
0
6676
0.1934
0.9805
0.0355
-0.0002
0.06
-0.12
-0.12
0.00
-0.02
0.00
0
0
1
0
6686
0.1934
0.9805
0.0355
-0.0002
-0.19
0.00
0.00
0.00
-0.01
0.02
0
0
1
0
6696
0.1934
0.9805
0.0355
-0.0002
-0.06
0.00
0.19
0.01
-0.01
0.00
0
0
1
0
6707
0.1934
0.9805
0.0355
-0.0002
0.06
0.06
0.31
0.01
-0.01
-0.02
0
0
1
0
6716
0.1934
0.9805
0.0355
-0.0002
-0.12
0.00
0.31
0.00
0.00
0.00
0
0
1
0
6726
0.1934
0.9805
0.0355
-0.0002
-0.19
-0.12
0.31
0.00
-0.01
0.03
0
0
1
0
6736
0.1934
0.9805
0.0355
-0.0002
-0.06
0.06
0.12
0.00
-0.02
0.01
0
0
1
0
6747
0.1934
0.9805
0.0355
-0.0002
-0.06
-0.19
0.06
0.00
-0.01
-0.02
0
0
1
0
6756
0.1934
0.9805
0.0355
-0.0002
0.00
-0.25
-0.31
-0.01
-0.02
0.00
0
0
1
0
6766
0.1934
0.9805
0.0355
-0.0002
0.00
-0.12
-0.37
0.00
-0.01
0.01
0
0
1
0
6776
0.1934
0.9805
0.0355
-0.0002
0.00
-0.19
-0.31
0.00
-0.02
0.00
0
0
1
0
6787
0.1934
0.9805
0.0355
-0.0002
-0.06
-0.37
-0.12
-0.01
-0.01
0.04
0
0
1
0
6797
0.1934
0.9805
0.0355
-0.0002
0.00
0.19
0.12
0.01
-0.03
0.00
0
0
1
0
6806
0.1934
0.9805
0.0355
-0.0002
0.00
0.12
0.19
0.00
-0.02
0.00
0
0
1
0
6816
0.1934
0.9805
0.0355
-0.0002
0.06
0.06
0.37
0.00
0.00
-0.02
0
0
1
0
6827
0.1934
0.9805
0.0355
-0.0002
-0.12
0.00
0.37
0.01
0.00
0.02
0
0
1
0
6837
0.1934
0.9805
0.0355
-0.0002
-0.12
-0.12
0.19
0.01
-0.01
0.00
0
0
1
0
6846
0.1934
0.9805
0.0355
-0.0002
-0.12
0.00
-0.12
0.00
-0.01
0.00
0
0
1
0
6856
0.1934
0.9805
0.0355
-0.0002
-0.06
-0.06
-0.19
0.00
-0.02
-0.02
0
0
1
0
6866
0.1934
0.9805
0.0355
-0.0002
-0.06
-0.12
-0.25
0.02
-0.01
0.00
0
0
1
0
6877
0.1934
0.9805
0.0355
-0.0002
-0.06
-0.19
-0.19
0.00
-0.01
0.01
0
0
1
0
6887
0.1934
0.9805
0.0355
-0.0002
-0.06
-0.12
-0.12
0.00
-0.02
0.00
0
0
1
0
6896
0.1934
0.9805
0.0355
-0.0002
-0.06
-0.12
-0.12
0.00
-0.01
0.01
0
0
1
0
6906
0.1934
0.9805
0.0355
-0.0002
0.00
0.06
0.00
-0.01
0.00
-0.02
0
0
1
0
6917
0.1934
0.9805
0.0355
-0.0002
-0.06
-0.31
-0.12
0.00
0.00
0.01
0
0
1
0
6926
0.1934
0.9805
0.0355
-0.0002
0.06
-0.12
0.19
0.01
-0.03
0.00
0
0
1
0
6937
0.1934
0.9805
0.0355
-0.0002
-0.12
-0.06
0.25
0.00
-0.02
0.03
0
0
1
0
6946
0.1934
0.9805
0.0355
-0.0002
-0.06
0.19
0.44
0.00
-0.03
0.01
0
0
1
0
6957
0.1934
0.9805
0.0355
-0.0002
0.00
-0.06
0.50
0.00
-0.01
0.00
0
0
1
0
6967
0.1934
0.9805
0.0355
-0.0002
0.00
-0.12
0.25
0.01
-0.03
0.00
0
0
1
0
6976
0.1934
0.9805
0.0355
-0.0002
-0.25
0.06
0.12
0.03
-0.04
0.00
0
0
1
0
6986
0.1934
0.9805
0.0355
-0.0002
0.00
0.00
-0.12
0.00
-0.01
0.02
0
0
1
0
6996
0.1934
0.9805
0.0355
-0.0002
-0.06
-0.25
-0.25
0.00
0.00
0.00
0
0
1
0
7007
0.1934
0.9805
0.0355
-0.0002
0.06
-0.12
-0.37
0.00
-0.03
0.01
0
0
1
0
7016
0.1934
0.9805
0.0355
-0.0002
0.06
-0.31
-0.31
0.00
-0.02
-0.03
0
0
1
0
7026
0.1934
0.9805
0.0355
-0.0002
-0.06
-0.19
-0.12
-0.01
-0.03
0.03
0
0
1
0
7036
0.1934
0.9805
0.0355
-0.0002
0.00
0.00
0.12
0.00
-0.01
0.00
0
0
1
0
7047
0.1934
0.9805
0.0355
-0.0002
-0.12
-0.12
0.31
0.00
-0.02
0.03
0
0
1
0
7056
0.1934
0.9805
0.0355
-0.0002
0.06
-0.12
0.25
0.00
-0.03
0.04
0
0
1
0
7066
0.1934
0.9805
0.0355
-0.0002
0.00
0.06
0.37
0.00
-0.01
0.00
0
0
1
0
7076
0.1934
0.9805
0.0355
-0.0002
-0.19
-0.06
0.06
0.02
0.00
0.01
0
0
1
0
7087
0.1934
0.9805
0.0355
-0.0002
-0.12
-0.06
0.00
0.01
-0.03
0.00
0
0
1
0
7096
0.1934
0.9805
0.0355
-0.0002
-0.12
0.12
-0.06
0.00
-0.01
0.03
0
0
1
0
7106
0.1934
0.9805
0.0355
-0.0002
-0.12
-0.31
-0.12
0.00
-0.01
-0.02
0
0
1
0
7116
0.1934
0.9805
0.0355
-0.0002
0.06
-0.31
-0.31
0.00
-0.01
-0.01
0
0
1
0
7127
0.1934
0.9805
0.0355
-0.0002
0.00
0.06
0.00
0.00
-0.02
0.01
0
0
1
0
7137
0.1934
0.9805
0.0355
-0.0002
0.00
0.06
