0.00
0.00
0.02
0
3
1
0
5583
0.1307
0.9870
-0.0938
0.0000
0.00
0.19
0.00
-0.01
0.01
0.00
0
3
1
0
5594
0.1307
0.9870
-0.0938
0.0000
-0.12
0.12
-0.12
-0.04
-0.02
0.07
0
3
1
0
5604
0.1307
0.9870
-0.0938
0.0000
0.06
-0.12
0.00
0.00
0.00
-0.06
0
3
1
0
5614
0.1307
0.9870
-0.0938
0.0000
0.06
0.00
0.19
-0.03
0.03
0.01
0
3
1
0
5624
0.1307
0.9870
-0.0938
0.0000
0.19
0.00
-0.19
-0.01
-0.01
0.03
0
3
1
0
5634
0.1307
0.9870
-0.0938
0.0000
0.00
0.37
-0.12
-0.03
0.00
0.01
0
3
1
0
5644
0.1307
0.9870
-0.0938
0.0000
0.06
0.37
-0.06
-0.01
0.00
0.00
0
3
1
0
5654
0.1307
0.9870
-0.0938
0.0000
-0.12
0.00
-0.06
-0.01
-0.01
0.02
0
3
1
0
5664
0.1307
0.9870
-0.0938
0.0000
-0.12
-0.19
0.12
0.00
-0.01
0.00
0
3
1
0
5673
0.1307
0.9870
-0.0938
0.0000
0.00
0.06
0.00
0.00
0.01
0.02
0
3
1
0
5684
0.1307
0.9870
-0.0938
0.0000
0.00
0.19
-0.12
-0.01
0.00
0.01
0
3
1
0
5694
0.1307
0.9870
-0.0938
0.0000
-0.12
0.12
-0.12
-0.02
-0.02
-0.01
0
3
1
0
5703
0.1307
0.9870
-0.0938
0.0000
0.06
-0.12
0.00
0.00
0.00
0.02
0
3
1
0
5713
0.1307
0.9870
-0.0938
0.0000
-0.06
-0.31
0.12
0.00
0.01
0.01
0
3
1
0
5724
0.1307
0.9870
-0.0938
0.0000
-0.12
-0.06
-0.12
-0.02
0.01
0.03
0
3
1
0
5734
0.1307
0.9870
-0.0938
0.0000
0.06
0.12
-0.06
0.00
0.00
0.00
0
3
1
0
5743
0.1307
0.9870
-0.0938
0.0000
0.19
0.06
0.37
0.03
-0.03
0.02
0
3
1
0
5753
0.1307
0.9870
-0.0938
0.0000
0.00
0.31
-0.50
-0.01
0.00
0.04
0
3
1
0
5764
0.1307
0.9870
-0.0938
0.0000
-0.06
0.19
-0.19
-0.03
0.00
-0.02
0
3
1
0
5774
0.1307
0.9870
-0.0938
0.0000
0.00
-0.12
0.25
-0.02
0.00
0.02
0
3
1
0
5783
0.1307
0.9870
-0.0938
0.0000
-0.06
-0.06
0.00
-0.03
-0.01
0.01
0
3
1
0
5793
0.1307
0.9870
-0.0938
0.0000
-0.06
0.19
0.12
0.00
0.00
0.00
0
3
1
0
5804
0.1307
0.9870
-0.0938
0.0000
0.06
0.12
-0.19
0.00
0.00
0.00
0
3
1
0
5814
0.1307
0.9870
-0.0938
0.0000
0.06
0.06
0.00
-0.01
0.00
0.02
0
3
1
0
5824
0.1307
0.9870
-0.0938
0.0000
-0.06
-0.06
0.06
0.01
0.00
0.04
0
3
1
0
5833
0.1307
0.9870
-0.0938
0.0000
-0.12
-0.12
-0.25
-0.02
0.00
0.02
0
3
1
0
5843
0.1307
0.9870
-0.0938
0.0000
0.06
-0.12
-0.06
0.00
0.00
0.00
0
3
1
0
5854
0.1307
0.9870
-0.0938
0.0000
0.06
0.12
-0.06
0.00
-0.01
0.02
0
3
1
0
5863
0.1307
0.9870
-0.0938
0.0000
0.06
0.12
-0.06
0.00
-0.01
0.01
0
3
1
0
5873
0.1307
0.9870
-0.0938
0.0000
-0.12
-0.12
0.12
0.01
0.00
0.04
0
3
1
0
5883
0.1307
0.9870
-0.0938
0.0000
-0.12
0.00
-0.06
-0.03
-0.01
0.00
0
3
1
0
5894
0.1307
0.9870
-0.0938
0.0000
0.00
-0.25
0.00
-0.01
0.00
0.00
0
3
1
0
5903
0.1307
0.9870
-0.0938
0.0000
0.06
0.19
-0.06
0.01
0.02
0.01
0
3
1
0
5913
0.1307
0.9870
-0.0938
0.0000
0.00
-0.06
-0.12
0.00
0.00
0.02
0
3
1
0
5923
0.1307
0.9870
-0.0938
0.0000
-0.06
-0.25
0.06
0.00
0.00
0.00
0
3
1
0
5934
0.1307
0.9870
-0.0938
0.0000
0.00
0.00
-0.06
0.01
-0.01
0.01
0
3
1
0
5943
0.1307
0.9870
-0.0938
0.0000
0.06
-0.19
-0.06
0.00
0.00
-0.01
0
3
1
0
5953
0.1307
0.9870
-0.0938
0.0000
0.00
0.06
-0.12
0.00
0.01
0.02
0
3
1
0
5963
0.1307
0.9870
-0.0938
0.0000
0.00
-0.12
0.00
-0.02
-0.02
0.01
0
3
1
0
5974
0.1307
0.9870
-0.0938
0.0000
0.00
-0.06
0.12
0.00
0.01
0.00
0
3
1
0
5983
0.1307
0.9870
-0.0938
0.0000
0.06
0.12
-0.19
0.00
0.00
0.01
0
3
1
0
5993
0.1307
0.9870
-0.0938
0.0000
-0.12
0.12
-0.19
-0.01
0.00
0.03
0
3
1
0
6003
0.1307
0.9870
-0.0938
0.0000
-0.06
0.06
0.00
0.00
0.00
0.04
0
3
1
0
6013
0.1307
0.9870
-0.0938
0.0000
-0.06
-0.12
0.00
-0.01
0.00
0.02
0
3
1
0
6024
0.1307
0.9870
-0.0938
0.0000
0.00
-0.06
0.00
0.00
0.01
0.01
0
3
1
0
6033
0.1307
0.9870
-0.0938
0.0000
0.00
-0.06
0.00
-0.01
-0.01
0.02
0
3
1
0
6043
0.1307
0.9870
-0.0938
0.0000
0.00
0.00
0.00
0.00
0.00
0.02
0
3
1
0
6053
0.1307
0.9870
-0.0938
0.0000
0.00
-0.06
-0.12
0.00
0.00
0.02
0
3
1
0
6063
0.1307
0.9870
-0.0938
0.0000
-0.12
-0.06
-0.06
0.03
0.00
0.01
0
3
1
0
6073
0.1307
0.9870
-0.0938
0.0000
0.00
0.00
-0.06
-0.01
0.00
0.01
0
3
1
0
6083
0.1307
0.9870
-0.0938
0.0000
0.00
0.06
0.12
0.00
0.00
0.01
0
3
1
0
6093
0.1307
0.9870
-0.0938
0.0000
-0.06
0.06
0.06
0.00
-0.01
-0.01
0
3
1
0
6104
0.1307
0.9870
-0.0938
0.0000
-0.06
0.00
-0.06
0.00
0.00
0.00
0
3
1
0
6113
0.1307
0.9870
-0.0938
0.0000
-0.12
0.06
0.00
0.00
0.01
0.01
0
3
1
0
6123
0.1307
0.9870
-0.0938
0.0000
0.06
0.12
-0.06
-0.01
0.00
0.01
0
3
1
0
6133
0.1307
0.9870
-0.0156
-0.0001
0.06
-0.06
0.00
-0.01
0.00
0.03
0
3
1
0
6144
0.1307
0.9870
-0.0938
0.0000
-0.06
-0.12
-0.06
0.00
0.00
-0.01
0
3
1
0
6153
0.1307
0.9870
-0.0938
0.0000
0.19
0.06
0.00
-0.01
-0.01
0.02
0
3
1
0
6163
0.1307
0.9870
-0.0938
0.0000
0.00
0.00
0.00
-0.01
0.00
0.02
0
3
1
0
6173
0.1307
0.9870
-0.0938
0.0000
0.00
-0.06
-0.06
-0.01
0.00
0.01
0
3
1
0
6183
0.1307
0.9870
-0.0938
0.0000
0.00
-0.19
-0.06
0.00
0.00
0.00
0
3
1
0
6193
0.1307
0.9870
-0.0938
0.0000
0.00
-0.25
-0.06
-0.02
0.00
0.00
0
3
1
0
6203
0.1307
0.9870
-0.0938
0.0000
0.12
0.00
-0.06
-0.01
0.00
0.01
0
3
1
0
6213
0.1307
0.9870
-0.0938
0.0000
0.06
0.06
-0.06
-0.02
0.01
0.02
0
3
1
0
6223
0.1307
0.9870
-0.0938
0.0000
0.00
0.00
0.00
0.00
0.00
0.02
0
3
1
0
6233
0.1307
0.9870
-0.0938
0.0000
-0.06
0.00
0.19
-0.01
0.00
0.02
0
3
1
0
6243
0.1307
0.9870
-0.0938
0.0000
-0.06
-0.06
0.12
0.00
0.00
0.01
0
3
1
0
6253
0.1307
0.9870
-0.0938
0.0000
-0.06
-0.19
-0.12
-0.01
-0.02
0.02
0
3
1
0
6263
0.1307
0.9870
-0.0938
0.0000
0.06
-0.06
-0.06
0.00
0.00
0.03
0
3
1
0
6273
0.1307
0.9870
-0.0938
0.0000
0.06
0.00
0.00
0.00
0.00
0.00
0
3
1
0
6283
0.1307
0.9870
-0.0938
0.0000
0.00
0.06
-0.06
0.00
0.00
0.02
0
3
1
0
6293
0.1307
0.9870
-0.0938
0.0000
0.06
0.06
0.00
0.00
-0.01
0.00
0
3
1
0
6303
0.1307
0.9870
-0.0938
0.0000
0.00
0.06
-0.06
0.01
0.00
0.01
0
3
1
0
6312
0.1307
0.9870
-0.0938
0.0000
0.00
-0.06
-0.12
-0.02
0.01
0.02
0
3
1
0
6323
0.1307
0.9870
-0.0938
0.0000
-0.06
-0.12
0.00
0.00
0.01
0.01
0
3
1
0
6333
0.1307
0.9870
-0.0938
0.0000
0.00
-0.06
-0.06
-0.01
-0.01
0.02
0
3
1
0
6343
0.1307
0.9870
-0.0938
0.0000
0.00
0.00
0.00
0.00
-0.02
0.00
0
3
1
0
6352
0.1307
0.9870
-0.0938
0.0000
0.12
0.06
-0.12
-0.01
0.00
0.02
0
3
1
0
6363
0.1307
0.9870
-0.0938
0.0000
0.12
-0.06
0.06
0.00
0.00
0.02
0
3
1
0
6373
0.1307
0.9870
-0.0938
0.0000
0.00
-0.06
-0.12
-0.02
0.00
0.02
0
3
1
0
6383
0.1307
0.9870
-0.0938
0.0000
0.00
-0.06
-0.06
-0.03
0.00
0.04
0
3
1
0
6392
0.1307
0.9870
-0.0938
0.0000
0.00
-0.06
0.00
-0.01
0.01
-0.03
0
3
1
0
6403
0.1307
0.9870
-0.0938
0.0000
0.00
0.00
-0.06
0.00
0.00
0.01
0
3
1
0
6413
0.1307
0.9870
-0.0938
0.0000
0.06
0.06
-0.12
0.01
0.00
0.03
0
3
1
0
6423
0.1307
0.9870
-0.0938
0.0000
0.12
0.00
0.00
-0.02
0.00
0.03
0
3
1
0
6432
0.1307
0.9870
-0.0938
0.0000
0.00
-0.12
0.00
0.00
0.00
0.02
0
3
1
0
6443
0.1307
0.9870
-0.0938
0.0000
0.00
-0.06
0.06
0.00
0.01
0.00
0
3
1
0
6453
0.1307
0.9870
-0.0938
0.0000
0.12
-0.12
-0.06
-0.01
-0.02
0.02
0
3
1
0
6463
0.1307
0.9870
-0.0938
0.0000
0.06
-0.12
-0.12
-0.01
0.00
0.02
0
3
1
0
6473
0.1307
0.9870
-0.0938
0.0000
0.06
0.06
0.00
-0.02
0.00
0.02
0
3
1
0
6482
0.1307
0.9870
-0.0938
0.0000
-0.12
0.06
-0.12
-0.01
-0.01
0.02
0
3
1
0
6493
0.1307
0.9870
-0.0938
0.0000
0.06
0.00
-0.12
-0.02
0.00
0.00
0
3
1
0
6503
0.1307
0.9870
-0.0938
0.0000
0.12
0.00
-0.06
-0.01
0.00
-0.02
0
3
1
0
6512
0.1307
0.9870
-0.0938
0.0000
-0.19
0.00
0.00
0.00
0.00
0.02
0
3
1
0
6522
0.1307
0.9870
-0.0938
0.0000
-0.06
0.06
-0.12
-0.01
0.00
0.00
0
3
1
0
6533
0.1307
0.9870
-0.0938
0.0000
-0.12
-0.19
0.06
0.00
0.00
0.00
0
3
1
0
6543
0.1307
0.9870
-0.0938
0.0000
0.00
-0.12
-0.06
0.00
0.00
0.02
0
3
1
0
6552
0.1307
0.9870
-0.0938
0.0000
-0.12
-0.06
0.00
0.01
0.00
0.00
0
3
1
0
6562
0.1307
0.9870
-0.0938
0.0000
0.00
0.00
-0.06
-0.02
-0.01
0.04
0
3
1
0
6573
0.1307
0.9870
-0.0938
0.0000
0.06
-0.25
0.00
-0.02
0.00
0.02
0
3
1
0
6583
0.1307
0.9870
-0.0938
0.0000
0.06
-0.19
0.06
0.00
0.01
0.00
0
3
1
0
6592
0.1307
0.9870
-0.0938
0.0000
0.12
0.12
-0.06
-0.01
0.00
0.01
0
3
1
0
6602
0.1307
0.9870
-0.0938
0.0000
0.00
0.00
-0.12
-0.02
0.00
0.00
0
3
1
0
6612
0.1307
0.9870
-0.0938
0.0000
0.00
0.06
0.00
-0.01
0.00
0.01
0
3
1
0
6623
0.1307
0.9870
-0.0938
0.0000
-0.06
0.00
0.00
0.00
0.00
0.01
0
3
1
0
6632
0.1307
0.9870
-0.0938
0.0000
-0.06
0.12
-0.25
0.00
0.00
0.02
0
3
1
0
6642
0.1307
0.9870
-0.0938
0.0000
0.00
-0.06
-0.06
-0.02
0.00
0.02
0
3
1
0
6652
0.1307
0.9870
-0.0938
0.0000
0.00
0.00
0.00
-0.01
0.01
0.02
0
3
1
0
6663
0.1307
0.9870
-0.0938
0.0000
0.06
-0.12
-0.12
0.00
0.00
0.04
0
3
1
0
6673
0.1307
0.9870
-0.0938
0.0000
0.06
-0.12
-0.12
-0.03
0.00
0.02
0
3
1
0
6682
0.1307
0.9870
-0.0938
0.0000
0.06
0.00
-0.12
-0.02
0.00
0.03
0
3
1
0
6692
0.1307
0.9870
-0.0938
0.0000
0.00
0.19
-0.06
-0.01
-0.01
0.00
0
3
1
0
6703
0.1307
0.9870
-0.0938
0.0000
0.00
0.00
-0.12
0.00
0.01
0.00
0
3
1
0
6712
0.1307
0.9870
-0.0938
0.0000
0.00
-0.12
-0.06
-0.01
0.00
0.03
0
3
1
0
6722
0.1307
0.9870
-0.0938
0.0000
0.00
-0.12
0.00
0.00
0.01
0.00
0
3
1
0
6732
0.1307
0.9870
-0.0938
0.0000
0.00
-0.06
-0.06
0.00
-0.01
0.04
0
3
1
0
6743
0.1307
0.9870
-0.0938
0.0000
-0.06
-0.06
0.00
-0.02
0.00
0.01
0
3
1
0
6752
0.1307
0.9870
-0.0938
0.0000
0.00
-0.06
0.06
-0.02
0.00
0.01
0
3
1
0
6762
0.1307
0.9870
-0.0938
0.0000
0.00
-0.19
0.06
-0.01
0.01
0.01
0
3
1
0
6772
0.1307
0.9870
-0.0938
0.0000
-0.12
0.12
-0.06
0.00
0.00
0.02
0
3
1
0
6782
0.1307
0.9870
-0.0938
0.0000
0.06
0.12
0.06
-0.01
0.01
0.00
0
3
1
0
6792
0.1307
0.9870
-0.0938
0.0000
0.12
0.19
-0.12
-0.01
-0.02
0.00
0
3
1
0
6802
0.1307
0.9870
-0.0938
0.0000
0.00
0.00
-0.12
0.00
0.00
0.01
0
3
1
0
6812
0.1307
0.9870
-0.0938
0.0000
-0.06
-0.12
-0.06
0.00
-0.02
0.00
0
3
1
0
6822
0.1307
0.9870
-0.0938
0.0000
0.12
-0.06
-0.06
0.00
0.02
0.02
0
3
1
0
6833
0.1307
0.9870
-0.0938
0.0000
0.12
0.06
-0.06
-0.02
0.00
0.00
0
3
1
0
6842
0.1307
0.9870
-0.0938
0.0000
0.00
-0.06
-0.06
-0.02
0.00
0.00
0
3
1
0
6852
0.1307
0.9870
-0.0938
0.0000
0.06
-0.12
0.06
0.00
0.00
0.02
0
3
1
0
6862
0.1307
0.9870
-0.0938
0.0000
0.00
0.19
-0.06
0.00
0.00
0.02
0
3
1
0
6873
0.1307
0.9870
-0.0938
0.0000
0.00
0.00
-0.06
0.00
0.00
0.00
0
3
1
0
6882
0.1307
0.9870
-0.0938
0.0000
0.00
-0.06
0.00
-0.01
-0.02
0.00
0
3
1
0
6892
0.1307
0.9870
-0.0938
0.0000
-0.06
-0.06
-0.06
0.01
0.01
0.00
0
3
1
0
6902
0.1307
0.9870
-0.0938
0.0000
0.00
-0.12
0.12
-0.01
0.00
0.04
0
3
1
0
6913
0.1307
0.9870
-0.0938
0.0000
0.19
0.00
0.06
-0.02
0.01
0.02
0
3
1
0
6922
0.1307
0.9870
-0.0938
0.0000
0.12
0.00
0.19
0.00
0.00
0.00
0
3
1
0
6932
0.1307
0.9870
-0.0938
0.0000
-0.06
0.00
0.06
0.00
-0.02
0.01
0
3
1
0
6942
0.1307
0.9870
-0.0938
0.0000
0.00
0.12
0.06
0.00
-0.01
0.00
0
3
1
0
6952
0.1307
0.9870
-0.0938
0.0000
0.00
0.06
0.00
0.00
0.00
0.00
8270
0.1307
0.9870
-0.0938
0.0000
0.06
0.067
0.9870
-0.0938
0.0000
0.06
-0.19
-0.12
-0.01
0.00
0.02
0
3
1
0
8270
0.1307
0.9870
-0.0938
0.0000
0.06
0.06
0.00
0.00
0.00
0.04
0
3
1
0
8281
0.1307
0.9870
-0.0938
0.0000
0.12
0.19
0.12
0.01
0.00
-0.01
0
3
1
0
8290
0.1307
0.9870
-0.0938
0.0000
0.06
-0.12
-0.12
0.00
0.00
0.02
0
3
1
0
8300
0.1307
0.9870
-0.0938
0.0000
0.00
0.00
0.00
-0.01
0.04
-0.02
0
3
1
0
8310
0.1307
0.9870
-0.0938
0.0000
0.12
-0.12
0.25
0.00
-0.01
0.03
0
3
1
0
8321
0.1307
0.9870
-0.0938
0.0000
-0.12
0.19
-0.37
-0.01
0.00
0.06
0
3
1
0
8330
0.1307
0.9870
-0.0938
0.0000
0.12
0.25
0.12
-0.01
0.01
0.00
0
3
1
0
8340
0.1307
0.9870
-0.0938
0.0000
0.12
-0.12
0.25
0.00
0.00
0.01
0
3
1
0
8350
0.1307
0.9870
-0.0938
0.0000
-0.19
-0.31
-0.19
-0.04
-0.01
0.05
0
3
1
0
8360
0.1307
0.9870
-0.0938
0.0000
0.00
0.12
0.06
-0.01
0.00
0.00
0
3
1
0
8370
0.1307
0.9870
-0.0938
0.0000
0.31
0.12
0.25
-0.02
0.00
0.03
0
3
1
0
8380
0.1307
0.9870
-0.0938
0.0000
-0.12
-0.12
0.00
0.00
0.00
0.02
0
3
1
0
8390
0.1307
0.9870
-0.0938
0.0000
0.00
-0.12
0.12
0.01
0.00
0.00
0
3
1
0
8400
0.1307
0.9870
-0.0938
0.0000
0.19
-0.31
0.00
0.00
0.01
0.00
0
3
1
0
8410
0.1307
0.9870
-0.0938
0.0000
0.00
-0.06
0.00
0.00
0.00
0.02
0
3
1
0
8420
0.1307
0.9870
-0.0938
0.0000
-0.25
0.12
-0.12
0.00
0.00
0.01
0
3
1
0
8430
0.1307
0.9870
-0.0938
0.0000
0.06
0.06
0.06
0.00
0.00
0.01
0
3
1
0
8440
0.1307
0.9870
-0.0938
0.0000
0.06
-0.12
0.19
0.00
0.00
0.02
0
3
1
0
8450
0.1307
0.9870
-0.0938
0.0000
-0.06
-0.25
-0.12
-0.01
-0.01
0.02
0
3
1
0
8460
0.1307
0.9870
-0.0938
0.0000
-0.12
0.00
0.06
-0.02
0.00
0.01
0
3
1
0
8470
0.1307
0.9870
-0.0938
0.0000
0.06
-0.06
0.12
0.00
0.00
0.01
0
3
1
0
8480
0.1307
0.9870
-0.0938
0.0000
0.12
-0.06
-0.12
-0.03
0.00
0.01
0
3
1
0
8489
0.1307
0.9870
-0.0938
0.0000
0.06
0.06
0.00
0.00
-0.01
0.01
0
3
1
0
8500
0.1307
0.9870
-0.0938
0.0000
0.12
-0.06
0.06
-0.02
-0.01
0.02
0
3
1
0
8510
0.1307
0.9870
-0.0938
0.0000
0.12
0.00
0.12
-0.02
0.00
0.01
0
3
1
0
8520
0.1307
0.9870
-0.0938
0.0000
-0.06
0.00
-0.06
0.00
0.00
0.05
0
3
1
0
8529
0.1307
0.9870
-0.0938
0.0000
-0.06
0.06
-0.06
-0.01
0.00
0.01
0
3
1
0
8540
0.1307
0.9870
-0.0938
0.0000
0.06
0.12
0.12
-0.02
-0.01
0.01
0
3
1
0
8550
0.1307
0.9870
-0.0938
0.0000
0.12
0.00
0.00
0.00
0.00
0.00
0
3
1
0
8559
0.1307
0.9870
-0.0938
0.0000
-0.19
0.00
0.00
-0.01
0.00
0.02
0
3
1
0
8569
0.1307
0.9870
-0.0938
0.0000
-0.06
0.00
0.12
0.00
0.00
0.00
0
3
1
0
8580
0.1307
0.9870
-0.0938
0.0000
0.12
0.06
0.12
0.00
0.00
0.02
0
3
1
0
8590
0.1307
0.9870
-0.0938
0.0000
-0.06
-0.06
0.00
-0.01
0.00
0.00
0
3
1
0
8600
0.1307
0.9870
-0.0938
0.0000
-0.06
-0.19
0.00
0.00
0.01
0.02
0
3
1
0
8609
0.1307
0.9870
-0.0938
0.0000
0.06
-0.06
0.00
-0.01
-0.01
0.01
0
3
1
0
8620
0.1307
0.9870
-0.0938
0.0000
0.00
-0.06
0.06
-0.02
0.00
0.00
0
3
1
0
8630
0.1307
0.9870
-0.0938
0.0000
0.00
0.06
-0.12
0.00
-0.03
0.00
0
3
1
0
8640
0.1307
0.9870
-0.0938
0.0000
0.06
0.00
0.06
0.00
0.00
0.00
0
3
1
0
8649
0.1307
0.9870
-0.0938
0.0000
0.12
0.06
0.06
-0.02
0.00
0.00
0
3
1
0
8659
0.1307
0.9870
-0.0938
0.0000
-0.06
-0.06
0.00
-0.01
0.00
0.02
0
3
1
0
8670
0.1307
0.9870
-0.0938
0.0000
-0.19
-0.12
-0.12
-0.01
0.00
0.02
0
3
1
0
8680
0.1307
0.9870
-0.0938
0.0000
0.00
0.00
0.12
0.00
0.00
0.03
0
3
1
0
8689
0.1307
0.9870
-0.0938
0.0000
0.00
0.00
0.06
-0.01
0.00
0.00
0
3
1
0
8699
0.1307
0.9870
-0.0938
0.0000
-0.06
0.12
0.00
-0.01
0.01
0.02
0
3
1
0
8710
0.1307
0.9870
-0.0938
0.0000
0.00
0.06
0.12
0.00
0.00
0.01
0
3
1
0
8720
0.1307
0.9870
-0.0938
0.0000
0.12
0.06
0.06
0.00
0.01
0.02
0
3
1
0
8729
0.1307
0.9870
-0.0938
0.0000
-0.06
-0.25
0.00
-0.01
0.01
0.04
0
3
1
0
8739
0.1307
0.9870
-0.0938
0.0000
-0.06
-0.19
-0.06
-0.01
0.00
0.00
0
3
1
0
8750
0.1307
0.9870
-0.0938
0.0000
0.06
-0.19
0.12
0.00
0.00
0.02
0
3
1
0
8760
0.1307
0.9870
-0.0938
0.0000
-0.06
-0.12
0.06
0.00
0.00
0.00
0
3
1
0
8769
0.1307
0.9870
-0.0938
0.0000
-0.12
0.06
-0.19
0.00
0.00
0.01
0
3
1
0
8779
0.1307
0.9870
-0.0938
0.0000
-0.06
0.06
0.12
-0.02
0.00
0.00
0
3
1
0
8790
0.1307
0.9870
-0.0938
0.0000
0.06
-0.19
0.19
-0.01
-0.01
0.00
0
3
1
0
8800
0.1307
0.9870
-0.0938
0.0000
0.00
0.00
-0.06
-0.01
0.00
0.02
0
3
1
0
8809
0.1307
0.9870
-0.0938
0.0000
0.00
0.19
0.00
-0.01
-0.01
0.00
0
3
1
0
8819
0.1307
0.9870
-0.0938
0.0000
0.06
-0.06
0.12
0.00
0.00
0.00
0
3
1
0
8829
0.1307
0.9870
-0.0938
0.0000
0.06
0.12
0.00
0.00
0.00
0.00
0
3
1
0
8840
0.1307
0.9870
-0.0938
0.0000
-0.12
0.19
0.12
-0.01
0.00
0.00
0
3
1
0
8849
0.1307
0.9870
-0.0938
0.0000
0.06
0.00
-0.06
0.00
0.02
0.00
0
3
1
0
8859
0.1307
0.9870
-0.0938
0.0000
0.06
-0.06
0.06
0.00
0.02
0.01
0
3
1
0
8869
0.1307
0.9870
-0.0938
0.0000
0.06
-0.06
0.00
-0.01
0.00
0.00
0
3
1
0
8880
0.1307
0.9870
-0.0938
0.0000
-0.06
0.12
0.12
-0.02
0.00
0.03
0
3
1
0
8889
0.1307
0.9870
-0.0938
0.0000
0.00
0.12
0.12
-0.01
-0.01
0.00
0
3
1
0
8899
0.1307
0.9870
-0.0938
0.0000
-0.06
0.19
0.00
-0.02
0.00
0.02
0
3
1
0
8909
0.1307
0.9870
-0.0938
0.0000
0.00
0.06
-0.06
-0.01
0.00
0.04
0
3
1
0
8920
0.1307
0.9870
-0.0938
0.0000
-0.06
-0.06
-0.06
0.00
0.01
0.02
0
3
1
0
8929
0.1307
0.9870
-0.0938
0.0000
0.00
0.06
0.06
0.00
0.00
0.02
0
3
1
0
8939
0.1307
0.9870
-0.0938
0.0000
0.06
0.19
0.06
0.02
-0.01
0.00
0
3
1
0
8949
0.1307
0.9870
-0.0938
0.0000
0.06
0.12
0.00
-0.02
0.00
0.02
0
3
1
0
8960
0.1307
0.9870
-0.0938
0.0000
0.00
0.00
0.06
-0.01
0.00
0.02
0
3
1
0
8970
0.1307
0.9870
-0.0938
0.0000
0.00
0.12
0.00
-0.01
0.01
0.02
0
3
1
0
8979
0.1307
0.9870
-0.0938
0.0000
-0.06
0.06
0.00
0.00
0.00
0.03
0
3
1
0
8989
0.1307
0.9870
-0.0938
0.0000
0.00
0.31
0.00
0.00
-0.01
0.00
0
3
1
0
8999
0.1307
0.9870
-0.0938
0.0000
0.12
0.06
0.06
0.00
0.00
0.01
0
3
1
0
9009
0.1307
0.9870
-0.0938
0.0000
0.00
0.00
0.00
0.01
0.00
0.01
0
3
1
0
9019
0.1307
0.9870
-0.0938
0.0000
0.00
0.00
-0.06
-0.03
0.00
0.02
0
3
1
0
9029
0.1307
0.9870
-0.0938
0.0000
0.00
-0.06
0.06
0.00
0.00
0.03
0
3
1
0
9039
0.1307
0.9870
-0.0938
0.0000
0.00
-0.06
0.00
-0.01
0.00
0.01
0
3
1
0
9049
0.1307
0.9870
-0.0938
0.0000
0.00
-0.12
0.00
-0.02
-0.02
0.03
0
3
1
0
9059
0.1307
0.9870
-0.0938
0.0000
0.00
0.00
-0.06
-0.01
-0.01
0.01
0
3
1
0
9069
0.1307
0.9870
-0.0938
0.0000
-0.06
-0.06
-0.12
0.00
0.00
0.02
0
3
1
0
9079
0.1307
0.9870
-0.0938
0.0000
0.00
0.31
0.12
0.00
0.00
0.02
0
3
1
0
9089
0.1307
0.9870
-0.0938
0.0000
-0.06
0.00
0.00
-0.01
0.00
0.00
0
3
1
0
9099
0.1307
0.9870
-0.0938
0.0000
0.06
-0.12
0.00
0.00
0.00
0.03
0
3
1
0
9109
0.1307
0.9870
-0.0938
0.0000
-0.06
-0.25
0.00
0.00
0.00
0.02
0
3
1
0
9119
0.1307
0.9870
-0.0938
0.0000
0.00
0.00
0.06
-0.03
0.00
0.03
0
3
1
0
9128
0.1307
0.9870
-0.0938
0.0000
-0.06
-0.12
0.06
0.00
0.02
0.00
0
3
1
0
9139
0.1307
0.9870
-0.0938
0.0000
0.00
0.00
0.06
-0.02
0.00
0.00
0
3
1
0
9149
0.1307
0.9870
-0.0938
0.0000
0.06
0.00
-0.06
-0.02
0.00
0.00
0
3
1
0
9159
0.1307
0.9870
-0.0938
0.0000
0.06
-0.06
0.12
-0.01
0.00
0.02
0
3
1
0
9169
0.1307
0.9870
-0.0938
0.0000
-0.06
0.00
0.00
-0.02
0.00
0.02
0
3
1
0
9179
0.1307
0.9870
-0.0938
0.0000
-0.06
0.06
0.00
-0.01
0.00
0.01
0
3
1
0
9189
0.1307
0.9870
-0.0938
0.0000
-0.19
0.06
0.00
-0.01
0.00
0.01
0
3
1
0
9199
0.1307
0.9870
-0.0938
0.0000
-0.06
0.00
0.00
-0.03
0.00
0.03
0
3
1
0
9208
0.1307
0.9870
-0.0938
0.0000
0.00
0.06
0.06
0.00
-0.01
0.04
0
3
1
0
9219
0.1307
0.9870
-0.0938
0.0000
0.00
0.06
0.06
-0.01
-0.01
0.00
0
3
1
0
9229
0.1307
0.9870
-0.0938
0.0000
-0.06
0.12
-0.06
-0.02
0.01
0.02
0
3
1
0
9239
0.1307
0.9870
-0.0938
0.0000
-0.25
0.06
0.06
-0.02
0.01
0.00
0
3
1
0
9249
0.1307
0.9870
-0.0938
0.0000
0.00
-0.06
0.00
-0.01
0.00
0.04
0
3
1
0
9259
0.1307
0.9870
-0.0938
0.0000
0.06
0.12
0.12
0.00
0.00
0.04
0
3
1
0
9269
0.1307
0.9870
-0.0938
0.0000
-0.06
0.06
-0.12
-0.03
0.00
-0.02
0
3
1
0
9279
0.1307
0.9870
-0.0938
0.0000
-0.12
0.06
0.12
-0.02
0.00
0.02
0
3
1
0
9289
0.1307
0.9870
-0.0938
0.0000
0.06
0.06
0.00
0.00
0.00
0.02
0
3
1
0
9298
0.1307
0.9870
-0.0938
0.0000
-0.12
0.00
-0.06
0.02
0.00
0.01
0
3
1
0
9309
0.1307
0.9870
-0.0938
0.0000
0.06
0.00
0.00
-0.01
0.02
0.00
0
3
1
0
9319
0.1307
0.9870
-0.0938
0.0000
0.06
0.06
0.12
0.00
-0.01
0.03
0
3
1
0
9329
0.1307
0.9870
-0.0938
0.0000
0.00
0.00
0.00
-0.02
0.00
0.02
0
3
1
0
9338
0.1307
0.9870
-0.0938
0.0000
-0.06
0.12
0.00
-0.01
0.00
0.00
0
3
1
0
9349
0.1307
0.9870
-0.0938
0.0000
0.00
0.12
-0.06
-0.03
0.00
0.02
0
3
1
0
9359
0.1307
0.9870
-0.0938
0.0000
0.06
0.19
0.06
-0.01
0.00
0.02
0
3
1
0
9369
0.1307
0.9870
-0.0938
0.0000
0.06
0.19
-0.06
-0.01
0.00
0.02
0
3
1
0
9378
0.1307
0.9870
-0.0938
0.0000
0.00
0.12
0.00
0.00
0.00
0.03
0
3
1
0
9389
0.1307
0.9870
-0.0938
0.0000
0.06
-0.25
-0.06
0.00
-0.01
-0.01
0
3
1
0
9399
0.1307
0.9870
-0.0938
0.0000
0.06
0.00
-0.06
-0.02
0.00
0.00
0
3
1
0
9408
0.1307
0.9870
-0.0938
0.0000
0.06
-0.06
0.12
-0.03
0.00
0.01
0
3
1
0
9419
0.1307
0.9870
-0.0938
0.0000
0.00
0.00
0.12
-0.01
0.00
0.02
0
3
1
0
9428
0.1307
0.9870
-0.0938
0.0000
0.00
-0.06
0.00
-0.03
0.00
0.05
0
3
1
0
9439
0.1307
0.9870
-0.0938
0.0000
0.06
0.12
0.06
-0.01
-0.01
0.00
0
3
1
0
9448
0.1307
0.9870
-0.0938
0.0000
0.00
0.06
0.06
0.00
0.03
0.00
0
3
1
0
9458
0.1307
0.9870
-0.0938
0.0000
-0.06
0.06
0.00
-0.03
0.00
0.00
0
3
1
0
9468
0.1307
0.9870
-0.0938
0.0000
-0.12
-0.06
-0.06
-0.01
0.01
0.02
0
3
1
0
9479
0.1307
0.9870
-0.0938
0.0000
0.12
0.06
0.25
-0.02
0.00
0.02
0
3
1
0
9488
0.1307
0.9870
-0.0938
0.0000
0.06
0.19
0.06
0.00
0.00
0.00
0
3
1
0
9498
0.1307
0.9870
-0.0938
0.0000
-0.06
0.00
0.00
-0.01
-0.01
0.02
0
3
1
0
9508
0.1307
0.9870
-0.0938
0.0000
0.06
-0.06
0.00
-0.01
0.00
0.03
0
3
1
0
9519
0.1307
0.9870
-0.0938
0.0000
0.00
0.12
0.06
0.00
0.00
0.02
0
3
1
0
9528
0.1307
0.9870
-0.0938
0.0000
-0.12
0.06
0.06
-0.03
0.00
0.03
0
3
1
0
9538
0.1307
0.9870
-0.0938
0.0000
0.00
0.00
0.00
-0.01
-0.01
0.02
0
3
1
0
9548
0.1307
0.9870
-0.0938
0.0000
0.00
0.00
0.06
0.00
0.01
0.00
0
3
1
0
9559
0.1307
0.9870
-0.0938
0.0000
0.00
-0.12
0.00
0.00
0.00
0.01
0
3
1
0
9569
0.1307
0.9870
-0.0938
0.0000
0.06
0.12
-0.06
-0.02
0.00
0.02
0
3
1
0
9578
0.1307
0.9870
-0.0938
0.0000
0.06
0.00
-0.06
0.00
0.00
0.00
0
3
1
0
9588
0.1307
0.9870
-0.0938
0.0000
0.06
0.31
0.19
0.00
0.00
0.00
0
3
1
0
9598
0.1307
0.9870
-0.0938
0.0000
0.06
0.25
-0.12
0.00
0.00
0.02
0
3
1
0
9609
0.1307
0.9870
-0.0938
0.0000
0.06
0.06
0.12
0.00
0.00
-0.01
0
3
1
0
9619
0.1307
0.9870
-0.0938
0.0000
0.00
0.12
0.00
-0.01
-0.02
0.03
0
3
1
0
9628
0.1307
0.9870
-0.0938
0.0000
0.00
0.00
-0.06
-0.01
-0.01
0.02
0
3
1
0
9638
0.1307
0.9870
-0.0938
0.0000
-0.06
0.00
0.00
-0.01
0.01
0.02
0
3
1
0
9649
0.1307
0.9870
-0.0938
0.0000
-0.19
0.00
-0.12
-0.01
0.00
0.03
0
3
1
0
9658
0.1307
0.9870
-0.0938
0.0000
0.06
0.06
0.00
0.00
-0.01
0.01
0
3
1
0
9668
0.1307
0.9870
-0.0938
0.0000
0.19
0.25
-0.06
0.00
-0.02
0.01
0
3
1
0
9678
0.1307
0.9870
-0.0938
0.0000
0.00
0.25
-0.12
0.00
-0.01
0.03
0
3
1
0
9689
0.1307
0.9870
-0.0938
0.0000
0.06
-0.06
-0.06
0.00
0.00
0.00
0
3
1
0
9698
0.1307
0.9870
-0.0938
0.0000
-0.06
0.12
-0.06
-0.03
0.00
0.00
0
3
1
0
9708
0.1307
0.9870
-0.0938
0.0000
-0.06
-0.06
0.00
0.00
0.00
0.04
0
3
1
0
9718
0.1307
0.9870
-0.0938
0.0000
-0.12
-0.06
0.12
0.00
0.00
0.01
0
3
1
0
9729
0.1307
0.9870
-0.0938
0.0000
0.06
-0.06
0.19
0.00
0.00
0.02
0
3
1
0
9738
0.1307
0.9870
-0.0938
0.0000
0.00
0.19
0.06
0.00
-0.01
0.02
0
3
1
0
9748
0.1307
0.9870
-0.0938
0.0000
-0.12
0.19
0.12
-0.01
0.00
0.01
0
3
1
0
9758
0.1307
0.9870
-0.0938
0.0000
0.12
-0.12
-0.06
0.00
0.00
0.03
0
3
1
0
9768
0.1307
0.9870
-0.0938
0.0000
0.00
-0.06
0.25
0.00
0.00
0.02
0
3
1
0
9778
0.1307
0.9870
-0.0938
0.0000
0.12
-0.06
0.12
0.00
-0.01
0.01
0
3
1
0
9788
0.1307
0.9870
-0.0938
0.0000
0.00
0.00
0.06
-0.01
0.00
-0.01
0
3
1
0
9798
0.1307
0.9870
-0.0938
0.0000
0.00
0.06
0.12
-0.03
0.00
0.02
0
3
1
0
9808
0.1307
0.9870
-0.0938
0.0000
0.06
0.06
0.06
0.00
0.00
0.01
0
3
1
0
9819
0.1307
0.9870
-0.0938
0.0000
0.00
0.06
0.06
-0.02
0.00
0.06
0
3
1
0
9828
0.1307
0.9870
-0.0938
0.0000
0.06
-0.06
0.00
-0.01
0.00
0.02
0
3
1
0
9838
0.1307
0.9870
-0.0938
0.0000
0.00
-0.06
0.00
-0.01
-0.01
0.00
0
3
1
0
9848
0.1307
0.9870
-0.0938
0.0000
0.00
0.06
0.06
0.00
0.00
0.02
0
3
1
0
9858
0.1307
0.9870
-0.0938
0.0000
0.00
-0.12
0.00
0.00
0.01
0.00
0
3
1
0
9868
0.1307
0.9870
-0.0938
0.0000
-0.06
0.00
0.00
-0.01
0.00
0.01
0
3
1
0
9878
0.1307
0.9870
-0.0938
0.0000
0.00
-0.12
0.00
0.00
0.00
0.02
0
3
1
0
9888
0.1307
0.9870
-0.0938
0.0000
0.00
-0.12
0.06
0.00
0.00
0.00
0
3
1
0
9897
0.1307
0.9870
-0.0938
0.0000
0.06
-0.12
0.00
0.01
-0.01
0.00
0
3
1
0
9908
0.1307
0.9870
-0.0938
0.0000
0.12
-0.06
0.00
0.00
0.01
0.02
0
3
1
0
9918
0.1307
0.9870
-0.0938
0.0000
-0.06
-0.12
0.19
0.01
0.00
0.01
0
3
1
0
9928
0.1307
0.9870
-0.0938
0.0000
0.00
-0.19
0.06
-0.03
-0.01
0.02
0
3
1
0
9937
0.1307
0.9870
-0.0938
0.0000
-0.06
-0.12
0.06
-0.01
0.00
0.03
0
3
1
0
9948
0.1307
0.9870
-0.0938
0.0000
0.12
0.00
0.12
-0.02
0.00
0.00
0
3
1
0
9958
0.1307
0.9870
-0.0938
0.0000
0.00
0.06
0.12
-0.01
0.00
0.02
0
3
1
0
9968
0.1307
0.9870
-0.0938
0.0000
0.00
0.12
0.00
0.01
-0.01
0.01
0
3
1
0
9977
0.1307
0.9870
-0.0938
0.0000
-0.06
0.06
0.00
0.00
0.00
0.03
0
3
1
0
9988
0.1307
0.9870
-0.0938
0.0000
0.00
0.06
-0.06
0.01
0.01
-0.01
0
3
1
0
9998
0.1307
0.9870
-0.0938
0.0000
0.00
0.06
0.06
0.00
0.00
0.02
0
3
1
0
10008
0.1307
0.9870
-0.0938
0.0000
-0.06
-0.19
0.06
-0.03
0.00
0.03
0
3
1
0
10018
0.1307
0.9870
-0.0938
0.0000
0.00
0.00
0.00
-0.03
-0.02
0.02
0
3
1
0
10028
0.1307
0.9870
-0.0938
0.0000
-0.06
0.19
-0.06
0.00
-0.02
0.01
0
3
1
0
10038
0.1307
0.9870
-0.0938
0.0000
-0.06
-0.12
0.06
-0.02
-0.01
0.00
0
3
1
0
10048
0.1307
0.9870
-0.0938
0.0000
0.06
0.06
0.00
-0.01
0.00
0.00
0
3
1
0
10057
0.1307
0.9870
-0.0938
0.0000
0.12
-0.12
0.00
0.00
-0.02
0.02
0
3
1
0
10067
0.1307
0.9870
-0.0938
0.0000
-0.06
0.06
0.00
0.00
0.00
0.01
0
3
1
0
10078
0.1307
0.9870
-0.0938
0.0000
-0.06
-0.06
0.00
0.00
0.00
0.03
0
3
1
0
10088
0.1307
0.9870
-0.0938
0.0000
-0.06
0.06
0.06
-0.02
0.00
0.01
0
3
1
0
10097
0.1307
0.9870
-0.0938
0.0000
0.06
-0.06
0.06
-0.01
0.00
0.01
0
3
1
0
10107
0.1307
0.9870
-0.0938
0.0000
-0.06
0.00
0.12
-0.02
-0.01
0.03
0
3
1
0
10118
0.1307
0.9870
-0.0938
0.0000
0.00
0.00
0.00
-0.01
-0.01
0.01
0
3
1
0
10128
0.1307
0.9870
-0.0938
0.0000
0.00
0.12
0.00
-0.01
0.01
0.03
0
3
1
0
10137
0.1307
0.9870
-0.0938
0.0000
0.00
0.12
0.00
0.01
0.00
0.00
0
3
1
0
10147
0.1307
0.9870
-0.0938
0.0000
0.00
-0.06
0.12
0.01
-0.02
-0.02
0
3
1
0
10158
0.1307
0.9870
-0.0938
0.0000
0.06
-0.12
-0.06
-0.01
0.00
0.01
0
3
1
0
10168
0.1307
0.9870
-0.0938
0.0000
0.00
-0.12
0.06
-0.02
-0.01
0.00
0
3
1
0
10178
0.1307
0.9870
-0.0938
0.0000
-0.12
-0.06
0.12
-0.01
0.00
0.02
0
3
1
0
10187
0.1307
0.9870
-0.0938
0.0000
-0.12
-0.25
0.06
-0.03
0.01
0.00
0
3
1
0
10198
0.1307
0.9870
-0.0938
0.0000
0.00
-0.25
0.00
-0.03
-0.01
0.02
0
3
1
0
10208
0.1307
0.9870
-0.0938
0.0000
0.00
0.12
0.06
-0.02
0.01
0.03
0
3
1
0
10218
0.1307
0.9870
-0.0938
0.0000
0.06
0.06
-0.12
-0.02
-0.01
0.01
0
3
1
0
10227
0.1307
0.9870
-0.0938
0.0000
-0.12
0.00
-0.06
0.00
0.00
0.01
0
3
1
0
10237
0.1307
0.9870
-0.0938
0.0000
0.12
0.25
0.06
0.01
-0.01
0.02
0
3
1
0
10248
0.1307
0.9870
-0.0938
0.0000
0.00
0.31
0.00
0.02
0.00
0.02
0
3
1
0
10257
0.1307
0.9870
-0.0938
0.0000
0.00
0.19
0.06
0.00
-0.01
0.01
0
3
1
0
10267
0.1307
0.9870
-0.0938
0.0000
0.00
0.00
0.00
0.00
0.01
0.00
0
3
1
0
10277
0.1307
0.9870
-0.0938
0.0000
0.00
-0.12
0.31
-0.01
0.00
0.00
0
3
1
0
10288
0.1307
0.9870
-0.0938
0.0000
0.06
-0.12
0.12
-0.02
-0.02
0.00
0
3
1
0
10297
0.1307
0.9870
-0.0938
0.0000
0.00
-0.06
0.19
-0.01
0.00
0.00
0
3
1
0
10307
0.1307
0.9870
-0.0938
0.0000
0.00
0.12
-0.06
0.00
-0.01
0.03
0
3
1
0
10317
0.1307
0.9870
-0.0938
0.0000
0.06
0.06
-0.06
-0.03
-0.03
0.02
0
3
1
0
10328
0.1307
0.9870
-0.0938
