0.0333
0.0000
-0.06
0.25
0.00
0.00
0.05
-0.01
1
3
1
0
3748
0.0769
-0.9965
0.0333
0.0000
-0.12
0.19
0.00
0.00
0.04
0.00
1
3
1
0
3758
0.0769
-0.9965
0.0333
0.0000
0.12
0.12
-0.19
0.00
0.03
0.04
1
3
1
0
3768
0.0769
-0.9965
0.0333
0.0000
0.19
-0.12
-0.12
0.01
0.01
-0.05
1
3
1
0
3778
0.0769
-0.9965
0.0333
0.0000
0.19
-0.12
-0.12
0.03
0.00
0.00
1
3
1
0
3788
0.0769
-0.9965
0.0333
0.0000
0.31
0.06
0.00
0.00
0.01
-0.03
1
3
1
0
3799
0.0769
-0.9965
0.0333
0.0000
0.25
0.06
-0.06
0.01
0.00
0.03
1
3
1
0
3809
0.0769
-0.9965
0.0333
0.0000
0.25
0.06
0.00
0.02
0.00
-0.02
1
3
1
0
3818
0.0769
-0.9965
0.0333
0.0000
0.25
0.06
-0.12
0.00
0.00
-0.04
1
3
1
0
3828
0.0769
-0.9965
0.0333
0.0000
0.12
0.00
-0.06
-0.01
-0.01
-0.03
1
3
1
0
3838
0.0769
-0.9965
0.0333
0.0000
-0.12
0.12
-0.06
0.00
0.00
0.00
1
3
1
0
3849
0.0769
-0.9965
0.0333
0.0000
-0.37
0.00
0.00
0.00
0.00
-0.02
1
3
1
0
3858
0.0769
-0.9965
0.0333
0.0000
-0.44
-0.12
0.06
0.00
0.02
-0.03
1
3
1
0
3868
0.0769
-0.9965
0.0333
0.0000
-0.56
0.00
0.00
0.00
0.03
-0.03
1
3
1
0
3878
0.0769
-0.9965
0.0333
0.0000
-0.44
-0.12
0.00
0.00
0.04
-0.01
1
3
1
0
3889
0.0769
-0.9965
0.0333
0.0000
-0.37
-0.06
0.00
-0.04
0.04
0.03
1
3
1
0
3899
0.0769
-0.9965
0.0333
0.0000
0.00
-0.25
-0.06
0.00
0.03
-0.06
1
3
1
0
3908
0.0769
-0.9965
0.0333
0.0000
0.19
-0.19
-0.06
0.01
0.02
0.02
1
3
1
0
3918
0.0769
-0.9965
0.0333
0.0000
0.25
-0.12
-0.06
0.00
0.01
-0.01
1
3
1
0
3929
0.0769
-0.9965
0.0333
0.0000
0.19
0.06
0.00
0.00
0.00
-0.01
1
3
1
0
3939
0.0769
-0.9965
0.0333
0.0000
0.12
-0.12
0.00
0.00
0.00
-0.02
1
3
1
0
3948
0.0769
-0.9965
0.0333
0.0000
0.06
0.00
0.00
0.02
0.01
0.00
1
3
1
0
3958
0.0769
-0.9965
0.0333
0.0000
-0.12
-0.12
-0.06
-0.03
0.00
0.02
1
3
1
0
3969
0.0769
-0.9965
0.0333
0.0000
-0.12
-0.06
0.00
-0.02
0.00
0.04
1
3
1
0
3979
0.0769
-0.9965
0.0333
0.0000
-0.12
-0.19
0.12
-0.01
0.00
0.00
1
3
1
0
3989
0.0769
-0.9965
0.0333
0.0000
-0.06
-0.12
0.00
-0.01
0.00
0.00
1
3
1
0
3998
0.0769
-0.9965
0.0333
0.0000
0.00
0.00
-0.12
0.02
0.02
-0.05
1
3
1
0
4008
0.0769
-0.9965
0.0333
0.0000
-0.06
-0.12
0.06
-0.02
0.01
-0.01
1
3
1
0
4019
0.0769
-0.9965
0.0333
0.0000
-0.19
0.00
-0.06
0.00
0.01
0.00
1
3
1
0
4029
0.0769
-0.9965
0.0333
0.0000
-0.12
0.06
0.06
-0.03
0.01
0.00
1
3
1
0
4039
0.0769
-0.9965
0.0333
0.0000
-0.37
-0.12
-0.06
0.00
0.01
-0.01
1
3
1
0
4048
0.0769
-0.9965
0.0333
0.0000
-0.31
-0.19
0.06
0.00
0.02
-0.02
1
3
1
0
4059
0.0769
-0.9965
0.0333
0.0000
0.00
0.06
0.12
0.02
0.02
-0.03
1
3
1
0
4069
0.0769
-0.9965
0.0333
0.0000
0.12
-0.06
0.00
0.00
0.01
0.00
1
3
1
0
4079
0.0769
-0.9965
0.0333
0.0000
0.12
0.00
0.00
0.01
0.03
0.00
1
3
1
0
4088
0.0769
-0.9965
0.0333
0.0000
0.12
0.00
0.06
0.00
0.00
-0.01
1
3
1
0
4099
0.0769
-0.9965
0.0333
0.0000
0.19
0.06
0.06
0.00
0.00
-0.04
1
3
1
0
4109
0.0769
-0.9965
0.0333
0.0000
0.19
-0.06
0.06
0.02
0.00
-0.03
1
3
1
0
4119
0.0769
-0.9965
0.0333
0.0000
0.12
-0.06
0.00
0.01
0.01
0.00
1
3
1
0
4129
0.0769
-0.9965
0.0333
0.0000
0.00
0.12
0.00
-0.02
-0.01
0.02
1
3
1
0
4139
0.0769
-0.9965
0.0333
0.0000
-0.06
-0.12
0.00
0.00
0.00
-0.02
1
3
1
0
4149
0.0769
-0.9965
0.0333
0.0000
-0.25
0.06
0.06
-0.01
0.01
-0.03
1
3
1
0
4159
0.0769
-0.9965
0.0333
0.0000
-0.19
0.06
0.00
0.00
0.00
-0.04
1
3
1
0
4169
0.0769
-0.9965
0.0333
0.0000
-0.12
0.12
0.00
0.01
0.03
-0.01
1
3
1
0
4179
0.0769
-0.9965
0.0333
0.0000
-0.19
-0.12
0.06
0.00
0.01
0.00
1
3
1
0
4189
0.0769
-0.9965
0.0333
0.0000
-0.12
-0.12
0.06
0.03
0.00
-0.04
1
3
1
0
4199
0.0769
-0.9965
0.0333
0.0000
-0.19
-0.12
0.12
-0.01
0.00
-0.02
1
3
1
0
4209
0.0769
-0.9965
0.0333
0.0000
-0.12
-0.25
0.06
0.00
0.00
-0.01
1
3
1
0
4219
0.0769
-0.9965
0.0333
0.0000
0.06
-0.12
0.06
0.02
0.00
-0.02
1
3
1
0
4229
0.0769
-0.9965
0.0333
0.0000
0.06
-0.06
-0.06
0.02
0.01
-0.02
1
3
1
0
4239
0.0769
-0.9965
0.0333
0.0000
0.00
-0.12
0.00
0.01
0.00
-0.01
1
3
1
0
4249
0.0769
-0.9965
0.0333
0.0000
0.12
-0.06
0.00
0.01
0.01
-0.01
1
3
1
0
4259
0.0769
-0.9965
0.0333
0.0000
0.06
0.06
0.12
0.00
0.00
0.01
1
3
1
0
4270
0.0769
-0.9965
0.0333
0.0000
-0.31
-0.06
-0.06
-0.01
0.01
0.02
1
3
1
0
4280
0.0769
-0.9965
0.0333
0.0000
-0.25
0.06
0.06
0.00
0.01
0.00
1
3
1
0
4289
0.0769
-0.9965
0.0333
0.0000
-0.25
0.06
0.12
0.00
0.04
-0.04
1
3
1
0
4299
0.0769
-0.9965
0.0333
0.0000
-0.12
-0.12
0.06
-0.01
0.02
-0.03
1
3
1
0
4310
0.0769
-0.9965
0.0333
0.0000
0.06
-0.19
0.12
0.00
0.03
-0.04
1
3
1
0
4320
0.0769
-0.9965
0.0333
0.0000
0.25
0.12
0.06
-0.02
0.00
0.02
1
3
1
0
4329
0.0769
-0.9965
0.0333
0.0000
0.12
0.06
-0.06
0.00
0.00
-0.02
1
3
1
0
4339
0.0769
-0.9965
0.0333
0.0000
0.12
0.06
-0.12
0.00
0.01
-0.01
1
3
1
0
4349
0.0769
-0.9965
0.0333
0.0000
0.19
-0.06
-0.06
0.02
0.01
-0.04
1
3
1
0
4360
0.0769
-0.9965
0.0333
0.0000
0.12
0.12
-0.12
0.02
0.02
0.00
1
3
1
0
4370
0.0769
-0.9965
0.0333
0.0000
0.19
0.06
0.00
0.00
0.01
0.00
1
3
1
0
4379
0.0769
-0.9965
0.0333
0.0000
-0.06
-0.12
0.19
-0.01
0.00
-0.01
1
3
1
0
4389
0.0769
-0.9965
0.0333
0.0000
0.00
0.25
0.00
-0.01
0.01
-0.01
1
3
1
0
4400
0.0769
-0.9965
0.0333
0.0000
0.00
0.19
0.00
0.00
0.00
0.01
1
3
1
0
4410
0.0769
-0.9965
0.0333
0.0000
-0.25
0.19
0.00
0.00
0.01
0.02
1
3
1
0
4420
0.0769
-0.9965
0.0333
0.0000
-0.06
0.06
-0.12
0.02
0.02
-0.01
1
3
1
0
4429
0.0769
-0.9965
0.0333
0.0000
-0.06
-0.06
0.00
0.00
0.04
-0.05
1
3
1
0
4440
0.0769
-0.9965
0.0333
0.0000
0.00
0.00
-0.06
0.00
0.03
-0.05
1
3
1
0
4450
0.0769
-0.9965
0.0333
0.0000
-0.12
-0.19
-0.12
-0.02
0.02
0.00
1
3
1
0
4460
0.0769
-0.9965
0.0333
0.0000
0.12
0.06
-0.12
0.00
0.01
-0.01
1
3
1
0
4470
0.0769
-0.9965
0.0333
0.0000
0.25
0.12
-0.12
0.00
0.01
-0.04
1
3
1
0
4480
0.0769
-0.9965
0.0333
0.0000
0.06
0.06
-0.06
-0.01
0.00
0.01
1
3
1
0
4490
0.0769
-0.9965
0.0333
0.0000
0.19
0.12
0.06
-0.01
0.01
0.00
1
3
1
0
4500
0.0769
-0.9965
0.0333
0.0000
0.12
0.12
0.00
0.01
0.03
-0.03
1
3
1
0
4510
0.0769
-0.9965
0.0333
0.0000
-0.12
0.00
0.00
0.00
0.01
0.02
1
3
1
0
4519
0.0769
-0.9965
0.0333
0.0000
-0.12
0.06
-0.06
0.00
0.02
-0.03
1
3
1
0
4530
0.0769
-0.9965
0.0333
0.0000
0.00
0.12
0.00
0.01
0.00
-0.02
1
3
1
0
4540
0.0769
-0.9965
0.0333
0.0000
0.00
0.06
-0.12
0.00
0.01
-0.02
1
3
1
0
4550
0.0769
-0.9965
0.0333
0.0000
0.00
-0.06
0.00
0.01
0.01
0.00
1
3
1
0
4559
0.0769
-0.9965
0.0333
0.0000
0.12
-0.06
-0.12
-0.01
0.00
0.00
1
3
1
0
4570
0.0769
-0.9965
0.0333
0.0000
0.25
0.06
0.00
0.01
0.01
-0.01
1
3
1
0
4580
0.0769
-0.9965
0.0333
0.0000
0.12
0.12
-0.12
0.01
0.00
0.00
1
3
1
0
4590
0.0769
-0.9965
0.0333
0.0000
0.06
0.19
-0.12
0.00
0.01
-0.01
1
3
1
0
4600
0.0769
-0.9965
0.0333
0.0000
0.12
0.06
-0.06
-0.02
-0.01
0.00
1
3
1
0
4610
0.0769
-0.9965
0.0333
0.0000
0.00
0.06
-0.12
0.01
0.02
-0.01
1
3
1
0
4620
0.0769
-0.9965
0.0333
0.0000
0.06
0.12
0.00
-0.02
0.02
-0.06
1
3
1
0
4630
0.0769
-0.9965
0.0333
0.0000
-0.12
0.00
-0.06
0.00
0.02
-0.01
1
3
1
0
4640
0.0769
-0.9965
0.0333
0.0000
-0.06
0.00
0.00
0.00
0.03
-0.03
1
3
1
0
4649
0.0769
-0.9965
0.0333
0.0000
-0.12
-0.12
-0.12
-0.02
0.03
0.02
1
3
1
0
4660
0.0769
-0.9965
0.0333
0.0000
-0.12
-0.06
-0.06
0.01
0.00
0.00
1
3
1
0
4670
0.0769
-0.9965
0.0333
0.0000
-0.06
0.00
-0.06
0.00
0.00
-0.03
1
3
1
0
4680
0.0769
-0.9965
0.0333
0.0000
0.44
0.12
0.00
0.00
0.01
-0.01
1
3
1
0
4690
0.0769
-0.9965
0.0333
0.0000
0.31
0.06
0.00
0.02
0.00
0.00
1
3
1
0
4701
0.0769
-0.9965
0.0333
0.0000
0.31
0.06
-0.12
-0.01
0.00
0.00
1
3
1
0
4710
0.0769
-0.9965
0.0333
0.0000
0.00
-0.25
-0.12
0.00
-0.01
0.00
1
3
1
0
4720
0.0769
-0.9965
0.0333
0.0000
0.00
0.06
-0.06
0.03
0.00
-0.02
1
3
1
0
4730
0.0769
-0.9965
0.0333
0.0000
-0.06
0.06
-0.12
0.00
0.02
-0.03
1
3
1
0
4741
0.0769
-0.9965
0.0333
0.0000
-0.12
-0.12
-0.06
0.00
0.01
0.01
1
3
1
0
4750
0.0769
-0.9965
0.0333
0.0000
-0.25
-0.12
-0.12
-0.01
0.02
-0.02
1
3
1
0
4760
0.0769
-0.9965
0.0333
0.0000
-0.19
0.19
0.00
-0.02
0.00
0.00
1
3
1
0
4770
0.0769
-0.9965
0.0333
0.0000
0.00
0.00
-0.06
-0.03
0.01
0.00
1
3
1
0
4781
0.0769
-0.9965
0.0333
0.0000
0.19
0.06
-0.06
-0.01
0.02
0.00
1
3
1
0
4791
0.0769
-0.9965
0.0333
0.0000
0.19
0.06
-0.19
-0.01
0.01
0.00
1
3
1
0
4800
0.0769
-0.9965
0.0333
0.0000
0.37
0.19
-0.12
0.00
0.01
-0.03
1
3
1
0
4810
0.0769
-0.9965
0.0333
0.0000
0.19
0.19
0.00
-0.01
0.01
0.01
1
3
1
0
4820
0.0769
-0.9965
0.0333
0.0000
0.31
0.00
0.00
0.00
-0.02
0.03
1
3
1
0
4831
0.0769
-0.9965
0.0333
0.0000
0.06
-0.06
0.00
0.01
-0.01
0.00
1
3
1
0
4840
0.0769
-0.9965
0.0333
0.0000
0.00
0.00
-0.06
0.00
0.00
-0.01
1
3
1
0
4850
0.0769
-0.9965
0.0333
0.0000
-0.12
0.00
0.00
0.01
0.00
-0.01
1
3
1
0
4860
0.0769
-0.9965
0.0333
0.0000
-0.12
-0.06
0.12
0.03
0.00
-0.03
1
3
1
0
4871
0.0769
-0.9965
0.0333
0.0000
-0.06
0.12
0.12
-0.01
0.02
0.01
1
3
1
0
4881
0.0769
-0.9965
0.0333
0.0000
-0.06
-0.12
0.00
-0.01
0.01
-0.02
1
3
1
0
4891
0.0769
-0.9965
0.0333
0.0000
-0.12
-0.06
0.00
0.02
0.03
-0.05
1
3
1
0
4900
0.0769
-0.9965
0.0333
0.0000
-0.19
-0.19
0.06
-0.02
0.00
-0.01
1
3
1
0
4911
0.0769
-0.9965
0.0333
0.0000
0.06
-0.06
0.00
0.00
0.01
0.01
1
3
1
0
4921
0.0769
-0.9965
0.0333
0.0000
0.06
-0.19
0.06
0.00
0.01
0.00
1
3
1
0
4931
0.0769
-0.9965
0.0333
0.0000
0.12
0.12
-0.06
0.01
0.01
-0.03
1
3
1
0
4940
0.0769
-0.9965
0.0333
0.0000
0.00
-0.06
0.00
0.00
0.01
-0.01
1
3
1
0
4951
0.0769
-0.9965
0.0333
0.0000
0.12
-0.06
0.06
0.03
0.01
-0.03
1
3
1
0
4961
0.0769
-0.9965
0.0333
0.0000
-0.25
0.00
0.12
0.02
0.01
-0.02
1
3
1
0
4971
0.0769
-0.9965
0.0333
0.0000
-0.19
0.00
0.00
0.00
0.01
0.00
1
3
1
0
4980
0.0769
-0.9965
0.0333
0.0000
-0.12
-0.06
0.12
0.00
0.04
0.02
1
3
1
0
4990
0.0769
-0.9965
0.0333
0.0000
-0.06
0.00
0.06
0.00
0.02
0.01
1
3
1
0
5001
0.0769
-0.9965
0.0333
0.0000
0.00
-0.12
0.00
0.01
-0.01
-0.04
1
3
1
0
5011
0.0769
-0.9965
0.0333
0.0000
0.12
-0.06
0.00
0.00
0.02
-0.01
1
3
1
0
5021
0.0769
-0.9965
0.0333
0.0000
0.12
0.00
0.00
0.03
0.01
-0.01
1
3
1
0
5030
0.0769
-0.9965
0.0333
0.0000
0.12
-0.12
0.00
0.02
-0.01
-0.02
1
3
1
0
5041
0.0769
-0.9965
0.0333
0.0000
0.00
0.00
0.19
0.01
0.01
-0.05
1
3
1
0
5051
0.0769
-0.9965
0.0333
0.0000
0.12
0.00
-0.06
0.00
0.00
0.00
1
3
1
0
5061
0.0769
-0.9965
0.0333
0.0000
-0.12
0.06
-0.06
0.00
0.01
-0.03
1
3
1
0
5071
0.0769
-0.9965
0.0333
0.0000
-0.06
-0.06
0.00
-0.01
0.00
0.01
1
3
1
0
5081
0.0769
-0.9965
0.0333
0.0000
-0.19
0.06
0.00
-0.02
0.01
-0.02
1
3
1
0
5091
0.0769
-0.9965
0.0333
0.0000
-0.37
-0.06
0.12
-0.01
0.01
0.00
1
3
1
0
5101
0.0769
-0.9965
0.0333
0.0000
-0.37
-0.19
0.06
-0.01
0.01
-0.04
1
3
1
0
5111
0.0769
-0.9965
0.0333
0.0000
-0.25
-0.12
0.06
-0.01
0.03
-0.01
1
3
1
0
5122
0.0769
-0.9965
0.00
0.0000
0.0000
0.0000
0.00
-0.06
0.00
0.01
0.00
-0.02
1
3
1
0
6733
0.0000
0.0000
0.0000
0.0000
-0.06
0.12
-0.12
0.01
0.01
0.01
1
3
1
0
6744
0.0000
0.0000
0.0000
0.0000
0.00
0.00
-0.06
-0.01
0.00
0.00
1
3
1
0
6753
0.0000
0.0000
0.0000
0.0000
0.06
0.06
0.06
0.00
0.00
-0.04
1
3
1
0
6763
0.0000
0.0000
0.0000
0.0000
0.00
0.00
-0.12
-0.01
0.00
0.00
1
3
1
0
6773
0.0000
0.0000
0.0000
0.0000
0.06
0.06
0.00
0.00
0.00
0.01
1
3
1
0
6784
0.0000
0.0000
0.0000
0.0000
-0.06
0.12
0.00
-0.01
0.00
0.04
1
3
1
0
6793
0.0000
0.0000
0.0000
0.0000
-0.12
-0.06
0.06
-0.01
0.02
-0.04
1
3
1
0
6803
0.0000
0.0000
0.0000
0.0000
-0.37
-0.19
-0.19
-0.02
0.02
-0.01
1
3
1
0
6813
0.0000
0.0000
0.0000
0.0000
-0.31
-0.12
-0.06
-0.01
0.00
0.00
1
3
1
0
6823
0.0000
0.0000
0.0000
0.0000
-0.19
-0.19
0.00
-0.01
0.03
0.00
1
3
1
0
6834
0.0000
0.0000
0.0000
0.0000
-0.06
0.00
0.06
0.01
0.02
-0.03
1
3
1
0
6843
0.0000
0.0000
0.0000
0.0000
0.00
0.06
0.00
0.00
0.00
-0.05
1
3
1
0
6853
0.0000
0.0000
0.0000
0.0000
-0.12
-0.25
0.06
0.00
0.00
-0.01
1
3
1
0
6863
0.0000
0.0000
0.0000
0.0000
0.06
0.00
0.06
0.00
0.01
0.00
1
3
1
0
6874
0.0000
0.0000
0.0000
0.0000
0.12
-0.06
0.06
0.00
0.00
0.02
1
3
1
0
6884
0.0000
0.0000
0.0000
0.0000
0.12
0.00
0.06
0.00
0.00
0.00
1
3
1
0
6893
0.0000
0.0000
0.0000
0.0000
0.25
0.06
0.00
0.00
0.00
-0.04
1
3
1
0
6903
0.0000
0.0000
0.0000
0.0000
0.31
0.06
0.12
0.00
0.01
0.00
1
3
1
0
6914
0.0000
0.0000
0.0000
0.0000
0.31
0.06
0.06
-0.01
-0.01
0.01
1
3
1
0
6924
0.0000
0.0000
0.0000
0.0000
0.25
0.12
0.00
0.00
-0.01
0.00
1
3
1
0
6934
0.0000
0.0000
0.0000
0.0000
0.25
0.00
0.06
-0.01
0.00
-0.01
1
3
1
0
6943
0.0000
0.0000
0.0000
0.0000
-0.06
-0.06
0.00
0.00
0.02
-0.02
1
3
1
0
6953
0.0000
0.0000
0.0000
0.0000
-0.25
-0.06
-0.06
-0.01
0.01
-0.05
1
3
1
0
6964
0.0000
0.0000
0.0000
0.0000
-0.50
0.00
-0.06
0.00
0.04
0.03
1
3
1
0
6974
0.0000
0.0000
0.0000
0.0000
-0.37
0.06
0.06
0.00
0.04
-0.03
1
3
1
0
6984
0.0000
0.0000
0.0000
0.0000
-0.31
0.25
0.00
0.02
0.04
-0.04
1
3
1
0
6993
0.0000
0.0000
0.0000
0.0000
-0.31
0.06
0.06
0.03
0.04
-0.05
1
3
1
0
7004
0.0000
0.0000
0.0000
0.0000
0.06
0.00
0.06
0.00
0.03
0.00
1
3
1
0
7014
0.0000
0.0000
0.0000
0.0000
0.25
-0.06
0.06
0.02
0.03
0.00
1
3
1
0
7024
0.0000
0.0000
0.0000
0.0000
0.31
0.00
0.12
0.00
0.00
-0.02
1
3
1
0
7033
0.0000
0.0000
0.0000
0.0000
0.31
0.12
0.06
0.02
0.00
-0.02
1
3
1
0
7044
0.0000
0.0000
0.0000
0.0000
0.31
-0.12
0.06
0.01
0.00
0.00
1
3
1
0
7054
0.0000
0.0000
0.0000
0.0000
0.31
0.06
0.00
0.00
0.00
-0.01
1
3
1
0
7064
0.0000
0.0000
0.0000
0.0000
0.19
-0.06
-0.06
-0.01
-0.02
0.00
1
3
1
0
7074
0.0000
0.0000
0.0000
0.0000
0.00
0.00
0.19
0.00
0.01
-0.01
1
3
1
0
7085
0.0000
0.0000
0.0000
0.0000
0.00
0.00
0.19
0.00
0.00
-0.01
1
3
1
0
7094
0.0000
0.0000
0.0000
0.0000
-0.12
0.00
-0.06
0.00
0.03
-0.01
1
3
1
0
7104
0.0000
0.0000
0.0000
0.0000
-0.19
0.00
0.12
-0.01
0.03
0.00
1
3
1
0
7114
0.0000
0.0000
0.0000
0.0000
-0.37
0.00
-0.06
0.00
0.04
0.01
1
3
1
0
7124
0.0000
0.0000
0.0000
0.0000
-0.37
0.06
0.00
0.00
0.02
-0.05
1
3
1
0
7134
0.0000
0.0000
0.0000
0.0000
-0.31
0.00
0.06
0.00
0.04
-0.02
1
3
1
0
7144
0.0000
0.0000
0.0000
0.0000
-0.31
-0.19
0.00
0.00
0.02
0.01
1
3
1
0
7154
0.0000
0.0000
0.0000
0.0000
0.00
0.00
0.19
0.00
0.00
0.01
1
3
1
0
7164
0.0000
0.0000
0.0000
0.0000
0.19
-0.06
0.00
0.00
0.02
-0.02
1
3
1
0
7175
0.0000
0.0000
0.0000
0.0000
0.06
-0.06
-0.06
0.02
0.01
-0.02
1
3
1
0
7184
0.0000
0.0000
0.0000
0.0000
0.25
0.00
0.06
0.00
0.00
0.00
1
3
1
0
7194
0.0000
0.0000
0.0000
0.0000
0.19
-0.19
0.06
0.00
0.00
-0.01
1
3
1
0
7204
0.0000
0.0000
0.0000
0.0000
0.31
0.00
0.06
0.04
0.01
-0.03
1
3
1
0
7215
0.0000
0.0000
0.0000
0.0000
0.31
0.00
0.00
0.00
0.00
-0.03
1
3
1
0
7224
0.0000
0.0000
0.0000
0.0000
0.19
0.06
0.06
-0.02
-0.01
0.00
1
3
1
0
7234
0.0000
0.0000
0.0000
0.0000
0.00
0.00
0.00
-0.02
0.00
0.00
1
3
1
0
7244
0.0000
0.0000
0.0000
0.0000
-0.12
-0.19
-0.06
0.01
0.00
-0.01
1
3
1
0
7255
0.0000
0.0000
0.0000
0.0000
-0.19
0.12
0.00
0.00
0.00
0.00
1
3
1
0
7265
0.0000
0.0000
0.0000
0.0000
-0.06
0.12
0.06
0.00
0.02
-0.01
1
3
1
0
7274
0.0000
0.0000
0.0000
0.0000
-0.31
0.12
-0.06
0.00
0.00
-0.05
1
3
1
0
7284
0.0000
0.0000
0.0000
0.0000
-0.31
-0.25
0.12
0.00
0.01
0.00
1
3
1
0
7294
0.0000
0.0000
0.0000
0.0000
-0.19
0.06
-0.06
-0.01
0.01
-0.01
1
3
1
0
7305
0.0000
0.0000
0.0000
0.0000
0.12
0.12
-0.06
0.03
0.03
-0.03
1
3
1
0
7315
0.0000
0.0000
0.0000
0.0000
0.12
0.25
-0.06
0.01
0.01
-0.01
1
3
1
0
7324
0.0000
0.0000
0.0000
0.0000
0.12
0.25
-0.06
0.00
0.01
0.01
1
3
1
0
7334
0.0000
0.0000
0.0000
0.0000
0.12
-0.06
-0.06
0.00
0.00
-0.02
1
3
1
0
7345
0.0000
0.0000
0.0000
0.0000
0.19
0.00
0.06
0.00
0.00
0.00
1
3
1
0
7355
0.0000
0.0000
0.0000
0.0000
0.25
0.06
0.06
0.01
0.00
-0.02
1
3
1
0
7364
0.0000
0.0000
0.0000
0.0000
0.25
0.06
-0.06
0.00
0.00
-0.02
1
3
1
0
7374
0.0000
0.0000
0.0000
0.0000
0.31
0.12
0.12
0.02
0.00
0.02
1
3
1
0
7385
0.0000
0.0000
0.0000
0.0000
0.06
0.19
0.06
0.00
0.00
0.00
1
3
1
0
7395
0.0000
0.0000
0.0000
0.0000
0.06
0.00
0.00
0.00
0.01
-0.02
1
3
1
0
7405
0.0000
0.0000
0.0000
0.0000
0.00
0.25
0.00
-0.01
0.00
0.00
1
3
1
0
7414
0.0000
0.0000
0.0000
0.0000
0.06
0.19
0.00
0.00
0.00
-0.04
1
3
1
0
7425
0.0000
0.0000
0.0000
0.0000
0.06
0.19
0.06
0.00
0.00
0.00
1
3
1
0
7435
0.0000
0.0000
0.0000
0.0000
0.06
0.25
0.00
-0.01
0.02
-0.01
1
3
1
0
7445
0.0000
0.0000
0.0000
0.0000
-0.06
0.31
-0.06
0.00
0.02
-0.04
1
3
1
0
7455
0.0000
0.0000
0.0000
0.0000
-0.06
0.00
0.00
0.01
0.02
-0.04
1
3
1
0
7464
0.0000
0.0000
0.0000
0.0000
-0.06
0.00
-0.06
-0.01
0.02
0.03
1
3
1
0
7475
0.0000
0.0000
0.0000
0.0000
-0.06
-0.06
0.06
-0.01
0.00
0.01
1
3
1
0
7485
0.0000
0.0000
0.0000
0.0000
-0.06
-0.06
0.06
0.03
0.02
0.00
1
3
1
0
7495
0.0000
0.0000
0.0000
0.0000
0.12
0.12
0.00
0.00
0.03
-0.05
1
3
1
0
7504
0.0000
0.0000
0.0000
0.0000
0.19
0.00
0.00
0.03
0.01
-0.01
1
3
1
0
7515
0.0000
0.0000
0.0000
0.0000
0.31
-0.06
0.12
0.00
0.00
0.00
1
3
1
0
7525
0.0000
0.0000
0.0000
0.0000
0.31
0.00
0.00
0.00
0.00
-0.02
1
3
1
0
7535
0.0000
0.0000
0.0000
0.0000
0.25
0.00
0.00
-0.01
0.00
0.04
1
3
1
0
7545
0.0000
0.0000
0.0000
0.0000
0.25
0.06
0.06
0.01
-0.01
-0.01
1
3
1
0
7555
0.0000
0.0000
0.0000
0.0000
-0.06
-0.12
0.00
-0.01
0.00
0.00
1
3
1
0
7565
0.0000
0.0000
0.0000
0.0000
0.12
0.25
-0.06
0.00
-0.01
-0.01
1
3
1
0
7575
0.0000
0.0000
0.0000
0.0000
-0.12
0.06
0.12
0.00
0.00
0.03
1
3
1
0
7585
0.0000
0.0000
0.0000
0.0000
-0.12
0.06
0.12
0.00
0.03
0.03
1
3
1
0
7596
0.0000
0.0000
0.0000
0.0000
-0.06
0.19
0.00
0.01
0.00
-0.04
1
3
1
0
7605
0.0000
0.0000
0.0000
0.0000
-0.19
0.00
0.00
0.00
0.02
0.00
1
3
1
0
7615
0.0000
0.0000
0.0000
0.0000
-0.12
0.19
0.00
-0.02
0.02
0.03
1
3
1
0
7625
0.0000
0.0000
0.0000
0.0000
0.00
0.06
0.06
0.00
0.02
-0.01
1
3
1
0
7635
0.0000
0.0000
0.0000
0.0000
0.00
0.06
0.06
0.02
0.04
0.00
1
3
1
0
7645
0.0000
0.0000
0.0000
0.0000
0.00
0.19
-0.12
0.01
0.01
-0.04
1
3
1
0
7655
0.0000
0.0000
0.0000
0.0000
0.19
0.06
0.00
0.03
0.00
-0.03
1
3
1
0
7665
0.0000
0.0000
0.0000
0.0000
0.37
0.12
0.06
-0.01
0.00
0.00
1
3
1
0
7675
0.0000
0.0000
0.0000
0.0000
0.56
0.25
0.06
0.02
0.00
0.00
1
3
1
0
7686
0.0000
0.0000
0.0000
0.0000
0.31
-0.06
-0.06
0.01
0.00
-0.01
1
3
1
0
7695
0.0000
0.0000
0.0000
0.0000
0.37
0.12
0.00
0.00
0.00
-0.01
1
3
1
0
7705
0.0000
0.0000
0.0000
0.0000
0.12
0.00
0.06
0.00
-0.01
-0.03
1
3
1
0
7715
0.0000
0.0000
0.0000
0.0000
0.12
-0.12
0.19
-0.02
0.00
0.02
1
3
1
0
7726
0.0000
0.0000
0.0000
0.0000
0.19
0.12
0.06
-0.01
0.02
0.00
1
3
1
0
7736
0.0000
0.0000
0.0000
0.0000
0.19
0.12
0.06
0.00
0.00
-0.01
1
3
1
0
7745
0.0000
0.0000
0.0000
0.0000
-0.06
0.06
0.06
-0.01
0.00
-0.05
1
3
1
0
7755
0.0000
0.0000
0.0000
0.0000
-0.19
0.06
-0.06
0.00
0.03
0.00
1
3
1
0
7766
0.0000
0.0000
0.0000
0.0000
-0.06
0.12
0.06
0.01
0.04
-0.02
1
3
1
0
7776
0.0000
0.0000
0.0000
0.0000
-0.12
0.06
0.06
0.00
0.02
0.00
1
3
1
0
7786
0.0000
0.0000
0.0000
0.0000
-0.12
0.06
0.06
0.02
0.03
-0.03
1
3
1
0
7795
0.0000
0.0000
0.0000
0.0000
0.00
-0.06
0.12
0.01
0.02
-0.04
1
3
1
0
7805
0.0000
0.0000
0.0000
0.0000
0.25
-0.06
0.06
0.01
0.03
-0.03
1
3
1
0
7816
0.0000
0.0000
0.0000
0.0000
0.37
-0.12
0.00
0.02
0.01
0.03
1
3
1
0
7825
0.0000
0.0000
0.0000
0.0000
0.37
0.06
0.00
0.00
0.00
0.00
1
3
1
0
7835
0.0000
0.0000
0.0000
0.0000
0.00
0.00
0.00
0.00
0.00
-0.03
1
3
1
0
7845
0.0000
0.0000
0.0000
0.0000
0.25
0.06
0.06
0.00
0.00
-0.03
1
3
1
0
7856
0.0000
0.0000
0.0000
0.0000
0.00
0.00
0.00
0.00
0.02
0.00
1
3
1
0
7865
0.0000
0.0000
0.0000
0.0000
0.00
0.00
0.00
-0.01
0.00
0.02
1
3
1
0
7875
0.0000
0.0000
0.0000
0.0000
-0.06
0.06
0.12
0.00
0.00
-0.01
1
3
1
0
7885
0.0000
0.0000
0.0000
0.0000
-0.19
-0.06
0.12
-0.04
0.00
0.02
1
3
1
0
7896
0.0000
0.0000
0.0000
0.0000
-0.25
-0.06
0.19
-0.01
0.01
-0.01
1
3
1
0
7906
0.0000
0.0000
0.0000
0.0000
-0.06
-0.12
0.00
-0.02
0.00
0.02
1
3
1
0
7916
0.0000
0.0000
0.0000
0.0000
0.00
0.12
-0.12
-0.01
0.02
0.01
1
3
1
0
7926
0.0000
0.0000
0.0000
0.0000
-0.19
-0.12
0.00
0.00
0.02
-0.02
1
3
1
0
7936
0.0000
0.0000
0.0000
0.0000
-0.19
-0.12
0.00
0.00
0.01
-0.02
1
3
1
0
7946
0.0000
0.0000
0.0000
0.0000
-0.19
-0.19
0.06
0.02
0.02
-0.04
1
3
1
0
7956
0.0000
0.0000
0.0000
0.0000
-0.06
-0.19
0.00
0.03
0.02
0.00
1
3
1
0
7966
0.0000
0.0000
0.0000
0.0000
0.00
0.12
0.06
0.01
0.00
-0.02
1
3
1
0
7976
0.0000
0.0000
0.0000
0.0000
0.06
0.00
0.06
0.00
0.00
-0.05
1
3
1
0
7986
0.0000
0.0000
0.0000
0.0000
0.00
0.12
0.06
0.03
0.00
-0.02
1
3
1
0
7996
0.0000
0.0000
0.0000
0.0000
0.25
0.12
0.06
0.00
0.00
0.00
1
3
1
0
8006
0.0000
0.0000
0.0000
0.0000
0.12
-0.06
0.06
-0.02
0.00
0.01
1
3
1
0
8016
0.0000
0.0000
0.0000
0.0000
0.25
0.19
0.06
0.02
0.00
-0.03
1
3
1
0
8027
0.0000
0.0000
0.0000
0.0000
0.00
0.06
0.06
-0.03
-0.02
0.03
1
3
1
0
8036
0.0000
0.0000
0.0000
0.0000
-0.12
0.00
0.06
0.01
0.01
-0.02
1
3
1
0
8046
0.0000
0.0000
0.0000
0.0000
-0.06
0.00
0.12
0.00
0.00
-0.02
1
3
1
0
8056
0.0000
0.0000
0.0000
0.0000
-0.19
-0.06
-0.06
0.01
0.01
-0.02
1
3
1
0
8067
0.0000
0.0000
0.0000
0.0000
-0.06
-0.06
0.19
-0.01
0.01
-0.01
1
3
1
0
8077
0.0000
0.0000
0.0000
0.0000
-0.19
0.00
0.06
0.01
0.00
-0.04
1
3
1
0
8086
0.0000
0.0000
0.0000
0.0000
-0.19
0.00
-0.12
-0.02
0.02
0.00
1
3
1
0
8096
0.0000
0.0000
0.0000
0.0000
-0.12
0.06
0.06
0.00
0.00
-0.02
1
3
1
0
8107
0.0000
0.0000
0.0000
0.0000
-0.06
-0.06
0.06
0.00
0.03
0.00
1
3
1
0
8116
0.0000
0.0000
0.0000
0.0000
-0.25
0.00
0.06
0.02
0.02
-0.03
1
3
1
0
8126
0.0000
0.0000
0.0000
0.0000
-0.12
0.00
0.06
0.01
0.02
-0.04
1
3
1
0
8136
0.0000
0.0000
0.0000
0.0000
-0.06
0.19
0.06
0.00
0.03
0.00
1
3
1
0
8146
0.0000
0.0000
0.0000
0.0000
0.06
0.00
0.06
0.00
0.01
-0.02
1
3
1
0
8157
0.0000
0.0000
0.0000
0.0000
0.06
-0.06
0.12
0.01
0.00
0.01
1
3
1
0
8167
0.0000
0.0000
0.0000
0.0000
0.12
-0.06
0.00
-0.01
0.00
0.00
1
3
1
0
8176
0.0000
0.0000
0.0000
0.0000
0.12
0.00
0.19
0.00
0.00
0.00
1
3
1
0
8186
0.0000
0.0000
0.0000
0.0000
0.37
0.00
0.00
-0.01
0.00
-0.02
1
3
1
0
8197
0.0000
0.0000
0.0000
0.0000
0.00
-0.12
-0.06
-0.01
0.00
-0.01
1
3
1
0
8207
0.0000
0.0000
0.0000
0.0000
0.25
0.00
0.00
-0.03
-0.02
0.00
1
3
1
0
8216
0.0000
0.0000
0.0000
0.0000
0.00
0.00
-0.12
-0.03
0.00
0.00
1
3
1
0
8226
0.0000
0.0000
0.0000
0.0000
-0.31
-0.25
0.00
0.00
0.00
-0.01
1
3
1
0
8237
0.0000
0.0000
0.0000
0.0000
-0.25
0.00
-0.06
-0.03
0.00
0.03
1
3
1
0
8247
0.0000
0.0000
0.0000
0.0000
-0.31
0.00
-0.12
0.00
0.02
-0.02
1
3
1
0
8257
0.0000
0.0000
0.0000
0.0000
-0.31
0.12
0.00
0.00
0.02
-0.01
1
3
1
0
8266
0.0000
0.0000
0.0000
0.0000
-0.37
0.00
0.00
0.01
0.03
-0.01
1
3
1
0
8276
0.0000
0.0000
0.0000
0.0000
-0.19
0.00
0.00
0.00
0.02
-0.01
1
3
1
0
8287
0.0000
0.0000
0.0000
0.0000
-0.12
-0.06
0.06
0.00
0.03
-0.02
1
3
1
0
8297
0.0000
0.0000
0.0000
0.0000
-0.06
-0.06
0.00
0.01
0.04
-0.02
1
3
1
0
8306
0.0000
0.0000
0.0000
0.0000
0.06
0.06
0.00
0.00
0.03
-0.06
1
3
1
0
8316
0.0000
0.0000
0.0000
0.0000
0.06
-0.12
-0.06
0.00
0.00
0.01
1
3
1
0
8327
0.0000
0.0000
0.0000
0.0000
0.00
0.00
0.00
0.00
0.00
0.01
1
3
1
0
8336
0.0000
0.0000
0.0000
0.0000
0.25
0.00
0.00
-0.02
0.00
0.04
1
3
1
0
8346
0.0000
0.0000
0.0000
0.0000
0.50
0.12
0.06
0.00
0.00
-0.02
1
3
1
0
8356
0.0000
0.0000
0.0000
0.0000
0.12
0.00
-0.06
-0.01
0.00
0.00
1
3
1
0
8367
0.0000
0.0000
0.0000
0.0000
0.12
0.00
0.00
0.00
0.00
-0.03
1
3
1
0
8377
0.0000
0.0000
0.0000
0.0000
0.00
-0.19
0.06
0.00
0.01
0.01
1
3
1
0
8387
0.0000
0.0000
0.0000
0.0000
-0.06
0.00
0.00
0.00
0.00
-0.02
1
3
1
0
8396
0.0000
0.0000
0.0000
0.0000
-0.19
0.00
0.00
0.00
0.03
-0.03
1
3
1
0
8407
0.0000
0.0000
0.0000
0.0000
-0.06
0.06
0.00
-0.01
0.02
-0.03
1
3
1
0
8417
0.0000
0.0000
0.0000
0.0000
-0.06
-0.06
0.12
0.00
0.02
0.00
1
3
1
0
8427
0.0000
0.0000
0.0000
0.0000
-0.12
0.06
0.12
0.00
0.00
0.01
1
3
1
0
8437
0.0000
0.0000
0.0000
0.0000
-0.06
0.06
-0.12
0.03
0.02
0.00
1
3
1
0
8446
0.0000
0.0000
0.0000
0.0000
0.06
-0.06
-0.06
0.01
0.02
-0.05
1
3
1
0
8457
0.0000
0.0000
0.0000
0.0000
0.00
-0.06
0.12
0.01
0.01
-0.02
1
3
1
0
8467
0.0000
0.0000
0.0000
0.0000
0.12
-0.06
0.06
0.01
0.00
-0.03
1
3
1
0
8477
0.0000
0.0000
0.0000
0.0000
0.19
-0.12
0.06
-0.01
0.00
0.02
1
3
1
0
8487
0.0000
0.0000
0.0000
0.0000
0.06
-0.12
0.00
-0.01
0.00
0.00
1
3
1
0
8497
0.0000
0.0000
0.0000
0.0000
0.19
0.06
-0.06
-0.01
0.00
-0.03
1
3
1
0
8507
0.0000
0.0000
0.0000
0.0000
0.25
-0.12
0.12
0.00
0.00
-0.01
1
3
1
0
8517
0.0000
0.0000
0.0000
0.0000
0.12
-0.06
0.06
-0.02
0.00
0.00
1
3
1
0
8527
0.0000
0.0000
0.0000
0.0000
0.12
0.06
0.06
0.00
0.00
0.00
1
3
1
0
8537
0.0000
0.0000
0.0000
0.0000
0.00
0.00
0.00
0.00
0.00
-0.03
1
3
1
0
8547
0.0000
0.0000
0.0000
0.0000
0.00
0.19
-0.12
0.00
0.00
-0.02
1
3
1
0
8557
0.0000
0.0000
0.0000
0.0000
-0.12
0.06
-0.06
0.00
0.00
0.02
1
3
1
0
8567
0.0000
0.0000
0.0000
0.0000
-0.12
-0.12
0.00
0.00
0.02
0.00
1
3
1
0
8578
0.0000
0.0000
0.0000
0.0000
-0.06
-0.12
0.06
0.00
0.04
-0.01
1
3
1
0
8588
0.0000
0.0000
0.0000
0.0000
-0.06
0.06
0.06
0.02
0.03
-0.04
1
3
1
0
8597
0.0000
0.0000
0.0000
0.0000
-0.06
-0.06
-0.06
0.02
0.03
-0.02
1
3
1
0
8607
0.0000
0.0000
0.0000
0.0000
-0.12
0.00
0.06
0.00
0.04
-0.03
1
3
1
0
8617
0.0000
0.0000
0.0000
0.0000
0.06
-0.06
0.06
0.00
0.01
0.01
1
3
1
0
8628
0.0000
0.0000
0.0000
0.0000
0.06
-0.06
-0.06
0.02
0.01
0.00
1
3
1
0
8637
0.0000
0.0000
0.0000
0.0000
0.06
0.12
0.00
0.00
0.02
0.00
1
3
1
0
8647
0.0000
0.0000
0.0000
0.0000
-0.06
0.06
0.00
0.01
0.01
-0.05
1
3
1
0
8657
0.0000
0.0000
0.0000
0.0000
0.12
0.06
0.12
-0.03
0.00
0.02
1
3
1
0
8668
0.0000
0.0000
0.0000
0.0000
0.19
0.19
0.00
0.00
0.01
-0.03
1
3
1
0
8678
0.0000
0.0000
0.0000
0.0000
0.19
0.06
0.00
0.01
0.00
-0.04
1
3
1
0
8687
0.0000
0.0000
0.0000
0.0000
0.19
0.19
0.12
0.00
0.00
0.00
1
3
1
0
8697
0.0000
0.0000
0.0000
0.0000
0.00
0.06
0.00
-0.01
0.00
-0.02
1
3
1
0
8708
0.0000
0.0000
0.0000
0.0000
0.06
-0.12
0.00
0.01
0.00
0.00
1
3
1
0
8718
0.0000
0.0000
0.0000
0.0000
-0.31
0.12
0.00
0.00
0.02
-0.02
1
3
1
0
8728
0.0000
0.0000
0.0000
0.0000
-0.19
-0.12
0.00
0.00
0.02
0.00
1
3
1
0
8737
0.0000
0.0000
0.0000
0.0000
-0.12
-0.12
-0.06
0.02
0.02
-0.02
1
3
1
0
8748
0.0000
0.0000
0.0000
0.0000
-0.19
-0.06
-0.06
0.00
0.01
-0.03
1
3
1
0
8758
0.0000
0.0000
0.0000
0.0000
-0.25
-0.06
0.00
0.00
0.03
0.00
1
3
1
0
8768
0.0000
0.0000
0.0000
0.0000
-0.06
0.00
0.06
0.03
0.04
-0.04
1
3
1
0
8778
0.0000
0.0000
0.0000
0.0000
0.00
0.00
0.00
0.00
0.02
-0.02
1
3
1
0
8787
0.0000
0.0000
0.0000
0.0000
0.06
-0.06
0.00
-0.01
0.01
0.01
1
3
1
0
8798
0.0000
0.0000
0.0000
0.0000
0.25
0.06
0.00
0.00
0.00
0.02
1
3
1
0
8808
0.0000
0.0000
0.0000
0.0000
0.44
-0.06
0.12
0.00
0.00
0.00
1
3
1
0
8818
0.0000
0.0000
0.0000
0.0000
0.31
0.00
0.12
-0.01
0.00
0.00
1
3
1
0
8827
0.0000
0.0000
0.0000
0.0000
0.25
0.06
0.19
-0.01
-0.01
-0.01
1
3
1
0
8838
0.0000
0.0000
0.0000
0.0000
0.25
0.00
0.06
0.00
-0.01
-0.05
1
3
1
0
8848
0.0000
0.0000
0.0000
0.0000
0.12
0.00
0.19
-0.03
0.01
0.00
1
3
1
0
8858
0.0000
0.0000
0.0000
0.0000
0.12
0.19
0.12
0.00
0.00
-0.01
1
3
1
0
8867
0.0000
0.0000
0.0000
0.0000
-0.31
-0.12
-0.06
0.01
0.03
-0.06
1
3
1
0
8879
0.0000
0.0000
0.0000
0.0000
-0.37
-0.12
-0.06
-0.02
0.00
-0.03
1
3
1
0
8888
0.0000
0.0000
0.0000
0.0000
-0.37
-0.12
-0.06
-0.01
0.02
0.01
1
3
1
0
8898
0.0000
0.0000
0.0000
0.0000
-0.31
0.00
0.00
0.00
0.02
-0.04
1
3
1
0
8908
0.0000
0.0000
0.0000
0.0000
-0.19
0.12
-0.19
-0.01
0.04
0.00
1
3
1
0
8919
0.0000
0.0000
0.0000
0.0000
-0.25
-0.12
0.00
0.01
0.05
-0.02
1
3
1
0
8929
0.0000
0.0000
0.0000
0.0000
-0.12
-0.06
-0.12
0.02
0.02
0.00
1
3
1
0
8938
0.0000
0.0000
0.0000
0.0000
-0.12
-0.06
-0.12
0.00
0.03
0.00
1
3
1
0
8948
0.0000
0.0000
0.0000
0.0000
0.00
-0.06
0.06
0.01
0.03
0.00
1
3
1
0
8958
0.0000
0.0000
0.0000
0.0000
-0.06
-0.25
0.06
-0.01
0.00
-0.01
1
3
1
0
8968
0.0000
0.0000
0.0000
0.0000
0.06
-0.06
0.06
0.00
0.01
-0.03
1
3
1
0
8978
0.0000
0.0000
0.0000
0.0000
0.31
-0.19
-0.06
0.00
-0.03
-0.03
1
3
1
0
8988
0.0000
0.0000
0.0000
0.0000
0.31
-0.19
-0.06
-0.01
-0.02
0.01
1
3
1
0
8998
0.0000
0.0000
0.0000
0.0000
0.31
-0.12
0.00
0.01
0.00
-0.04
1
3
1
0
9008
0.0000
0.0000
0.0000
0.0000
0.12
-0.12
0.06
0.00
0.00
-0.03
1
3
1
0
9018
0.0000
0.0000
0.0000
0.0000
-0.25
0.12
0.00
0.02
-0.01
-0.07
1
3
1
0
9028
0.0000
0.0000
0.0000
0.0000
-0.44
0.00
0.06
0.00
0.02
0.00
1
3
1
0
9038
0.0000
0.0000
0.0000
0.0000
-0.44
0.00
0.06
0.00
0.03
0.00
1
3
1
0
9049
0.0000
0.0000
0.0000
0.0000
-0.44
0.00
0.06
0.01
0.04
-0.01
1
3
1
0
9058
0.0000
0.0000
0.0000
0.0000
-0.37
-0.06
0.06
0.00
0.05
-0.02
1
3
1
0
9068
0.0000
0.0000
0.0000
0.0000
-0.19
0.06
0.00
0.01
0.02
-0.02
1
3
1
0
9078
0.0000
0.0000
0.0000
0.0000
0.06
-0.12
0.12
0.01
0.04
-0.05
1
3
1
0
9089
0.0000
0.0000
0.0000
0.0000
0.06
-0.12
0.12
-0.02
0.01
0.00
1
3
1
0
9099
0.0000
0.0000
0.0000
0.0000
0.12
0.06
0.00
0.02
0.00
0.00
1
3
1
0
9108
0.0000
0.0000
0.0000
0.0000
0.12
-0.12
0.00
0.02
0.01
-0.01
1
3
1
0
9118
0.0000
0.0000
0.0000
0.0000
0.31
0.12
0.06
0.02
-0.01
-0.02
1
3
1
0
9128
0.0000
0.0000
0.0000
0.0000
0.31
-0.12
0.12
0.00
0.00
0.01
1
3
1
0
9139
0.0000
0.0000
0.0000
0.0000
0.31
-0.12
0.12
-0.03
-0.03
0.00
1
3
1
0
9149
0.0000
0.0000
0.0000
0.0000
0.06
-0.06
0.06
0.00
-0.03
0.00
1
3
1
0
9158
0.0000
0.0000
0.0000
0.0000
0.00
0.00
0.06
0.01
0.00
-0.03
1
3
1
0
9168
0.0000
0.0000
0.0000
0.0000
-0.31
-0.19
0.06
0.02
0.01
0.00
1
3
1
0
9179
0.0000
0.0000
0.0000
0.0000
-0.37
0.06
0.00
-0.01
0.00
0.00
1
3
1
0
9189
0.0000
0.0000
0.0000
0.0000
-0.37
0.06
0.00
0.00
0.01
-0.01
1
3
1
0
9198
0.0000
0.0000
0.0000
0.0000
-0.31
0.06
-0.06
-0.01
0.02
-0.03
1
3
1
0
9208
0.0000
0.0000
0.0000
0.0000
-0.37
0.19
0.06
0.01
0.02
0.00
1
3
1
0
9219
0.0000
0.0000
0.0000
0.0000
-0.06
0.00
-0.06
0.00
0.03
0.02
1
3
1
0
9229
0.0000
0.0000
0.0000
0.0000
0.12
0.19
0.06
0.02
0.05
0.00
1
3
1
0
9239
0.0000
0.0000
0.0000
0.0000
0.12
0.00
0.06
0.01
0.00
0.00
1
3
1
0
9248
0.0000
0.0000
0.0000
0.0000
0.06
-0.12
-0.06
0.00
0.00
-0.02
1
3
1
0
9259
0.0000
0.0000
0.0000
0.0000
0.19
-0.06
0.06
0.01
0.01
-0.01
1
3
1
0
9269
0.0000
0.0000
0.0000
0.0000
0.25
-0.12
0.06
0.00
0.00
0.02
1
3
1
0
9279
0.0000
0.0000
0.0000
0.0000
0.31
0.00
0.06
0.00
0.00
-0.01
1
3
1
0
9289
0.0000
0.0000
0.0000
0.0000
0.06
0.06
0.00
-0.02
0.00
-0.01
1
3
1
0
9298
0.0000
0.0000
0.0000
0.0000
0.06
-0.06
-0.06
0.00
0.00
-0.05
1
3
1
0
9309
0.0000
0.0000
0.0000
0.0000
-0.06
0.00
0.06
0.00
0.00
0.00
1
3
1
0
9319
0.0000
0.0000
0.0000
0.0000
-0.12
0.06
0.06
-0.02
0.02
0.00
1
3
1
0
9329
0.0000
0.0000
0.0000
0.0000
-0.25
0.06
0.06
-0.02
0.01
0.01
1
3
1
0
9338
0.0000
0.0000
0.0000
0.0000
-0.31
0.06
0.12
-0.01
0.00
-0.01
1
3
1
0
9349
0.0000
0.0000
0.0000
0.0000
-0.25
-0.06
0.00
0.00
0.00
-0.03
1
3
1
0
9359
0.0000
0.0000
0.0000
0.0000
-0.37
-0.06
-0.06
0.01
0.03
-0.02
1
3
1
0
9369
0.0000
0.0000
0.0000
0.0000
-0.25
-0.12
0.00
0.03
0.04
-0.01
1
3
1
0
9379
0.0000
0.0000
0.0000
0.0000
-0.19
-0.06
-0.12
0.02
0.02
-0.02
1
3
1
0
9390
0.0000
0.0000
0.0000
0.0000
-0.19
-0.06
-0.12
0.01
0.00
-0.01
1
3
1
0
9399
0.0000
0.0000
0.0000
0.0000
0.00
-0.19
0.06
0.02
0.02
-0.02
1
3
1
0
9409
0.0000
0.0000
0.0000
0.0000
0.19
-0.12
0.00
0.01
0.00
0.00
1
3
1
0
9419
0.0000
0.0000
0.0000
0.0000
0.19
0.00
-0.06
0.02
0.00
-0.03
1
3
1
0
9430
0.0000
0.0000
0.0000
0.0000
0.25
-0.12
-0.12
0.02
-0.01
-0.04
1
3
1
0
9440
0.0000
0.0000
0.0000
0.0000
0.25
-0.12
-0.12
0.00
-0.01
-0.01
1
3
1
0
9449
0.0000
0.0000
0.0000
0.0000
0.25
-0.12
0.06
-0.01
-0.03
0.00
1
3
1
0
9459
0.0000
0.0000
0.0000
0.0000
0.06
0.06
0.06
0.00
0.00
0.01
1
3
1
0
9469
0.0000
0.0000
0.0000
0.0000
-0.12
-0.06
0.12
-0.05
-0.01
0.05
1
3
1
0
9480
0.0000
0.0000
0.0000
0.0000
-0.37
0.00
0.00
-0.02
0.02
-0.02
1
3
1
0
9489
0.0000
0.0000
0.0000
0.0000
-0.37
0.00
0.00
0.00
0.03
-0.01
1
3
1
0
9499
0.0000
0.0000
0.0000
0.0000
-0.50
0.00
-0.12
0.00
0.04
0.00
1
3
1
0
9509
0.0000
0.0000
0.0000
0.0000
-0.31
0.06
-0.06
-0.01
0.04
0.02
1
3
1
0
9520
0.0000
0.0000
0.0000
0.0000
-0.31
0.00
0.00
0.00
0.03
0.00
1
3
1
0
9530
0.0000
0.0000
0.0000
0.0000
-0.25
-0.12
0.00
-0.01
0.02
-0.04
1
3
1
0
9539
0.0000
0.0000
0.0000
0.0000
0.12
0.00
0.06
0.02
0.03
-0.03
1
3
1
0
9549
0.0000
0.0000
0.0000
0.0000
0.19
-0.06
0.12
-0.01
0.02
0.03
1
3
1
0
9560
0.0000
0.0000
0.0000
0.0000
0.25
0.00
-0.06
0.02
0.00
0.00
1
3
1
0
9570
0.0000
0.0000
0.0000
0.0000
0.31
-0.06
-0.06
0.02
0.00
-0.01
1
3
1
0
9579
0.0000
0.0000
0.0000
0.0000
0.25
0.06
0.06
0.00
-0.01
-0.01
1
3
1
0
9589
0.0000
0.0000
0.0000
0.0000
0.19
-0.06
-0.06
0.00
0.00
0.00
1
3
1
0
9600
0.0000
0.0000
0.0000
0.0000
0.12
0.00
-0.12
-0.01
0.02
0.03
1
3
1
0
9610
0.0000
0.0000
0.0000
0.0000
0.00
0.06
-0.06
0.00
-0.01
-0.02
1
3
1
0
9620
0.0000
0.0000
0.0000
0.0000
-0.19
-0.19
0.00
-0.02
0.00
-0.05
1
3
1
0
9630
0.0000
0.0000
0.0000
0.0000
-0.31
-0.06
-0.12
0.00
0.01
-0.02
1
3
1
0
9639
0.0000
0.0000
0.0000
0.0000
-0.31
0.00
0.00
-0.01
0.01
-0.04
1
3
1
0
9650
0.0000
0.0000
0.0000
0.0000
-0.31
-0.12
-0.12
0.00
0.02
0.00
1
3
1
0
9660
0.0000
0.0000
0.0000
0.0000
-0.25
-0.12
-0.12
0.00
0.02
-0.02
1
3
1
0
9670
0.0000
0.0000
0.0000
0.0000
-0.25
0.00
-0.06
0.00
0.01
-0.02
1
3
1
0
9679
0.0000
0.0000
0.0000
0.0000
-0.12
-0.25
-0.06
0.00
0.04
0.00
1
3
1
0
9690
0.0000
0.0000
0.0000
0.0000
0.19
-0.19
-0.12
0.00
0.02
-0.03
1
3
1
0
9700
0.0000
0.0000
0.0000
0.0000
0.19
0.12
-0.06
0.01
0.02
-0.03
1
3
1
0
9710
0.0000
0.0000
0.0000
0.0000
0.12
0.06
-0.19
0.01
0.01
0.00
1
3
1
0
9719
0.0000
0.0000
0.0000
0.0000
0.00
0.06
0.06
0.02
-0.01
-0.04
1
3
1
0
9730
0.0000
0.0000
0.0000
0.0000
0.06
0.00
0.00
0.00
0.00
0.01
1
3
1
0
9740
0.0000
0.0000
0.0000
0.0000
-0.06
0.06
-0.06
0.00
0.01
0.00
1
3
1
0
9750
0.0000
0.0000
0.0000
0.0000
0.06
0.00
0.06
0.02
0.00
-0.03
1
3
1
0
9760
0.0000
0.0000
0.0000
0.0000
0.00
-0.06
0.00
0.00
0.00
-0.03
1
3
1
0
9769
0.0000
0.0000
0.0000
0.0000
-0.06
0.00
0.00
0.01
0.01
-0.04
1
3
1
0
9780
0.0000
0.0000
0.0000
0.0000
-0.06
-0.12
0.06
0.00
0.00
0.00
1
3
1
0
9790
0.0000
0.0000
0.0000
0.0000
-0.06
0.19
-0.06
0.00
0.01
-0.02
1
3
1
0
9800
0.0000
0.0000
0.0000
0.0000
-0.06
0.06
-0.06
-0.02
0.02
0.00
1
3
1
0
9810
0.0000
0.0000
0.0000
0.0000
-0.12
-0.06
-0.06
0.00
0.01
-0.01
1
3
1
0
9820
0.0000
0.0000
0.0000
0.0000
-0.25
0.06
-0.12
-0.02
0.01
0.00
1
3
1
0
9830
0.0000
0.0000
0.0000
0.0000
-0.31
-0.12
-0.12
0.00
0.02
0.00
1
3
1
0
9840
0.0000
0.0000
0.0000
0.0000
-0.12
-0.19
0.00
0.00
0.03
0.00
1
3
1
0
9850
0.0000
0.0000
0.0000
0.0000
-0.12
0.06
0.00
0.00
0.04
-0.03
1
3
1
0
9860
0.0000
0.0000
0.0000
0.0000
0.00
0.06
0.00
0.01
0.01
-0.01
1
3
1
0
9870
0.0000
0.0000
0.0000
0.0000
-0.06
0.12
-0.06
0.00
0.00
0.00
1
3
1
0
9880
0.0000
0.0000
0.0000
0.0000
0.06
0.00
0.12
0.00
0.02
-0.01
1
3
1
0
9890
0.0000
0.0000
0.0000
0.0000
0.31
0.00
0.06
0.03
0.00
0.00
1
3
1
0
9901
0.0000
0.0000
0.0000
0.0000
0.31
0.06
0.06
0.03
0.00
-0.02
1
3
1
0
9910
0.0000
0.0000
0.0000
0.0000
0.25
0.00
0.06
0.00
0.00
-0.03
1
3
1
0
9920
0.0000
0.0000
0.0000
0.0000
0.12
-0.12
0.06
-0.01
0.00
-0.03
1
3
1
0
9930
0.0000
0.0000
0.0000
0.0000
0.12
0.19
0.19
0.00
0.01
-0.02
1
3
1
0
9940
0.0000
0.0000
0.0000
0.0000
0.12
0.19
0.19
-0.02
0.00
0.01
1
3
1
0
9951
0.0000
0.0000
0.0000
0.0000
-0.19
0.12
0.12
-0.02
0.00
-0.06
1
3
1
0
9960
0.0000
0.0000
0.0000
0.0000
-0.31
0.19
0.00
0.00
0.02
-0.03
1
3
1
0
9970
0.0000
0.0000
0.0000
0.0000
-0.50
0.00
0.19
0.01
0.04
-0.05
1
3
1
0
9980
0.0000
0.0000
0.0000
0.0000
-0.19
0.06
0.06
-0.01
0.03
0.00
1
3
1
0
9991
0.0000
0.0000
0.0000
0.0000
-0.19
0.06
0.06
0.00
0.02
-0.02
1
3
1
0
10000
0.0000
0.0000
0.0000
0.0000
-0.12
0.19
-0.06
-0.01
0.02
-0.01
1
3
1
0
10010
0.0000
0.0000
0.0000
0.0000
-0.06
0.12
0.19
0.00
0.03
-0.01
1
3
1
0
10020
0.0000
0.0000
0.0000
0.0000
0.00
0.00
0.06
0.02
0.00
0.00
1
3
1
0
10031
0.0000
0.0000
0.0000
0.0000
0.63
0.00
0.19
0.03
0.00
-0.01
1
3
1
0
10041
0.0000
0.0000
0.0000
0.0000
0.63
0.00
0.19
0.02
0.01
0.00
1
3
1
0
10050
0.0000
0.0000
0.0000
0.0000
0.50
-0.06
0.00
0.01
-0.01
-0.01
1
3
1
0
10060
0.0000
0.0000
0.0000
0.0000
0.12
-0.12
0.06
-0.01
0.00
0.01
1
3
1
0
10071
0.0000
0.0000
0.0000
0.0000
0.06
0.00
0.19
-0.01
-0.01
0.00
1
3
1
0
10081
0.0000
0.0000
0.0000
0.0000
0.00
-0.06
0.06
-0.01
0.00
0.04
1
3
1
0
10091
0.0000
0.0000
0.0000
0.0000
-0.25
0.00
0.06
0.00
0.02
-0.03
1
3
1
0
10100
0.0000
0.0000
0.0000
0.0000
-0.44
0.06
0.06
0.00
0.05
-0.05
1
3
1
0
10110
0.0000
0.0000
0.0000
0.0000
-0.37
0.06
0.06
-0.02
0.03
-0.01
1
3
1
0
10121
