0.6943
0.6437
-0.0038
0.12
0.00
-0.50
0.12
-0.10
-0.05
0
3
1
0
13776
0.3217
0.6943
0.6437
-0.0038
0.00
-0.25
-0.25
0.14
-0.08
0.06
0
3
1
0
13787
0.3217
0.6943
0.6437
-0.0038
-0.12
-0.31
-0.12
-0.04
0.03
-0.16
0
3
1
0
13796
0.3217
0.6943
0.6437
-0.0038
0.31
0.06
0.50
0.13
-0.06
-0.02
0
3
1
0
13806
0.3217
0.6943
0.6437
-0.0038
0.00
-0.37
0.12
0.12
0.05
0.01
0
3
1
0
13816
0.3217
0.6943
0.6438
-0.0038
-0.37
0.12
-0.63
0.07
-0.05
-0.09
0
3
1
0
13827
0.3217
0.6943
0.6438
-0.0038
0.56
0.56
0.06
0.13
-0.10
-0.08
0
3
1
0
13836
0.3217
0.6943
0.6438
-0.0038
-0.12
-0.12
0.00
0.08
-0.01
-0.09
0
3
1
0
13846
0.3217
0.6943
0.6438
-0.0038
-0.37
-0.37
-0.25
0.05
-0.02
-0.05
0
3
1
0
13856
0.3217
0.6943
0.6438
-0.0038
0.19
-0.19
0.25
0.12
-0.03
-0.01
0
3
1
0
13867
0.3217
0.6943
0.6437
-0.0038
0.00
0.19
0.63
0.10
0.03
-0.03
0
3
1
0
13876
0.3217
0.6944
0.6437
-0.0037
-0.25
0.37
0.63
0.13
-0.02
-0.01
0
3
1
0
13886
0.3217
0.6944
0.6437
-0.0037
-0.12
0.81
0.50
0.17
-0.05
-0.09
0
3
1
0
13896
0.3217
0.6944
0.6437
-0.0037
-0.12
0.50
0.25
0.14
-0.01
-0.10
0
3
1
0
13906
0.3217
0.6944
0.6437
-0.0037
-0.25
-0.25
-0.50
0.10
-0.05
-0.04
0
3
1
0
13917
0.3217
0.6943
0.6437
-0.0038
0.00
-1.25
-1.00
0.03
-0.03
-0.01
0
3
1
0
13926
0.3218
0.6943
0.6437
-0.0039
0.56
-1.56
-0.81
0.02
0.01
-0.01
0
3
1
0
13936
0.3218
0.6943
0.6437
-0.0039
0.44
-0.81
-0.81
0.05
-0.06
-0.03
0
3
1
0
13946
0.3218
0.6942
0.6438
-0.0040
0.19
0.25
-0.56
0.07
-0.07
-0.06
0
3
1
0
13956
0.3218
0.6943
0.6438
-0.0039
-0.44
1.31
0.69
0.11
-0.11
-0.06
0
3
1
0
13966
0.3218
0.6943
0.6438
-0.0039
-0.63
1.50
2.19
0.14
-0.02
-0.07
0
3
1
0
13975
0.3217
0.6943
0.6437
-0.0037
-0.63
1.50
2.19
0.11
0.00
-0.05
0
3
1
0
13984
0.3217
0.6945
0.6436
-0.0036
-0.06
-0.50
0.19
0.08
0.00
-0.05
0
3
1
0
13996
0.3217
0.6945
0.6436
-0.0036
0.56
-1.44
-1.63
0.05
-0.06
-0.03
0
3
1
0
14006
0.3218
0.6944
0.6437
-0.0037
0.69
-1.44
-2.13
0.05
-0.10
-0.06
0
3
1
0
14016
0.3218
0.6943
0.6437
-0.0039
0.37
-0.75
-1.31
0.03
-0.09
-0.06
0
3
1
0
14025
0.3218
0.6942
0.6438
-0.0040
0.37
-0.75
-1.31
0.16
-0.10
0.00
0
3
1
0
14034
0.3218
0.6942
0.6438
-0.0040
-0.69
1.56
2.31
0.12
0.00
-0.11
0
3
1
0
14046
0.3218
0.6943
0.6437
-0.0038
-0.69
1.69
2.38
0.14
0.02
-0.07
0
3
1
0
14056
0.3217
0.6944
0.6436
-0.0036
-0.31
0.25
0.94
0.16
0.01
-0.02
0
3
1
0
14066
0.3218
0.6944
0.6436
-0.0037
0.12
-0.69
-1.12
0.09
-0.02
-0.05
0
3
1
0
14075
0.3218
0.6943
0.6437
-0.0038
0.94
-1.19
-2.06
0.08
-0.08
-0.02
0
3
1
0
14086
0.3219
0.6942
0.6437
-0.0040
0.44
-1.50
-1.69
0.07
-0.09
-0.04
0
3
1
0
14096
0.3219
0.6942
0.6437
-0.0040
-0.06
-0.69
-0.37
0.02
-0.06
-0.03
0
3
1
0
14106
0.3219
0.6942
0.6437
-0.0040
-0.12
0.63
1.06
0.12
0.00
0.00
0
3
1
0
14115
0.3219
0.6943
0.6437
-0.0040
-0.50
1.31
1.69
0.10
0.00
-0.03
0
3
1
0
14125
0.3218
0.6944
0.6436
-0.0038
-0.44
1.19
1.00
0.12
0.00
-0.10
0
3
1
0
14135
0.3217
0.6945
0.6436
-0.0037
-0.12
0.69
0.25
0.14
-0.04
-0.07
0
3
1
0
14145
0.3217
0.6945
0.6436
-0.0037
0.19
-0.50
-0.44
0.12
-0.05
-0.02
0
3
1
0
14155
0.3217
0.6945
0.6436
-0.0037
0.25
-0.88
-0.94
0.06
-0.04
-0.03
0
3
1
0
14166
0.3218
0.6943
0.6437
-0.0038
0.31
-1.12
-0.94
0.06
-0.06
-0.03
0
3
1
0
14176
0.3218
0.6943
0.6437
-0.0038
0.12
-0.56
-0.25
0.05
-0.02
-0.01
0
3
1
0
14186
0.3218
0.6943
0.6437
-0.0038
0.12
0.37
0.19
0.09
-0.03
-0.09
0
3
1
0
14195
0.3218
0.6943
0.6437
-0.0038
-0.19
0.75
0.63
0.11
-0.04
-0.05
0
3
1
0
14205
0.3218
0.6943
0.6437
-0.0038
-0.31
0.88
0.94
0.12
-0.02
-0.09
0
3
1
0
14216
0.3217
0.6945
0.6436
-0.0037
-0.19
0.44
0.75
0.12
-0.05
-0.05
0
3
1
0
14226
0.3217
0.6945
0.6436
-0.0037
0.06
-0.19
0.06
0.10
0.00
-0.02
0
3
1
0
14235
0.3217
0.6945
0.6436
-0.0037
0.12
-0.88
-0.63
0.08
-0.01
-0.06
0
3
1
0
14245
0.3218
0.6943
0.6437
-0.0038
0.25
-0.69
-1.06
0.07
-0.03
-0.02
0
3
1
0
14256
0.3218
0.6943
0.6437
-0.0038
0.19
-0.44
-0.69
0.08
-0.08
-0.05
0
3
1
0
14266
0.3218
0.6943
0.6437
-0.0038
0.00
0.06
0.06
0.08
-0.04
0.00
0
3
1
0
14275
0.3218
0.6943
0.6437
-0.0038
-0.12
0.50
0.50
0.10
-0.04
-0.06
0
3
1
0
14285
0.3218
0.6943
0.6437
-0.0038
-0.31
0.75
1.00
0.10
-0.02
-0.07
0
3
1
0
14296
0.3218
0.6944
0.6437
-0.0038
-0.06
0.44
0.75
0.10
-0.02
-0.04
0
3
1
0
14306
0.3218
0.6944
0.6436
-0.0038
0.12
0.00
-0.06
0.11
-0.04
-0.05
0
3
1
0
14316
0.3218
0.6944
0.6437
-0.0038
0.25
-0.37
-0.69
0.09
-0.05
-0.02
0
3
1
0
14325
0.3218
0.6943
0.6437
-0.0038
0.25
-0.56
-0.81
0.09
-0.06
-0.04
0
3
1
0
14336
0.3218
0.6943
0.6437
-0.0038
0.19
-0.37
-0.31
0.09
-0.04
-0.04
0
3
1
0
14346
0.3218
0.6943
0.6437
-0.0038
-0.12
-0.06
0.12
0.09
-0.03
-0.08
0
3
1
0
14356
0.3218
0.6944
0.6437
-0.0038
-0.25
0.37
0.63
0.10
-0.02
-0.05
0
3
1
0
14365
0.3218
0.6944
0.6437
-0.0038
-0.06
0.44
0.56
0.09
-0.03
-0.06
0
3
1
0
14375
0.3218
0.6944
0.6437
-0.0038
-0.06
0.12
0.31
0.09
-0.04
-0.06
0
3
1
0
14386
0.3218
0.6944
0.6437
-0.0038
0.06
0.00
-0.06
0.11
-0.04
-0.07
0
3
1
0
14395
0.3218
0.6944
0.6437
-0.0038
0.12
-0.31
-0.19
0.08
-0.03
-0.06
0
3
1
0
14405
0.3218
0.6944
0.6437
-0.0038
0.12
-0.31
-0.25
0.08
-0.05
-0.02
0
3
1
0
14415
0.3218
0.6944
0.6437
-0.0038
0.00
-0.19
-0.25
0.08
-0.03
-0.05
0
3
1
0
14426
0.3218
0.6944
0.6437
-0.0038
0.06
-0.06
0.06
0.08
-0.03
-0.01
0
3
1
0
14435
0.3218
0.6944
0.6437
-0.0038
-0.12
0.25
0.25
0.07
-0.04
-0.05
0
3
1
0
14445
0.3218
0.6944
0.6437
-0.0038
-0.06
0.31
0.19
0.11
-0.03
-0.05
0
3
1
0
14455
0.3218
0.6944
0.6437
-0.0038
-0.06
0.25
0.25
0.10
-0.03
-0.07
0
3
1
0
14466
0.3218
0.6944
0.6437
-0.0038
0.06
-0.06
0.06
0.11
-0.03
-0.06
0
3
1
0
14476
0.3218
0.6944
0.6437
-0.0038
-0.06
-0.12
-0.12
0.11
-0.03
-0.02
0
3
1
0
14485
0.3218
0.6944
0.6437
-0.0038
0.19
-0.44
-0.06
0.08
-0.05
-0.04
0
3
1
0
14495
0.3218
0.6944
0.6437
-0.0038
0.19
-0.12
-0.12
0.08
-0.05
-0.05
0
3
1
0
14505
0.3218
0.6944
0.6437
-0.0038
0.00
0.06
0.12
0.10
-0.05
-0.05
0
3
1
0
14516
0.3218
0.6944
0.6437
-0.0038
-0.19
0.19
0.25
0.10
-0.03
-0.07
0
3
1
0
14525
0.3218
0.6944
0.6437
-0.0038
-0.19
0.25
0.25
0.11
-0.03
-0.03
0
3
1
0
14535
0.3218
0.6944
0.6437
-0.0038
-0.12
0.00
0.25
0.12
-0.03
-0.08
0
3
1
0
14545
0.3218
0.6944
0.6437
-0.0038
-0.06
-0.31
-0.06
0.10
-0.05
-0.07
0
3
1
0
14556
0.3218
0.6944
0.6437
-0.0038
0.06
-0.31
-0.31
0.08
-0.07
-0.02
0
3
1
0
14566
0.3218
0.6944
0.6437
-0.0038
0.19
-0.31
-0.25
0.08
-0.03
-0.06
0
3
1
0
14575
0.3218
0.6944
0.6437
-0.0038
0.06
-0.25
-0.12
0.06
-0.06
-0.01
0
3
1
0
14585
0.3218
0.6944
0.6437
-0.0038
0.00
0.00
0.06
0.09
-0.04
-0.08
0
3
1
0
14596
0.3218
0.6944
0.6437
-0.0038
-0.12
0.25
0.44
0.11
-0.03
-0.06
0
3
1
0
14605
0.3218
0.6944
0.6437
-0.0038
-0.12
0.50
0.37
0.12
-0.01
-0.04
0
3
1
0
14615
0.3218
0.6944
0.6437
-0.0038
-0.06
0.56
0.31
0.13
-0.03
-0.06
0
3
1
0
14625
0.3218
0.6944
0.6437
-0.0038
0.19
-0.06
-0.06
0.13
-0.02
-0.08
0
3
1
0
14636
0.3218
0.6944
0.6437
-0.0038
0.06
-0.25
-0.31
0.07
-0.06
-0.06
0
3
1
0
14645
0.3218
0.6944
0.6436
-0.0038
0.12
-0.63
-0.25
0.09
-0.06
-0.04
0
3
1
0
14655
0.3218
0.6944
0.6436
-0.0038
-0.06
-0.44
-0.25
0.05
-0.03
-0.02
0
3
1
0
14665
0.3218
0.6944
0.6436
-0.0038
0.00
-0.06
-0.06
0.10
-0.03
-0.02
0
3
1
0
14675
0.3218
0.6944
0.6436
-0.0038
-0.06
0.12
0.12
0.11
-0.05
-0.04
0
3
1
0
14685
0.3218
0.6944
0.6436
-0.0038
-0.12
0.50
0.44
0.13
-0.04
-0.07
0
3
1
0
14695
0.3218
0.6944
0.6436
-0.0038
-0.25
0.63
0.69
0.12
-0.05
-0.09
0
3
1
0
14705
0.3218
0.6944
0.6436
-0.0038
-0.12
0.50
0.50
0.12
-0.03
-0.08
0
3
1
0
14715
0.3218
0.6944
0.6436
-0.0038
0.06
-0.19
0.06
0.09
-0.03
-0.06
0
3
1
0
14725
0.3218
0.6944
0.6436
-0.0038
0.00
-0.88
-0.63
0.07
-0.04
-0.04
0
3
1
0
14735
0.3218
0.6944
0.6436
-0.0038
0.25
-1.06
-0.81
0.05
-0.02
-0.04
0
3
1
0
14745
0.3219
0.6943
0.6437
-0.0039
0.37
-0.69
-0.63
0.08
-0.07
-0.02
0
3
1
0
14755
0.3219
0.6943
0.6437
-0.0040
0.06
0.06
-0.25
0.10
-0.06
-0.05
0
3
1
0
14766
0.3218
0.6943
0.6436
-0.0039
-0.25
0.94
0.88
0.11
-0.04
-0.06
0
3
1
0
14775
0.3218
0.6944
0.6436
-0.0038
-0.37
1.19
1.44
0.12
-0.04
-0.04
0
3
1
0
14785
0.3218
0.6944
0.6436
-0.0038
-0.31
0.94
1.37
0.14
0.00
-0.07
0
3
1
0
14795
0.3217
0.6945
0.6436
-0.0037
-0.19
0.06
0.31
0.10
-0.01
-0.05
0
3
1
0
14804
0.3217
0.6945
0.6436
-0.0037
0.31
-0.81
-1.00
0.08
-0.04
-0.07
0
3
1
0
14815
0.3218
0.6945
0.6436
-0.0038
0.50
-1.25
-1.69
0.04
-0.07
-0.02
0
3
1
0
14824
0.3218
0.6943
0.6436
-0.0039
0.44
-1.12
-1.31
0.05
-0.07
-0.01
0
3
1
0
14834
0.3219
0.6943
0.6437
-0.0040
0.06
-0.25
-0.25
0.07
-0.04
-0.02
0
3
1
0
14844
0.3219
0.6943
0.6437
-0.0040
-0.25
0.50
0.81
0.08
-0.04
-0.06
0
3
1
0
14855
0.3219
0.6943
0.6436
-0.0040
-0.37
1.19
1.44
0.15
-0.02
-0.05
0
3
1
0
14865
0.3218
0.6944
0.6436
-0.0038
-0.44
1.12
1.37
0.17
-0.02
-0.07
0
3
1
0
14874
0.3218
0.6945
0.6436
-0.0037
-0.44
1.12
1.37
0.15
-0.02
-0.09
0
3
1
0
14883
0.3218
0.6945
0.6435
-0.0037
0.06
-0.06
-0.44
0.11
-0.01
-0.08
0
3
1
0
14895
0.3218
0.6945
0.6435
-0.0037
0.25
-1.06
-1.06
0.04
-0.04
-0.01
0
3
1
0
14905
0.3218
0.6945
0.6436
-0.0038
0.44
-1.31
-1.31
0.05
-0.06
0.00
0
3
1
0
14915
0.3220
0.6943
0.6436
-0.0040
0.50
-0.88
-0.94
0.07
-0.05
-0.03
0
3
1
0
14925
0.3220
0.6943
0.6436
-0.0040
0.12
0.00
-0.25
0.09
-0.05
-0.05
0
3
1
0
14935
0.3220
0.6943
0.6436
-0.0040
-0.31
0.81
0.63
0.12
-0.05
-0.07
0
3
1
0
14945
0.3219
0.6944
0.6436
-0.0040
-0.50
1.25
1.63
0.15
-0.01
-0.07
0
3
1
0
14955
0.3218
0.6945
0.6435
-0.0037
-0.31
0.94
1.25
0.14
-0.01
-0.05
0
3
1
0
14965
0.3218
0.6945
0.6435
-0.0037
-0.25
0.06
0.12
0.10
-0.01
-0.05
0
3
1
0
14974
0.3218
0.6945
0.6435
-0.0038
0.19
-0.81
-0.75
0.08
-0.04
-0.02
0
3
1
0
14985
0.3219
0.6944
0.6436
-0.0039
0.31
-1.12
-1.31
0.08
-0.08
-0.01
0
3
1
0
14995
0.3220
0.6943
0.6436
-0.0040
0.37
-0.88
-1.00
0.05
-0.06
-0.04
0
3
1
0
15005
0.3220
0.6943
0.6436
-0.0040
0.00
-0.44
-0.19
0.08
-0.05
-0.03
0
3
1
0
15014
0.3220
0.6944
0.6436
-0.0040
-0.12
0.25
0.75
0.11
-0.02
-0.05
0
3
1
0
15025
0.3219
0.6945
0.6435
-0.0039
-0.19
1.06
1.19
0.09
-0.01
-0.08
0
3
1
0
15035
0.3219
0.6945
0.6435
-0.0039
-0.31
0.81
1.12
0.14
-0.01
-0.08
0
3
1
0
15045
0.3218
0.6945
0.6434
-0.0038
-0.25
0.37
0.50
0.12
0.00
-0.05
0
3
1
0
15054
0.3218
0.6945
0.6434
-0.0038
0.12
-0.37
-0.37
0.10
-0.05
-0.06
0
3
1
0
15065
0.3219
0.6945
0.6435
-0.0039
0.56
-0.81
-1.00
0.09
-0.04
-0.02
0
3
1
0
15075
0.3220
0.6944
0.6436
-0.0040
0.37
-1.00
-1.25
0.06
-0.08
-0.03
0
3
1
0
15085
0.3220
0.6944
0.6436
-0.0040
0.00
-0.69
-0.63
0.06
-0.07
-0.04
0
3
1
0
15094
0.3220
0.6943
0.6436
-0.0040
0.00
0.06
0.50
0.09
-0.03
-0.05
0
3
1
0
15105
0.3220
0.6943
0.6436
-0.0040
-0.37
0.50
1.19
00
3
1
0
25931
0.3219
0.6945
0.6435
-0.0038
0.06
0.12
0.00
0.09
-0.03
-0.04
0
3
1
0
25942
0.3219
0.6945
0.643
3
1
0
25931
0.3219
0.6945
0.6435
-0.0038
0.06
0.12
0.00
0.09
-0.03
-0.04
0
3
1
0
25942
0.3219
0.6945
0.6435
-0.0038
-0.12
0.06
0.00
0.10
-0.06
-0.06
0
3
1
0
25952
0.3219
0.6945
0.6435
-0.0038
-0.06
0.25
0.00
0.06
-0.02
-0.11
0
3
1
0
25961
0.3219
0.6945
0.6435
-0.0038
-0.06
0.19
0.31
0.15
-0.07
0.01
0
3
1
0
25971
0.3219
0.6945
0.6435
-0.0038
-0.19
-0.06
0.19
0.07
0.00
-0.08
0
3
1
0
25981
0.3219
0.6945
0.6435
-0.0038
0.00
0.06
-0.12
0.08
-0.05
-0.04
0
3
1
0
25992
0.3219
0.6945
0.6435
-0.0038
0.19
-0.25
0.12
0.11
-0.03
-0.01
0
3
1
0
26002
0.3219
0.6945
0.6435
-0.0038
0.00
-0.19
-0.44
0.09
-0.03
-0.05
0
3
1
0
26011
0.3219
0.6945
0.6435
-0.0038
0.12
0.25
-0.31
0.09
-0.07
-0.08
0
3
1
0
26021
0.3219
0.6945
0.6435
-0.0038
-0.19
0.25
0.25
0.13
-0.04
-0.08
0
3
1
0
26032
0.3219
0.6945
0.6435
-0.0038
-0.25
0.12
0.37
0.09
-0.03
-0.04
0
3
1
0
26041
0.3219
0.6945
0.6435
-0.0038
0.12
0.31
0.31
0.12
-0.03
-0.07
0
3
1
0
26051
0.3219
0.6945
0.6435
-0.0038
-0.06
0.00
-0.06
0.10
-0.02
-0.05
0
3
1
0
26061
0.3219
0.6945
0.6435
-0.0038
-0.12
-0.12
-0.50
0.04
-0.04
-0.05
0
3
1
0
26072
0.3219
0.6945
0.6435
-0.0038
0.19
-0.19
-0.19
0.10
-0.07
-0.06
0
3
1
0
26082
0.3219
0.6945
0.6435
-0.0038
0.06
-0.25
0.12
0.09
-0.03
-0.05
0
3
1
0
26091
0.3219
0.6945
0.6435
-0.0038
-0.19
0.06
0.19
0.10
-0.05
-0.07
0
3
1
0
26101
0.3219
0.6945
0.6435
-0.0038
-0.12
0.12
0.19
0.11
-0.05
-0.02
0
3
1
0
26112
0.3219
0.6945
0.6435
-0.0038
-0.06
0.31
0.19
0.11
-0.01
-0.07
0
3
1
0
26122
0.3219
0.6945
0.6435
-0.0038
0.00
-0.06
0.12
0.11
-0.07
-0.07
0
3
1
0
26131
0.3219
0.6945
0.6435
-0.0038
0.06
-0.25
0.00
0.09
-0.02
-0.08
0
3
1
0
26141
0.3219
0.6945
0.6435
-0.0038
0.06
-0.06
-0.06
0.07
-0.03
-0.03
0
3
1
0
26151
0.3219
0.6945
0.6435
-0.0038
0.12
-0.06
-0.19
0.09
-0.03
-0.04
0
3
1
0
26162
0.3219
0.6945
0.6435
-0.0038
0.00
0.31
-0.25
0.09
-0.03
-0.05
0
3
1
0
26171
0.3219
0.6945
0.6435
-0.0038
-0.06
0.12
0.00
0.09
-0.05
-0.06
0
3
1
0
26181
0.3219
0.6945
0.6435
-0.0038
-0.25
0.25
0.25
0.10
-0.04
-0.05
0
3
1
0
26191
0.3219
0.6945
0.6435
-0.0038
0.06
0.12
0.31
0.10
-0.03
-0.05
0
3
1
0
26202
0.3219
0.6945
0.6435
-0.0038
-0.12
-0.06
0.12
0.10
-0.03
-0.09
0
3
1
0
26211
0.3219
0.6945
0.6435
-0.0038
0.00
0.00
-0.25
0.06
-0.04
-0.04
0
3
1
0
26221
0.3219
0.6945
0.6435
-0.0038
0.06
0.00
-0.19
0.10
-0.04
-0.07
0
3
1
0
26231
0.3219
0.6945
0.6435
-0.0038
0.19
-0.12
-0.19
0.11
-0.03
-0.09
0
3
1
0
26242
0.3219
0.6945
0.6435
-0.0038
-0.06
0.06
0.00
0.09
-0.04
-0.06
0
3
1
0
26251
0.3219
0.6945
0.6435
-0.0038
0.00
0.00
0.12
0.10
-0.03
-0.06
0
3
1
0
26261
0.3219
0.6945
0.6435
-0.0038
0.06
0.00
0.19
0.09
-0.04
-0.05
0
3
1
0
26271
0.3219
0.6945
0.6435
-0.0038
0.00
0.19
0.12
0.10
-0.01
-0.10
0
3
1
0
26281
0.3219
0.6945
0.6435
-0.0038
0.12
0.06
0.00
0.09
-0.04
-0.04
0
3
1
0
26291
0.3219
0.6945
0.6435
-0.0038
0.12
-0.06
-0.12
0.11
-0.06
-0.03
0
3
1
0
26301
0.3219
0.6945
0.6435
-0.0038
0.06
-0.06
-0.12
0.10
-0.06
-0.04
0
3
1
0
26311
0.3219
0.6945
0.6435
-0.0038
0.12
-0.06
-0.06
0.10
-0.04
-0.06
0
3
1
0
26321
0.3219
0.6945
0.6435
-0.0038
0.00
0.00
0.06
0.11
-0.03
-0.05
0
3
1
0
26331
0.3219
0.6945
0.6435
-0.0038
0.06
0.12
0.00
0.08
-0.04
-0.02
0
3
1
0
26341
0.3219
0.6945
0.6435
-0.0038
-0.06
0.06
0.00
0.08
-0.04
-0.03
0
3
1
0
26351
0.3219
0.6945
0.6435
-0.0038
0.06
0.19
0.12
0.08
-0.04
-0.03
0
3
1
0
26361
0.3219
0.6945
0.6435
-0.0038
0.00
0.00
0.00
0.10
-0.05
-0.07
0
3
1
0
26371
0.3219
0.6945
0.6435
-0.0038
0.06
0.06
0.00
0.10
-0.05
-0.08
0
3
1
0
26381
0.3219
0.6945
0.6435
-0.0038
-0.06
0.00
-0.06
0.09
-0.05
-0.07
0
3
1
0
26391
0.3219
0.6945
0.6435
-0.0038
0.06
0.00
0.06
0.07
-0.04
-0.04
0
3
1
0
26401
0.3219
0.6945
0.6435
-0.0038
0.06
0.12
0.06
0.09
-0.02
-0.05
0
3
1
0
26411
0.3219
0.6945
0.6435
-0.0038
-0.06
-0.06
-0.06
0.05
-0.04
0.00
0
3
1
0
26421
0.3219
0.6945
0.6435
-0.0038
0.00
0.00
-0.12
0.10
-0.04
-0.05
0
3
1
0
26431
0.3219
0.6945
0.6435
-0.0038
0.00
0.00
0.25
0.11
-0.04
-0.02
0
3
1
0
26440
0.3219
0.6945
0.6435
-0.0038
0.00
0.12
0.37
0.11
-0.05
-0.02
0
3
1
0
26450
0.3219
0.6945
0.6435
-0.0038
-0.06
0.06
0.31
0.10
-0.02
-0.06
0
3
1
0
26461
0.3219
0.6945
0.6435
-0.0038
0.00
-0.06
0.00
0.11
-0.02
-0.05
0
3
1
0
26471
0.3219
0.6945
0.6435
-0.0038
0.12
-0.37
-0.31
0.08
-0.04
-0.05
0
3
1
0
26481
0.3219
0.6945
0.6435
-0.0038
0.12
-0.19
-0.50
0.09
-0.05
-0.04
0
3
1
0
26490
0.3219
0.6945
0.6435
-0.0038
0.00
0.00
-0.25
0.09
-0.06
-0.03
0
3
1
0
26501
0.3219
0.6945
0.6435
-0.0038
0.00
0.06
0.25
0.08
-0.05
-0.03
0
3
1
0
26511
0.3219
0.6945
0.6435
-0.0038
-0.06
0.31
0.63
0.09
-0.04
-0.08
0
3
1
0
26521
0.3219
0.6945
0.6434
-0.0037
-0.06
0.50
0.25
0.09
-0.04
-0.05
0
3
1
0
26530
0.3219
0.6945
0.6434
-0.0037
-0.12
0.00
-0.06
0.09
-0.03
-0.05
0
3
1
0
26541
0.3219
0.6945
0.6434
-0.0037
0.06
-0.19
-0.19
0.08
-0.04
-0.04
0
3
1
0
26551
0.3219
0.6945
0.6434
-0.0037
0.19
-0.25
-0.37
0.09
-0.05
-0.04
0
3
1
0
26561
0.3219
0.6945
0.6434
-0.0037
0.06
-0.25
-0.19
0.11
-0.03
-0.03
0
3
1
0
26571
0.3219
0.6945
0.6434
-0.0037
0.06
0.00
0.06
0.07
-0.05
-0.04
0
3
1
0
26580
0.3219
0.6945
0.6434
-0.0037
0.06
0.31
0.12
0.11
-0.04
-0.04
0
3
1
0
26591
0.3219
0.6945
0.6434
-0.0037
-0.06
0.44
0.19
0.09
-0.03
-0.05
0
3
1
0
26601
0.3219
0.6945
0.6434
-0.0037
-0.12
0.25
0.37
0.09
-0.03
-0.03
0
3
1
0
26610
0.3219
0.6945
0.6434
-0.0037
-0.06
0.19
0.12
0.10
-0.03
-0.04
0
3
1
0
26620
0.3219
0.6945
0.6434
-0.0037
0.00
-0.19
-0.06
0.10
-0.05
-0.07
0
3
1
0
26631
0.3219
0.6945
0.6434
-0.0037
0.00
-0.31
-0.25
0.09
-0.04
-0.05
0
3
1
0
26641
0.3219
0.6945
0.6434
-0.0037
0.12
-0.12
-0.31
0.08
-0.07
-0.02
0
3
1
0
26651
0.3219
0.6945
0.6434
-0.0037
-0.06
-0.25
0.06
0.08
-0.04
-0.08
0
3
1
0
26660
0.3219
0.6945
0.6434
-0.0037
0.00
0.00
0.19
0.08
-0.04
-0.04
0
3
1
0
26671
0.3219
0.6945
0.6434
-0.0037
-0.06
0.19
0.31
0.08
-0.02
-0.06
0
3
1
0
26681
0.3219
0.6945
0.6434
-0.0037
-0.19
0.25
0.25
0.10
-0.04
-0.05
0
3
1
0
26690
0.3219
0.6945
0.6434
-0.0037
0.06
0.00
0.00
0.09
-0.03
-0.05
0
3
1
0
26700
0.3219
0.6945
0.6434
-0.0037
0.00
0.06
0.00
0.09
-0.06
-0.05
0
3
1
0
26711
0.3219
0.6945
0.6434
-0.0037
0.00
-0.06
0.06
0.08
-0.04
-0.05
0
3
1
0
26721
0.3219
0.6945
0.6434
-0.0037
-0.06
-0.06
0.00
0.08
-0.04
-0.05
0
3
1
0
26730
0.3219
0.6945
0.6434
-0.0037
0.12
-0.06
-0.06
0.11
-0.04
-0.03
0
3
1
0
26740
0.3219
0.6945
0.6434
-0.0037
0.12
-0.12
-0.06
0.09
-0.04
-0.03
0
3
1
0
26750
0.3219
0.6945
0.6434
-0.0037
0.12
0.00
0.00
0.09
-0.05
-0.04
0
3
1
0
26761
0.3219
0.6945
0.6434
-0.0037
-0.06
0.00
0.00
0.08
-0.06
-0.04
0
3
1
0
26770
0.3219
0.6945
0.6434
-0.0037
-0.06
-0.06
0.00
0.08
-0.02
-0.07
0
3
1
0
26780
0.3219
0.6945
0.6434
-0.0037
0.12
-0.19
0.19
0.10
-0.03
-0.05
0
3
1
0
26790
0.3219
0.6945
0.6434
-0.0037
0.12
0.06
0.00
0.09
-0.04
-0.02
0
3
1
0
26801
0.3219
0.6945
0.6434
-0.0037
0.00
0.00
-0.19
0.10
-0.05
-0.05
0
3
1
0
26811
0.3219
0.6945
0.6434
-0.0037
-0.06
0.00
0.00
0.11
-0.05
-0.06
0
3
1
0
26820
0.3219
0.6945
0.6434
-0.0037
0.00
0.06
0.06
0.09
-0.03
-0.06
0
3
1
0
26830
0.3219
0.6945
0.6434
-0.0037
0.12
0.00
0.25
0.08
-0.03
-0.04
0
3
1
0
26841
0.3219
0.6945
0.6434
-0.0037
-0.06
0.19
-0.06
0.09
-0.03
-0.06
0
3
1
0
26851
0.3219
0.6945
0.6434
-0.0037
0.00
-0.12
0.12
0.11
-0.04
-0.03
0
3
1
0
26860
0.3219
0.6945
0.6434
-0.0037
-0.12
-0.12
0.06
0.11
-0.04
-0.07
0
3
1
0
26870
0.3219
0.6945
0.6434
-0.0037
0.00
0.06
0.06
0.11
-0.03
-0.07
0
3
1
0
26881
0.3219
0.6945
0.6434
-0.0037
0.00
0.00
0.00
0.10
-0.05
-0.03
0
3
1
0
26890
0.3219
0.6945
0.6434
-0.0037
0.00
-0.06
0.00
0.11
-0.04
-0.05
0
3
1
0
26900
0.3219
0.6945
0.6434
-0.0037
0.06
-0.31
-0.06
0.10
-0.03
-0.05
0
3
1
0
26910
0.3219
0.6945
0.6434
-0.0037
0.12
0.00
-0.06
0.12
-0.03
-0.08
0
3
1
0
26920
0.3219
0.6945
0.6434
-0.0037
0.00
0.25
-0.19
0.10
-0.06
-0.06
0
3
1
0
26931
0.3219
0.6945
0.6434
-0.0037
-0.06
0.12
0.00
0.08
-0.04
-0.06
0
3
1
0
26940
0.3219
0.6945
0.6434
-0.0037
0.00
0.00
0.25
0.09
-0.05
-0.04
0
3
1
0
26950
0.3219
0.6945
0.6434
-0.0037
-0.06
-0.19
0.12
0.10
-0.03
-0.06
0
3
1
0
26960
0.3219
0.6945
0.6434
-0.0037
0.06
0.00
-0.12
0.09
-0.05
-0.03
0
3
1
0
26971
0.3219
0.6945
0.6434
-0.0037
0.06
-0.12
-0.31
0.08
-0.04
-0.07
0
3
1
0
26980
0.3219
0.6945
0.6434
-0.0037
0.12
0.19
-0.06
0.09
-0.05
-0.04
0
3
1
0
26990
0.3219
0.6945
0.6434
-0.0037
0.12
0.06
0.06
0.07
-0.03
-0.03
0
3
1
0
27000
0.3219
0.6945
0.6434
-0.0037
0.00
0.19
0.25
0.09
-0.02
-0.02
0
3
1
0
27011
0.3219
0.6945
0.6434
-0.0037
-0.06
0.06
0.12
0.10
-0.04
-0.01
0
3
1
0
27020
0.3219
0.6945
0.6434
-0.0037
-0.06
-0.06
0.12
0.10
-0.04
-0.05
0
3
1
0
27030
0.3219
0.6945
0.6434
-0.0037
0.00
-0.06
-0.12
0.08
-0.08
-0.05
0
3
1
0
27040
0.3219
0.6945
0.6434
-0.0037
-0.12
-0.06
0.06
0.10
-0.03
-0.05
0
3
1
0
27051
0.3219
0.6945
0.6434
-0.0037
0.06
0.06
0.12
0.10
-0.03
-0.02
0
3
1
0
27060
0.3219
0.6945
0.6434
-0.0037
0.00
0.00
0.06
0.10
-0.05
-0.06
0
3
1
0
27070
0.3219
0.6945
0.6434
-0.0037
-0.06
0.06
0.00
0.09
-0.05
-0.08
0
3
1
0
27080
0.3219
0.6945
0.6434
-0.0037
0.00
-0.37
0.00
0.11
0.00
-0.05
0
3
1
0
27089
0.3219
0.6945
0.6434
-0.0037
0.06
-0.19
-0.12
0.07
-0.04
-0.03
0
3
1
0
27100
0.3219
0.6945
0.6434
-0.0037
0.00
-0.06
-0.12
0.10
-0.04
-0.06
0
3
1
0
27110
0.3219
0.6945
0.6434
-0.0037
0.00
0.00
0.00
0.09
-0.01
-0.01
0
3
1
0
27120
0.3219
0.6945
0.6434
-0.0037
-0.06
0.00
0.12
0.09
-0.03
-0.06
0
3
1
0
27130
0.3219
0.6945
0.6434
-0.0037
-0.06
-0.12
0.31
0.10
-0.04
-0.04
0
3
1
0
27140
0.3219
0.6945
0.6434
-0.0037
0.00
0.19
0.00
0.09
-0.05
-0.04
0
3
1
0
27150
0.3219
0.6945
0.6434
-0.0037
0.06
-0.12
-0.12
0.09
-0.05
-0.04
0
3
1
0
27160
0.3219
0.6945
0.6434
-0.0037
0.06
-0.06
-0.06
0.08
-0.04
-0.03
0
3
1
0
27170
0.3219
0.6945
0.6434
-0.0037
0.00
-0.19
0.00
0.09
-0.05
-0.09
0
3
1
0
27180
0.3219
0.6945
0.6434
-0.0037
0.00
-0.12
-0.06
0.08
-0.03
-0.06
0
3
1
0
27190
0.3219
0.6945
0.6434
-0.0037
0.06
-0.19
0.00
0.10
-0.02
-0.07
0
3
1
0
27200
0.3219
0.6945
0.6434
-0.0037
0.00
0.12
0.12
0.10
-0.04
-0.05
0
3
1
0
27210
0.3219
0.6945
0.6434
-0.0037
0.00
0.06
0.25
0.12
-0.02
-0.05
0
3
1
0
27219
0.3219
0.6945
0.6434
-0.0037
-0.06
0.06
0.19
0.11
-0.03
-0.07
0
3
1
0
27230
0.3219
0.6945
0.6434
-0.0037
0.06
-0.12
0.06
0.10
0.00
-0.10
0
3
1
0
27240
0.3219
0.6945
0.6434
-0.0037
0.12
-0.19
0.00
0.08
-0.06
-0.01
0
3
1
0
27250
0.3219
0.6945
0.6434
-0.0037
0.06
-0.12
-0.19
0.09
-0.05
-0.05
0
3
1
0
27259
0.3219
0.6945
0.6434
-0.0037
0.00
-0.19
-0.06
0.09
-0.05
-0.06
0
3
1
0
27270
0.3219
0.6945
0.6434
-0.0037
-0.06
0.00
0.00
0.10
-0.06
-0.04
0
3
1
0
27280
0.3219
0.6945
0.6434
-0.0037
-0.06
0.00
0.06
0.07
-0.06
-0.04
0
3
1
0
27290
0.3219
0.6945
0.6434
-0.0037
0.00
0.00
0.25
0.07
-0.04
-0.04
0
3
1
0
27300
0.3219
0.6945
0.6434
-0.0037
0.12
0.00
0.12
0.10
-0.03
-0.04
0
3
1
0
27310
0.3219
0.6945
0.6434
-0.0037
-0.06
-0.06
0.12
0.10
-0.04
-0.02
0
3
1
0
27320
0.3219
0.6945
0.6434
-0.0037
-0.06
0.00
0.00
0.10
-0.05
-0.06
0
3
1
0
27330
0.3219
0.6945
0.6434
-0.0037
-0.06
-0.25
-0.06
0.08
-0.04
-0.04
0
3
1
0
27339
0.3219
0.6945
0.6434
-0.0037
0.12
-0.19
0.06
0.07
-0.05
-0.04
0
3
1
0
27350
0.3219
0.6945
0.6434
-0.0037
0.19
0.00
-0.06
0.06
-0.04
-0.05
0
3
1
0
27360
0.3219
0.6945
0.6434
-0.0037
0.00
-0.06
-0.12
0.09
-0.05
-0.02
0
3
1
0
27370
0.3219
0.6945
0.6434
-0.0037
0.00
0.06
0.12
0.07
-0.04
-0.06
0
3
1
0
27379
0.3219
0.6945
0.6434
-0.0037
-0.06
0.19
0.06
0.11
-0.03
-0.06
0
3
1
0
27389
0.3219
0.6945
0.6434
-0.0037
-0.06
0.00
0.19
0.11
-0.03
-0.08
0
3
1
0
27400
0.3219
0.6945
0.6434
-0.0037
-0.06
0.00
0.00
0.11
0.00
-0.06
0
3
1
0
27410
0.3219
0.6945
0.6434
-0.0037
0.00
0.12
-0.06
0.08
-0.05
-0.05
0
3
1
0
27420
0.3219
0.6945
0.6434
-0.0037
-0.06
-0.06
-0.25
0.09
-0.06
-0.06
0
3
1
0
27429
0.3219
0.6945
0.6434
-0.0037
0.06
-0.06
-0.19
0.11
-0.04
-0.05
0
3
1
0
27440
0.3219
0.6945
0.6434
-0.0037
0.00
0.00
-0.12
0.10
-0.06
-0.03
0
3
1
0
27450
0.3219
0.6945
0.6434
-0.0037
-0.06
0.12
-0.06
0.12
-0.04
-0.04
0
3
1
0
27460
0.3219
0.6945
0.6434
-0.0037
-0.06
0.12
0.12
0.08
-0.04
-0.06
0
3
1
0
27469
0.3219
0.6945
0.6434
-0.0037
-0.12
0.12
0.12
0.11
-0.03
-0.07
0
3
1
0
27480
0.3219
0.6945
0.6434
-0.0037
0.00
0.06
-0.06
0.08
-0.04
-0.03
0
3
1
0
27490
0.3219
0.6945
0.6434
-0.0037
0.00
0.06
-0.06
0.11
-0.03
-0.08
0
3
1
0
27500
0.3219
0.6945
0.6434
-0.0037
0.06
-0.12
-0.12
0.13
-0.03
-0.04
0
3
1
0
27509
0.3219
0.6945
0.6434
-0.0037
0.00
0.06
-0.06
0.08
-0.03
-0.05
0
3
1
0
27520
0.3219
0.6945
0.6434
-0.0037
0.00
-0.06
-0.06
0.10
-0.04
-0.05
0
3
1
0
27530
0.3219
0.6945
0.6434
-0.0037
0.06
0.06
-0.19
0.09
-0.05
-0.03
0
3
1
0
27540
0.3219
0.6945
0.6434
-0.0037
0.06
-0.06
-0.06
0.10
-0.01
-0.04
0
3
1
0
27550
0.3219
0.6945
0.6434
-0.0037
0.00
-0.12
0.06
0.11
-0.03
-0.03
0
3
1
0
27559
0.3219
0.6945
0.6434
-0.0037
0.00
0.06
0.06
0.08
-0.02
-0.03
0
3
1
0
27570
0.3219
0.6945
0.6434
-0.0037
0.00
0.25
-0.06
0.10
-0.03
-0.08
0
3
1
0
27580
0.3219
0.6945
0.6434
-0.0037
-0.06
0.00
-0.12
0.07
-0.04
-0.03
0
3
1
0
27589
0.3219
0.6945
0.6434
-0.0037
0.00
0.12
-0.12
0.09
-0.02
-0.06
0
3
1
0
27599
0.3219
0.6945
0.6434
-0.0037
0.00
-0.12
0.00
0.07
-0.04
-0.04
0
3
1
0
27610
0.3219
0.6945
0.6434
-0.0037
0.00
-0.06
-0.12
0.10
-0.04
-0.03
0
3
1
0
27620
0.3219
0.6945
0.6434
-0.0037
0.12
0.12
-0.19
0.09
-0.02
-0.07
0
3
1
0
27629
0.3219
0.6945
0.6434
-0.0037
0.12
0.31
-0.06
0.09
-0.03
-0.06
0
3
1
0
27639
0.3219
0.6945
0.6434
-0.0037
0.00
0.19
-0.06
0.13
-0.03
-0.08
0
3
1
0
27650
0.3219
0.6945
0.6434
-0.0037
-0.06
0.06
0.06
0.10
-0.02
-0.05
0
3
1
0
27660
0.3219
0.6945
0.6434
-0.0037
0.00
0.12
0.19
0.12
-0.02
-0.08
0
3
1
0
27669
0.3219
0.6945
0.6434
-0.0037
-0.06
0.19
-0.06
0.10
-0.02
-0.06
0
3
1
0
27679
0.3219
0.6945
0.6434
-0.0037
0.06
-0.06
-0.19
0.11
-0.04
-0.07
0
3
1
0
27689
0.3219
0.6945
0.6434
-0.0037
0.00
-0.31
-0.06
0.10
-0.04
-0.04
0
3
1
0
27700
0.3219
0.6945
0.6434
-0.0037
0.12
-0.12
-0.06
0.08
-0.03
-0.04
0
3
1
0
27709
0.3219
0.6945
0.6434
-0.0037
0.00
0.31
0.00
0.09
-0.05
-0.04
0
3
1
0
27719
0.3219
0.6945
0.6434
-0.0037
0.00
0.31
0.06
0.11
-0.06
-0.07
0
3
1
0
27729
0.3219
0.6945
0.6434
-0.0037
0.00
0.31
0.12
0.09
-0.04
-0.06
0
3
1
0
27740
0.3219
0.6945
0.6434
-0.0037
0.12
0.19
0.00
0.11
-0.03
-0.04
0
3
1
0
27749
0.3219
0.6945
0.6434
-0.0037
0.06
0.00
-0.12
0.09
-0.03
-0.08
0
3
1
0
27759
0.3219
0.6945
0.6434
-0.0037
0.19
0.06
-0.19
0.09
-0.03
-0.06
0
3
1
0
27769
0.3219
0.6945
0.6434
-0.0037
0.25
-0.12
-0.19
0.09
-0.05
-0.08
0
3
1
0
27780
0.3219
0.6945
0.6434
-0.0037
0.06
-0.25
-0.19
0.09
-0.05
-0.06
0
3
1
0
27789
0.3219
0.6945
0.6434
-0.0037
0.00
0.00
-0.06
0.07
-0.04
-0.05
0
3
1
0
27799
0.3219
0.6945
0.6434
-0.0037
-0.12
0.25
0.12
0.09
-0.04
-0.03
0
3
1
0
27809
0.3219
0.6945
0.6434
-0.0037
0.06
0.25
-0.06
0.10
-0.05
-0.08
0
3
1
0
27820
0.3219
0.6945
0.6434
-0.0037
0.06
0.31
0.00
0.10
-0.04
-0.05
0
3
1
0
27829
0.3219
0.6945
0.6434
-0.0037
-0.06
0.00
0.00
0.08
-0.03
-0.04
0
3
1
0
27839
0.3219
0.6945
0.6434
-0.0037
-0.06
-0.19
0.00
0.10
-0.04
-0.07
0
3
1
0
27849
0.3219
0.6945
0.6434
-0.0037
0.12
-0.25
-0.12
0.09
-0.04
-0.05
0
3
1
0
27859
0.3219
0.6945
0.6434
-0.0037
0.06
-0.12
-0.06
0.09
-0.05
-0.07
0
3
1
0
27869
0.3219
0.6945
0.6434
-0.0037
0.00
-0.06
0.06
0.11
-0.02
-0.08
0
3
1
0
27879
0.3219
0.6945
0.6434
-0.0037
-0.19
0.12
0.12
0.10
-0.04
-0.07
0
3
1
0
27889
0.3219
0.6945
0.6434
-0.0037
0.00
0.06
0.19
0.08
-0.04
-0.03
0
3
1
0
27899
0.3219
0.6945
0.6434
-0.0037
-0.06
0.12
0.37
0.11
-0.04
-0.06
0
3
1
0
27909
0.3219
0.6945
0.6434
-0.0037
-0.12
-0.06
0.06
0.10
-0.04
-0.02
0
3
1
0
27919
0.3219
0.6945
0.6434
-0.0037
-0.06
-0.12
0.06
0.10
-0.05
-0.05
0
3
1
0
27929
0.3219
0.6945
0.6434
-0.0037
0.00
0.00
-0.19
0.08
-0.06
-0.04
0
3
1
0
27939
0.3219
0.6945
0.6434
-0.0037
0.06
-0.19
0.00
0.09
-0.06
-0.02
0
3
1
0
27950
0.3219
0.6945
0.6434
-0.0037
-0.12
-0.12
0.00
0.08
-0.04
-0.04
0
3
1
0
27959
0.3219
0.6945
0.6434
-0.0037
0.00
0.00
0.12
0.09
-0.04
-0.06
0
3
1
0
27969
0.3219
0.6945
0.6434
-0.0037
0.12
0.00
0.12
0.08
-0.04
-0.07
0
3
1
0
27979
0.3219
0.6945
0.6434
-0.0037
-0.12
0.06
0.12
0.10
-0.05
-0.05
0
3
1
0
27988
0.3219
0.6945
0.6434
-0.0037
-0.12
-0.12
0.06
0.13
-0.05
-0.03
0
3
1
0
27999
0.3219
0.6945
0.6434
-0.0037
-0.12
-0.12
0.00
0.08
-0.03
-0.03
0
3
1
0
28009
0.3219
0.6945
0.6434
-0.0037
-0.19
-0.19
0.00
0.13
-0.02
-0.06
0
3
1
0
28019
0.3219
0.6945
0.6434
-0.0037
0.06
-0.12
0.00
0.08
-0.06
-0.06
0
3
1
0
28028
0.3219
0.6945
0.6434
-0.0037
0.00
0.00
-0.19
0.08
-0.04
-0.07
0
3
1
0
28039
0.3219
0.6945
0.6434
-0.0037
-0.12
-0.06
0.12
0.11
-0.03
-0.06
0
3
1
0
28049
0.3219
0.6945
0.6434
-0.0037
