0.0000
0.0000
0.0000
0.0000
-0.75
-0.06
0.31
-0.04
0.07
-0.04
0
3
1
0
9857
0.0000
0.0000
0.0000
0.0000
-1.37
0.12
0.69
-0.04
0.07
-0.03
0
3
1
0
9867
0.0000
0.0000
0.0000
0.0000
-1.75
0.19
1.00
-0.03
0.05
-0.04
0
3
1
0
9877
0.0000
0.0000
0.0000
0.0000
-1.81
0.19
1.00
-0.03
0.07
-0.07
0
3
1
0
9887
0.0000
0.0000
0.0000
0.0000
-0.94
0.19
0.56
0.01
0.05
-0.02
0
3
1
0
9897
0.0000
0.0000
0.0000
0.0000
-0.94
0.19
0.56
-0.03
0.03
-0.10
0
3
1
0
9907
0.0000
0.0000
0.0000
0.0000
-0.19
0.31
0.12
-0.01
0.08
0.03
0
3
1
0
9917
0.0000
0.0000
0.0000
0.0000
0.44
-0.19
-0.06
0.01
0.06
-0.07
0
3
1
0
9927
0.0000
0.0000
0.0000
0.0000
1.06
-0.31
-1.06
-0.02
0.04
-0.03
0
3
1
0
9937
0.0000
0.0000
0.0000
0.0000
1.06
-0.25
-0.44
0.00
0.06
-0.03
0
3
1
0
9948
0.0000
0.0000
0.0000
0.0000
1.06
-0.31
-0.50
0.01
0.06
0.00
0
3
1
0
9957
0.0000
0.0000
0.0000
0.0000
1.19
-0.19
-0.56
-0.02
0.03
-0.06
0
3
1
0
9967
0.0000
0.0000
0.0000
0.0000
0.81
-0.06
-0.44
-0.01
0.03
-0.05
0
3
1
0
9977
0.0000
0.0000
0.0000
0.0000
0.63
-0.25
-0.31
-0.02
0.05
-0.01
0
3
1
0
9988
0.0000
0.0000
0.0000
0.0000
0.44
-0.25
-0.19
-0.02
0.04
-0.01
0
3
1
0
9998
0.0000
0.0000
0.0000
0.0000
0.00
-0.12
0.06
-0.05
0.04
-0.02
0
3
1
0
10007
0.0000
0.0000
0.0000
0.0000
-0.31
0.06
0.19
-0.06
0.03
-0.06
0
3
1
0
10017
0.0000
0.0000
0.0000
0.0000
-0.31
-0.06
0.31
-0.04
0.05
-0.07
0
3
1
0
10028
0.0000
0.0000
0.0000
0.0000
-0.31
-0.31
0.25
-0.03
0.03
-0.01
0
3
1
0
10038
0.0000
0.0000
0.0000
0.0000
-0.06
-0.06
0.00
-0.05
0.03
0.00
0
3
1
0
10047
0.0000
0.0000
0.0000
0.0000
0.12
0.19
-0.06
-0.03
0.04
-0.02
0
3
1
0
10057
0.0000
0.0000
0.0000
0.0000
-0.06
-0.06
-0.12
0.00
0.05
-0.05
0
3
1
0
10067
0.0000
0.0000
0.0000
0.0000
-0.12
-0.19
0.00
0.00
0.05
-0.02
0
3
1
0
10078
0.0000
0.0000
0.0000
0.0000
-0.25
0.06
0.19
-0.02
0.07
-0.04
0
3
1
0
10088
0.0000
0.0000
0.0000
0.0000
-0.31
0.12
0.06
0.00
0.07
-0.06
0
3
1
0
10097
0.0000
0.0000
0.0000
0.0000
-0.44
-0.31
0.19
-0.01
0.08
-0.06
0
3
1
0
10107
0.0000
0.0000
0.0000
0.0000
-0.44
-0.19
0.12
-0.03
0.07
-0.06
0
3
1
0
10118
0.0000
0.0000
0.0000
0.0000
-0.50
0.06
0.19
-0.02
0.08
-0.06
0
3
1
0
10128
0.0000
0.0000
0.0000
0.0000
-0.37
0.00
0.31
-0.01
0.07
-0.05
0
3
1
0
10138
0.0000
0.0000
0.0000
0.0000
-0.37
0.00
0.31
-0.03
0.08
-0.04
0
3
1
0
10147
0.0000
0.0000
0.0000
0.0000
-0.31
-0.12
0.19
-0.03
0.06
-0.04
0
3
1
0
10158
0.0000
0.0000
0.0000
0.0000
0.12
0.06
0.06
-0.03
0.06
-0.03
0
3
1
0
10168
0.0000
0.0000
0.0000
0.0000
0.44
0.19
-0.31
-0.02
0.04
-0.02
0
3
1
0
10178
0.0000
0.0000
0.0000
0.0000
0.81
-0.12
-0.44
0.00
0.03
-0.03
0
3
1
0
10188
0.0000
0.0000
0.0000
0.0000
1.12
-0.19
-0.63
0.00
0.03
-0.01
0
3
1
0
10198
0.0000
0.0000
0.0000
0.0000
1.31
-0.06
-0.75
-0.01
0.04
-0.02
0
3
1
0
10208
0.0000
0.0000
0.0000
0.0000
1.31
-0.06
-0.75
-0.01
0.04
-0.01
0
3
1
0
10218
0.0000
0.0000
0.0000
0.0000
0.94
-0.25
-0.50
-0.01
0.02
-0.04
0
3
1
0
10228
0.0000
0.0000
0.0000
0.0000
0.50
-0.06
-0.31
-0.02
0.05
0.00
0
3
1
0
10238
0.2533
-0.9648
-0.0700
-0.0001
-0.12
-0.06
0.06
-0.02
0.07
-0.03
0
3
1
0
10249
0.2533
-0.9648
-0.0700
-0.0001
-0.69
-0.12
0.37
-0.02
0.08
-0.06
0
3
1
0
10259
0.2532
-0.9648
-0.0700
-0.0001
-1.25
-0.06
0.69
-0.04
0.04
-0.05
0
3
1
0
10269
0.2531
-0.9649
-0.0699
-0.0001
-1.63
0.12
1.00
-0.05
0.07
-0.03
0
3
1
0
10279
0.2530
-0.9650
-0.0699
-0.0001
-1.75
0.37
0.94
-0.02
0.08
-0.05
0
3
1
0
10289
0.2529
-0.9650
-0.0698
-0.0001
-1.44
0.25
0.94
-0.01
0.08
-0.01
0
3
1
0
10299
0.2527
-0.9650
-0.0697
-0.0001
-1.31
0.12
0.69
-0.02
0.08
-0.03
0
3
1
0
10308
0.0000
0.0000
0.0000
0.0000
-0.56
0.06
0.44
0.01
0.07
-0.05
0
3
1
0
10318
0.0000
0.0000
0.0000
0.0000
-0.56
0.06
0.44
0.01
0.08
-0.02
0
3
1
0
10329
0.0000
0.0000
0.0000
0.0000
0.69
-0.06
-0.56
0.00
0.08
-0.02
0
3
1
0
10339
0.0000
0.0000
0.0000
0.0000
1.25
-0.31
-0.94
0.00
0.04
-0.04
0
3
1
0
10348
0.0000
0.0000
0.0000
0.0000
1.50
-0.44
-0.88
0.00
0.06
-0.03
0
3
1
0
10358
0.0000
0.0000
0.0000
0.0000
1.50
-0.44
-0.88
-0.02
0.06
-0.04
0
3
1
0
10369
0.0000
0.0000
0.0000
0.0000
1.63
-0.19
-0.88
-0.03
0.05
-0.03
0
3
1
0
10379
0.0000
0.0000
0.0000
0.0000
0.75
-0.31
-0.56
-0.03
0.07
-0.02
0
3
1
0
10389
0.0000
0.0000
0.0000
0.0000
0.25
-0.12
-0.19
-0.05
0.07
0.00
0
3
1
0
10398
0.0000
0.0000
0.0000
0.0000
-0.12
0.25
0.19
-0.03
0.07
-0.02
0
3
1
0
10408
0.0000
0.0000
0.0000
0.0000
-0.12
0.25
0.19
-0.05
0.05
-0.03
0
3
1
0
10419
0.0000
0.0000
0.0000
0.0000
-0.75
0.19
0.31
-0.04
0.05
-0.03
0
3
1
0
10428
0.0000
0.0000
0.0000
0.0000
-0.75
0.19
0.31
-0.02
0.03
0.00
0
3
1
0
10438
0.0000
0.0000
0.0000
0.0000
-0.44
0.12
0.31
-0.03
0.05
-0.03
0
3
1
0
10448
0.0000
0.0000
0.0000
0.0000
-0.25
0.12
0.25
0.00
0.04
-0.03
0
3
1
0
10459
0.0000
0.0000
0.0000
0.0000
0.06
0.06
-0.12
-0.03
0.05
-0.04
0
3
1
0
10469
0.0000
0.0000
0.0000
0.0000
0.37
0.00
-0.31
-0.01
0.04
-0.02
0
3
1
0
10478
0.0000
0.0000
0.0000
0.0000
0.44
0.00
-0.37
-0.02
0.05
-0.04
0
3
1
0
10488
0.0000
0.0000
0.0000
0.0000
0.50
-0.12
-0.31
-0.01
0.08
-0.01
0
3
1
0
10499
0.0000
0.0000
0.0000
0.0000
0.12
-0.06
-0.19
-0.02
0.07
-0.04
0
3
1
0
10509
0.0000
0.0000
0.0000
0.0000
-0.31
-0.06
0.06
-0.03
0.08
-0.06
0
3
1
0
10519
0.0000
0.0000
0.0000
0.0000
-0.75
0.12
0.44
-0.04
0.10
-0.07
0
3
1
0
10528
0.0000
0.0000
0.0000
0.0000
-1.12
0.06
0.75
-0.03
0.09
-0.04
0
3
1
0
10539
0.0000
0.0000
0.0000
0.0000
-1.12
0.06
0.63
-0.01
0.07
-0.03
0
3
1
0
10549
0.0000
0.0000
0.0000
0.0000
-0.75
-0.25
0.44
-0.01
0.06
-0.04
0
3
1
0
10559
0.0000
0.0000
0.0000
0.0000
-0.75
-0.25
0.44
0.00
0.05
-0.07
0
3
1
0
10568
0.0000
0.0000
0.0000
0.0000
-0.12
-0.06
0.12
0.00
0.07
-0.07
0
3
1
0
10578
0.0000
0.0000
0.0000
0.0000
0.69
-0.12
-0.31
0.00
0.03
-0.01
0
3
1
0
10589
0.2529
-0.9650
-0.0698
-0.0001
1.37
-0.06
-0.81
-0.01
0.05
-0.01
0
3
1
0
10598
0.2531
-0.9649
-0.0699
-0.0001
1.56
-0.50
-1.06
-0.01
0.05
-0.01
0
3
1
0
10608
0.0000
0.0000
0.0000
0.0000
0.00
0.00
0.00
-0.01
0.06
-0.05
0
3
1
0
10618
0.0000
0.0000
0.0000
0.0000
1.63
-0.19
-1.12
-0.04
0.02
-0.01
0
3
1
0
10629
0.0000
0.0000
0.0000
0.0000
0.63
-0.12
-0.37
-0.03
0.06
-0.02
0
3
1
0
10639
0.2535
-0.9648
-0.0701
-0.0001
-0.06
-0.12
0.06
-0.04
0.07
-0.02
0
3
1
0
10650
0.2535
-0.9648
-0.0701
-0.0001
-0.75
0.00
0.31
-0.05
0.05
-0.04
0
3
1
0
10660
0.2534
-0.9648
-0.0701
-0.0001
-1.06
0.06
0.63
-0.02
0.04
-0.03
0
3
1
0
10671
0.2534
-0.9648
-0.0701
-0.0001
-1.44
0.06
0.69
-0.03
0.05
-0.03
0
3
1
0
10680
0.2532
-0.9648
-0.0701
-0.0001
-1.37
0.06
0.75
-0.01
0.07
-0.02
0
3
1
0
10690
0.2531
-0.9649
-0.0700
-0.0001
-1.25
0.06
0.63
-0.02
0.07
-0.02
0
3
1
0
10700
0.2531
-0.9649
-0.0699
-0.0001
-0.88
0.12
0.44
-0.02
0.07
-0.07
0
3
1
0
10711
0.2529
-0.9650
-0.0699
-0.0001
-0.37
0.19
0.37
-0.04
0.06
-0.04
0
3
1
0
10721
0.2529
-0.9650
-0.0699
-0.0001
-0.06
0.00
-0.06
-0.01
0.08
-0.04
0
3
1
0
10730
0.2529
-0.9650
-0.0699
-0.0001
0.31
0.00
-0.06
-0.01
0.08
-0.02
0
3
1
0
10740
0.2529
-0.9650
-0.0699
-0.0001
0.44
-0.06
-0.25
0.00
0.08
-0.05
0
3
1
0
10750
0.2529
-0.9650
-0.0699
-0.0001
0.75
-0.19
-0.44
0.00
0.08
-0.05
0
3
1
