3
1
0
5638
0.2499
-0.9658
-0.0688
0.0000
-1.56
0.00
0.94
-0.04
0.02
0.00
0
3
1
0
5647
0.0000
0.0000
0.0000
0.0000
-1.06
0.25
0.69
-0.03
0.05
-0.04
0
3
1
0
5658
0.0000
0.0000
0.0000
0.0000
-0.69
0.31
0.31
-0.03
0.04
-0.01
0
3
1
0
5668
0.0000
0.0000
0.0000
0.0000
-0.25
-0.06
0.19
0.00
0.04
0.00
0
3
1
0
5678
0.0000
0.0000
0.0000
0.0000
0.00
0.00
0.00
-0.01
-0.03
-0.08
0
3
1
0
5688
0.0000
0.0000
0.0000
0.0000
0.00
0.00
0.00
0.03
0.00
0.00
0
3
1
0
5697
0.0000
0.0000
0.0000
0.0000
0.00
0.00
0.00
0.03
0.00
0.00
0
3
1
0
5707
0.0000
0.0000
0.0000
0.0000
0.00
0.00
0.00
0.00
0.00
-0.04
0
3
1
0
5718
0.0000
0.0000
0.0000
0.0000
0.00
0.00
0.00
-0.02
0.05
0.02
0
3
1
0
5727
0.0000
0.0000
0.0000
0.0000
0.00
0.00
0.00
0.00
0.00
-0.01
0
3
1
0
5737
0.0000
0.0000
0.0000
0.0000
0.00
0.00
0.00
-0.01
0.00
0.00
0
3
1
0
5747
0.0000
0.0000
0.0000
0.0000
-0.25
-0.12
0.19
-0.02
0.00
-0.01
0
3
1
0
5758
0.0000
0.0000
0.0000
0.0000
-0.56
-0.12
0.19
0.00
0.01
0.00
0
3
1
0
5769
0.0000
0.0000
0.0000
0.0000
-0.75
0.00
0.44
0.00
0.00
-0.02
0
3
1
0
5778
0.0000
0.0000
0.0000
0.0000
-0.94
0.12
0.63
-0.01
0.00
0.01
0
3
1
0
5788
0.0000
0.0000
0.0000
0.0000
-0.88
0.00
0.69
-0.03
0.02
-0.01
0
3
1
0
5798
0.0000
0.0000
0.0000
0.0000
-0.56
-0.06
0.50
-0.02
0.00
-0.02
0
3
1
0
5809
0.0000
0.0000
0.0000
0.0000
-0.31
0.12
0.00
-0.02
0.00
-0.04
0
3
1
0
5819
0.0000
0.0000
0.0000
0.0000
0.00
-0.19
0.00
-0.02
0.02
-0.02
0
3
1
0
5829
0.0000
0.0000
0.0000
0.0000
0.37
-0.19
-0.31
0.00
0.01
-0.01
0
3
1
0
5838
0.0000
0.0000
0.0000
0.0000
0.75
0.00
-0.69
-0.01
0.02
0.01
0
3
1
0
5849
0.0000
0.0000
0.0000
0.0000
0.31
0.12
-0.56
-0.01
0.03
-0.01
0
3
1
0
5859
0.0000
0.0000
0.0000
0.0000
0.12
-0.12
0.06
0.02
0.00
-0.01
0
3
1
0
5869
0.0000
0.0000
0.0000
0.0000
-0.06
0.00
0.12
0.00
-0.01
-0.01
0
3
1
0
5878
0.0000
0.0000
0.0000
0.0000
0.00
0.19
0.25
0.00
0.03
-0.01
0
3
1
0
5889
0.0000
0.0000
0.0000
0.0000
-0.12
0.06
0.00
-0.02
0.03
-0.02
0
3
1
0
5899
0.0000
0.0000
0.0000
0.0000
-0.06
-0.19
0.00
0.00
0.02
0.00
0
3
1
0
5909
0.0000
0.0000
0.0000
0.0000
-0.25
-0.06
0.19
0.00
0.03
-0.03
0
3
1
0
5919
0.0000
0.0000
0.0000
0.0000
-0.37
0.19
0.37
-0.03
0.01
0.00
0
3
1
0
5929
0.0000
0.0000
0.0000
0.0000
-0.31
0.00
0.37
-0.04
0.02
0.02
0
3
1
0
5939
0.0000
0.0000
0.0000
0.0000
-0.31
-0.19
0.50
-0.05
0.02
-0.03
0
3
1
0
5949
0.0000
0.0000
0.0000
0.0000
-0.19
0.00
0.12
-0.02
0.00
-0.02
0
3
1
0
5959
0.0000
0.0000
0.0000
0.0000
0.25
0.12
-0.19
-0.03
0.00
0.00
0
3
1
0
5968
0.0000
0.0000
0.0000
0.0000
0.56
0.06
-0.31
-0.02
0.01
0.00
0
3
1
0
5979
0.0000
0.0000
0.0000
0.0000
0.69
-0.19
-0.44
0.00
0.02
0.01
0
3
1
0
5989
0.0000
0.0000
0.0000
0.0000
0.88
-0.12
-0.44
0.00
-0.01
0.00
0
3
1
0
5999
0.0000
0.0000
0.0000
0.0000
0.94
-0.25
-0.44
-0.01
0.00
-0.02
0
3
1
0
6009
0.0000
0.0000
0.0000
0.0000
0.94
-0.12
-0.69
0.00
0.01
0.00
0
3
1
0
6019
0.0000
0.0000
0.0000
0.0000
0.69
-0.12
-0.56
0.00
0.00
0.00
0
3
1
0
6029
0.0000
0.0000
0.0000
0.0000
0.31
-0.12
-0.37
-0.01
0.01
0.00
0
3
1
0
6039
0.0000
0.0000
0.0000
0.0000
0.00
0.00
-0.06
0.00
0.02
0.00
0
3
1
0
6049
0.0000
0.0000
0.0000
0.0000
-0.56
0.12
0.19
-0.01
0.00
0.00
0
3
1
0
6060
0.0000
0.0000
0.0000
0.0000
-0.81
0.19
0.63
-0.01
0.00
0.00
0
3
1
0
6069
0.0000
0.0000
0.0000
0.0000
-1.19
0.12
0.63
0.00
0.02
0.00
0
3
1
0
6079
0.0000
0.0000
0.0000
0.0000
-1.00
0.06
0.63
-0.01
0.03
-0.02
0
3
1
0
6089
0.0000
0.0000
0.0000
0.0000
-0.69
0.12
0.56
-0.01
0.02
-0.03
0
3
1
0
6099
0.0000
0.0000
0.0000
0.0000
-0.44
-0.12
0.25
-0.01
0.01
-0.01
0
3
1
0
6110
0.0000
0.0000
0.0000
0.0000
-0.25
-0.12
0.12
-0.02
0.03
0.00
0
3
1
0
6119
0.0000
0.0000
0.0000
0.0000
0.06
-0.06
-0.06
-0.01
0.02
-0.03
0
3
1
0
6129
0.0000
0.0000
0.0000
0.0000
0.56
0.06
-0.19
0.00
0.01
-0.02
0
3
1
0
6139
0.0000
0.0000
0.0000
0.0000
0.94
-0.12
-0.44
-0.01
0.00
0.00
0
3
1
0
6150
0.0000
0.0000
0.0000
0.0000
0.81
-0.31
-0.75
0.00
0.03
-0.01
0
3
1
0
6160
0.0000
0.0000
0.0000
0.0000
0.81
-0.06
-0.63
-0.03
0.03
0.00
0
3
1
0
6169
0.0000
0.0000
0.0000
0.0000
0.56
0.00
-0.37
-0.05
0.02
0.00
0
3
1
0
6179
0.0000
0.0000
0.0000
0.0000
0.12
-0.12
-0.06
-0.04
0.01
-0.01
0
3
1
0
6190
0.0000
0.0000
0.0000
0.0000
-0.31
-0.19
0.19
-0.03
0.04
0.00
0
3
1
0
6200
0.0000
0.0000
0.0000
0.0000
-0.56
0.00
0.31
-0.01
0.01
-0.03
0
3
1
0
6210
0.0000
0.0000
0.0000
0.0000
-0.50
0.25
0.37
-0.01
0.02
-0.01
0
3
1
0
6219
0.0000
0.0000
0.0000
0.0000
-0.63
0.06
0.37
-0.02
0.01
-0.02
0
3
1
0
6230
0.0000
0.0000
0.0000
0.0000
0.06
0.12
-0.06
0.00
0.02
0.00
0
3
1
0
6240
0.0000
0.0000
0.0000
0.0000
0.06
0.12
-0.06
0.00
0.00
-0.01
0
3
1
0
6249
0.0000
0.0000
0.0000
0.0000
0.25
-0.06
-0.06
-0.01
0.03
-0.02
0
3
1
0
6259
0.0000
0.0000
0.0000
0.0000
0.44
-0.06
-0.19
-0.01
0.02
-0.02
0
3
1
0
6269
0.0000
0.0000
0.0000
0.0000
0.69
-0.19
-0.25
-0.01
0.02
-0.02
0
3
1
0
6280
0.0000
0.0000
0.0000
0.0000
0.63
-0.31
-0.37
-0.01
0.03
0.01
0
3
1
0
6290
0.0000
0.0000
0.0000
0.0000
0.56
-0.19
-0.31
0.00
0.02
0.00
0
3
1
0
6300
0.0000
0.0000
0.0000
0.0000
0.12
0.12
-0.12
-0.01
0.04
-0.04
0
3
1
0
6309
0.0000
0.0000
0.0000
0.0000
-0.31
-0.12
0.12
-0.01
0.03
-0.03
0
3
1
0
6320
0.0000
0.0000
0.0000
0.0000
-0.56
0.06
0.31
-0.02
0.01
-0.01
0
3
1
0
6330
0.0000
0.0000
0.0000
0.0000
-0.56
0.12
0.50
-0.03
0.02
-0.01
0
3
1
0
6340
0.0000
0.0000
0.0000
0.0000
-0.75
-0.06
0.44
-0.02
0.04
-0.02
0
3
1
0
6350
0.0000
0.0000
0.0000
0.0000
-0.44
-0.12
0.12
-0.02
0.01
-0.02
0
3
1
0
6360
0.0000
0.0000
0.0000
0.0000
-0.12
-0.12
0.31
-0.02
0.01
0.00
0
3
1
0
6370
0.0000
0.0000
0.0000
0.0000
0.06
-0.12
0.06
-0.03
0.01
-0.01
0
3
1
0
6380
0.0000
0.0000
0.0000
0.0000
0.44
-0.06
-0.06
0.00
0.00
-0.01
0
3
1
0
6390
0.0000
0.0000
0.0000
0.0000
0.63
-0.06
-0.25
-0.01
0.01
0.00
0
3
1
0
6400
0.0000
0.0000
0.0000
0.0000
1.12
-0.06
-0.75
-0.01
0.00
-0.01
0
3
1
0
6410
0.0000
0.0000
0.0000
0.0000
0.88
-0.12
-0.69
0.00
0.00
0.00
0
3
1
0
6420
0.0000
0.0000
0.0000
0.0000
0.94
-0.37
-0.69
-0.02
0.01
0.02
0
3
1
0
6430
0.0000
0.0000
0.0000
0.0000
0.37
-0.25
-0.37
0.00
0.00
0.00
0
3
1
0
6439
0.0000
0.0000
0.0000
0.0000
0.37
-0.25
-0.37
-0.02
0.01
0.01
0
3
1
0
6450
0.0000
0.0000
0.0000
0.0000
-0.06
-0.12
0.00
-0.02
0.02
-0.02
0
3
1
0
6460
0.0000
0.0000
0.0000
0.0000
-0.37
0.19
0.19
-0.02
0.03
-0.02
0
3
1
0
6470
0.0000
0.0000
0.0000
0.0000
-0.94
0.25
0.50
-0.03
0.05
-0.02
0
3
1
0
6479
0.2507
-0.9656
-0.0692
-0.0001
-1.37
0.12
0.75
-0.02
0.03
-0.02
0
3
1
0
6490
0.2505
-0.9656
-0.0692
-0.0001
-1.50
0.19
0.88
-0.02
0.03
-0.02
0
3
1
0
6499
0.0000
0.0000
0.0000
0.0000
-1.56
0.06
0.88
-0.02
0.04
-0.02
0
3
1
0
6510
0.0000
0.0000
0.0000
0.0000
-1.12
0.19
0.81
-0.02
0.04
-0.01
0
3
1
0
6520
0.0000
0.0000
0.0000
0.0000
-0.63
0.00
0.25
0.01
0.04
0.00
0
3
1
0
6531
0.0000
0.0000
0.0000
0.0000
0.12
0.00
-0.06
-0.02
0.02
-0.01
0
3
1
0
6540
0.0000
0.0000
0.0000
0.0000
0.88
-0.25
-0.56
-0.04
0.01
0.00
0
3
1
0
6550
0.0000
0.0000
0.0000
0.0000
1.25
-0.37
-0.75
-0.02
0.04
0.00
0
3
1
0
6560
0.0000
0.0000
0.0000
0.0000
1.50
-0.50
-0.81
-0.03
0.02
0.00
0
3
1
0
6571
0.0000
0.0000
0.0000
0.0000
1.63
-0.25
-0.88
-0.04
0.00
0.01
0
3
1
0
6581
0.0000
0.0000
0.0000
0.0000
1.19
-0.31
-0.81
-0.03
0.02
0.00
0
3
1
0
6590
0.0000
0.0000
0.0000
0.0000
0.94
-0.12
-0.50
0.00
-0.01
0.01
0
3
1
0
6600
0.0000
0.0000
0.0000
0.0000
0.69
0.12
-0.50
0.00
0.00
-0.02
0
3
1
0
6610
0.0000
0.0000
0.0000
0.0000
0.31
0.19
-0.37
0.02
0.00
0.00
0
3
1
0
6621
0.0000
0.0000
0.0000
0.0000
-0.12
0.00
-0.12
0.01
0.00
0.00
0
3
1
0
6630
0.0000
0.0000
0.0000
0.0000
-0.31
0.12
0.06
0.02
0.01
0.00
0
3
1
0
6640
0.0000
0.0000
0.0000
0.0000
-0.50
0.12
0.19
0.01
0.00
0.00
0
3
1
0
6650
0.0000
0.0000
0.0000
0.0000
-0.56
0.00
0.56
0.03
0.00
-0.02
0
3
1
0
6661
0.0000
0.0000
0.0000
0.0000
-0.44
0.25
0.25
0.02
0.02
-0.01
0
3
1
0
6671
0.0000
0.0000
0.0000
0.0000
-0.37
0.06
0.25
0.02
0.03
-0.04
0
3
1
0
6681
0.0000
0.0000
0.0000
0.0000
-0.31
0.00
0.06
0.00
0.04
-0.02
0
3
1
0
6690
0.0000
0.0000
0.0000
0.0000
-0.31
-0.06
0.00
0.00
0.03
-0.02
0
3
1
0
6701
0.0000
0.0000
0.0000
0.0000
-0.37
-0.19
0.25
-0.04
0.02
-0.02
0
3
1
0
6711
0.0000
0.0000
0.0000
0.0000
-0.37
0.00
0.31
-0.04
0.07
-0.03
0
3
1
0
6721
0.0000
0.0000
0.0000
0.0000
-0.25
-0.06
0.37
-0.07
0.08
-0.03
0
3
1
0
6730
0.0000
0.0000
0.0000
0.0000
-0.50
-0.12
0.56
-0.06
0.08
-0.04
0
3
1
0
6740
0.0000
0.0000
0.0000
0.0000
-0.81
0.00
0.69
-0.06
0.07
-0.02
0
3
1
0
6751
0.0000
0.0000
0.0000
0.0000
-0.81
0.00
0.69
-0.07
0.06
-0.05
0
3
1
0
6761
0.0000
0.0000
0.0000
0.0000
-0.50
0.19
0.56
-0.07
0.02
-0.02
0
3
1
0
6770
0.0000
0.0000
0.0000
0.0000
-0.31
0.12
0.44
-0.06
0.02
-0.01
0
3
1
0
6780
0.0000
0.0000
0.0000
0.0000
0.25
0.12
-0.12
-0.02
0.01
0.00
0
3
1
0
6791
0.0000
0.0000
0.0000
0.0000
1.00
0.00
-0.63
0.00
0.01
-0.02
0
3
1
0
6801
0.0000
0.0000
0.0000
0.0000
1.56
-0.12
-0.88
0.00
-0.01
-0.01
0
3
1
0
6811
0.0000
0.0000
0.0000
0.0000
1.94
-0.19
-1.19
-0.01
0.00
0.00
0
3
1
0
6820
0.0000
0.0000
0.0000
0.0000
2.06
-0.37
-1.50
0.01
0.00
0.01
0
3
1
0
6831
0.2515
-0.9653
-0.0696
-0.0001
1.88
-0.37
-1.44
0.04
-0.01
0.01
0
3
1
0
6840
0.2516
-0.9653
-0.0697
-0.0001
1.56
-0.25
-1.06
0.04
-0.01
0.01
0
3
1
0
6849
0.0000
0.0000
0.0000
0.0000
0.00
0.00
0.00
0.03
0.00
0.00
0
3
1
0
6859
0.0000
0.0000
0.0000
0.0000
-0.06
-0.06
-0.12
0.04
0.00
-0.01
0
3
1
0
6871
0.0000
0.0000
0.0000
0.0000
-0.69
0.00
0.25
0.00
0.03
0.00
0
3
1
0
6881
0.2515
-0.9653
-0.0696
-0.0001
-1.37
0.19
0.81
0.00
0.03
0.00
0
3
1
0
6890
0.2513
-0.9654
-0.0695
-0.0001
-2.06
0.00
1.25
0.00
0.03
-0.02
0
3
1
0
6899
0.0000
0.0000
0.0000
0.0000
-2.25
0.25
1.44
-0.03
0.05
-0.03
0
3
1
0
6910
0.0000
0.0000
0.0000
0.0000
-2.25
0.25
1.56
-0.02
0.06
-0.03
0
3
1
0
6921
0.0000
0.0000
0.0000
0.0000
-1.88
0.31
1.31
-0.03
0.06
-0.03
0
3
1
0
6931
0.0000
0.0000
0.0000
0.0000
-1.31
0.12
0.94
-0.03
0.05
-0.03
0
3
1
0
6941
0.0000
0.0000
0.0000
0.0000
-0.37
0.19
0.31
-0.02
0.05
-0.03
0
3
1
0
6951
0.0000
0.0000
0.0000
0.0000
0.44
0.19
-0.12
-0.03
0.04
-0.06
0
3
1
0
6962
0.0000
0.0000
0.0000
0.0000
1.19
-0.12
-0.75
-0.02
0.05
-0.03
0
3
1
0
6971
0.0000
0.0000
0.0000
0.0000
1.56
-0.25
-0.94
-0.04
0.04
-0.03
0
3
1
0
6981
0.2511
-0.9655
-0.0693
-0.0001
1.75
-0.19
-0.94
-0.03
0.04
0.00
0
3
1
0
6990
0.2512
-0.9655
-0.0694
-0.0001
1.63
-0.25
-1.06
-0.03
0.04
0.00
0
3
1
0
7001
0.0000
0.0000
0.0000
0.0000
0.00
0.00
0.00
-0.05
0.04
-0.02
0
3
1
0
7010
0.0000
0.0000
0.0000
0.0000
0.00
0.00
0.00
-0.02
0.01
-0.01
0
3
1
0
7020
0.0000
0.0000
0.0000
0.0000
0.00
0.00
0.00000
0.0000
0.0000
0.0000
0.00
0.06
-0.06
-0.02
0.08
-0.04
0
3
1
0
8585
0.0000
0.06
-0.03
0
3
1
0
8574
0.0000
0.0000
0.0000
0.0000
0.00
0.06
-0.06
-0.02
0.08
-0.04
0
3
1
0
8585
0.0000
0.0000
0.0000
0.0000
-0.19
0.06
-0.12
0.00
0.05
-0.04
0
3
1
0
8595
0.0000
0.0000
0.0000
0.0000
-0.37
0.06
0.12
0.00
0.07
-0.03
0
3
1
0
8604
0.0000
0.0000
0.0000
0.0000
-0.37
0.12
0.19
0.03
0.07
-0.05
0
3
1
0
8614
0.0000
0.0000
0.0000
0.0000
-0.12
0.31
0.12
0.00
0.06
-0.03
0
3
1
0
8625
0.0000
0.0000
0.0000
0.0000
-0.06
0.00
0.06
0.00
0.06
0.00
0
3
1
0
8635
0.0000
0.0000
0.0000
0.0000
0.19
-0.19
0.06
0.00
0.04
-0.01
0
3
1
0
8645
0.0000
0.0000
0.0000
0.0000
0.50
-0.19
-0.19
0.00
0.02
-0.03
0
3
1
0
8654
0.0000
0.0000
0.0000
0.0000
0.81
0.12
-0.56
-0.01
0.02
-0.01
0
3
1
0
8665
0.0000
0.0000
0.0000
0.0000
0.88
-0.12
-0.44
0.00
0.03
0.00
0
3
1
0
8675
0.0000
0.0000
0.0000
0.0000
1.06
-0.25
-0.63
-0.01
0.02
0.00
0
3
1
0
8685
0.0000
0.0000
0.0000
0.0000
1.19
-0.19
-0.81
-0.02
0.01
-0.01
0
3
1
0
8694
0.0000
0.0000
0.0000
0.0000
1.06
0.00
-0.63
-0.03
0.03
-0.01
0
3
1
0
8705
0.0000
0.0000
0.0000
0.0000
0.81
0.00
-0.56
-0.06
0.04
-0.01
0
3
1
0
8715
0.0000
0.0000
0.0000
0.0000
0.19
-0.31
-0.06
-0.04
0.06
-0.01
0
3
1
0
8725
0.0000
0.0000
0.0000
0.0000
-0.37
-0.06
0.19
-0.06
0.05
-0.01
0
3
1
0
8734
0.0000
0.0000
0.0000
0.0000
-0.75
-0.06
0.37
-0.09
0.05
-0.02
0
3
1
0
8744
0.0000
0.0000
0.0000
0.0000
-1.06
0.19
0.75
-0.07
0.06
-0.03
0
3
1
0
8755
0.0000
0.0000
0.0000
0.0000
-1.37
0.06
0.94
-0.03
0.07
-0.02
0
3
1
0
8765
0.0000
0.0000
0.0000
0.0000
-1.50
0.06
0.81
-0.03
0.05
-0.05
0
3
1
0
8775
0.0000
0.0000
0.0000
0.0000
-1.19
0.44
0.75
-0.03
0.04
-0.02
0
3
1
0
8784
0.0000
0.0000
0.0000
0.0000
-0.88
0.37
0.50
0.00
0.04
-0.04
0
3
1
0
8795
0.0000
0.0000
0.0000
0.0000
-0.31
0.00
0.25
0.00
0.06
-0.04
0
3
1
0
8805
0.0000
0.0000
0.0000
0.0000
0.25
0.06
-0.31
0.00
0.09
-0.04
0
3
1
0
8815
0.0000
0.0000
0.0000
0.0000
0.63
0.00
-0.44
0.00
0.04
-0.02
0
3
1
0
8825
0.0000
0.0000
0.0000
0.0000
0.94
0.12
-0.56
0.01
0.03
0.00
0
3
1
0
8835
0.0000
0.0000
0.0000
0.0000
0.00
0.00
0.00
0.01
0.04
-0.03
0
3
1
0
8845
0.0000
0.0000
0.0000
0.0000
0.00
0.00
0.00
0.01
0.03
-0.03
0
3
1
0
8854
0.0000
0.0000
0.0000
0.0000
0.00
0.00
0.00
0.00
0.05
-0.01
0
3
1
0
8864
0.0000
0.0000
0.0000
0.0000
0.94
0.19
-0.44
-0.02
0.04
-0.02
0
3
1
0
8875
0.0000
0.0000
0.0000
0.0000
0.00
0.00
0.00
-0.01
0.04
-0.01
0
3
1
0
8884
0.0000
0.0000
0.0000
0.0000
0.00
0.00
0.00
-0.03
0.03
-0.01
0
3
1
0
8894
0.0000
0.0000
0.0000
0.0000
0.00
0.00
0.00
-0.05
0.01
-0.02
0
3
1
0
8904
0.0000
0.0000
0.0000
0.0000
-0.19
0.06
0.12
-0.04
0.03
-0.03
0
3
1
0
8914
0.0000
0.0000
0.0000
0.0000
-0.37
0.00
0.19
-0.05
0.04
-0.02
0
3
1
0
8925
0.0000
0.0000
0.0000
0.0000
-0.44
-0.06
0.19
-0.07
0.04
-0.03
0
3
1
0
8935
0.0000
0.0000
0.0000
0.0000
-0.31
0.12
0.19
-0.05
0.06
-0.03
0
3
1
0
8945
0.0000
0.0000
0.0000
0.0000
-0.31
0.00
0.25
-0.05
0.06
-0.02
0
3
1
0
8955
0.0000
0.0000
0.0000
0.0000
-0.25
0.00
0.06
-0.02
0.05
-0.03
0
3
1
0
8966
0.0000
0.0000
0.0000
0.0000
-0.37
-0.19
0.19
-0.03
0.06
-0.03
0
3
1
0
8975
0.0000
0.0000
0.0000
0.0000
-0.37
-0.12
0.12
-0.01
0.05
-0.01
0
3
1
0
8985
0.0000
0.0000
0.0000
0.0000
-0.25
0.19
0.00
0.00
0.06
-0.04
0
3
1
0
8995
0.0000
0.0000
0.0000
0.0000
-0.25
-0.06
0.25
0.00
0.09
-0.04
0
3
1
0
9006
0.0000
0.0000
0.0000
0.0000
-0.31
-0.06
0.06
0.00
0.06
-0.04
0
3
1
0
9016
0.0000
0.0000
0.0000
0.0000
0.00
0.06
0.00
-0.01
0.06
-0.02
0
3
1
0
9025
0.0000
0.0000
0.0000
0.0000
0.12
0.06
-0.12
0.01
0.04
-0.02
0
3
1
0
9035
0.0000
0.0000
0.0000
0.0000
0.31
-0.06
-0.12
0.00
0.04
-0.02
0
3
1
0
9046
0.0000
0.0000
0.0000
0.0000
0.31
-0.06
-0.12
0.00
0.05
-0.04
0
3
1
0
9056
0.0000
0.0000
0.0000
0.0000
0.00
0.00
0.00
0.00
0.05
-0.03
0
3
1
0
9065
0.0000
0.0000
0.0000
0.0000
0.00
0.00
0.00
0.00
0.04
0.00
0
3
1
0
9074
0.0000
0.0000
0.0000
0.0000
0.00
0.00
0.00
-0.02
0.02
-0.01
0
3
1
0
9084
0.0000
0.0000
0.0000
0.0000
0.00
0.00
0.00
-0.02
0.02
-0.01
0
3
1
0
9095
0.0000
0.0000
0.0000
0.0000
0.00
0.00
0.00
-0.01
0.03
-0.01
0
3
1
0
9105
0.0000
0.0000
0.0000
0.0000
0.00
0.00
0.00
-0.02
0.02
-0.04
0
3
1
0
9115
0.0000
0.0000
0.0000
0.0000
0.12
0.12
0.00
-0.03
0.04
0.00
0
3
1
0
9125
0.0000
0.0000
0.0000
0.0000
-0.06
-0.06
0.12
-0.04
0.03
-0.01
0
3
1
0
9136
0.0000
0.0000
0.0000
0.0000
-0.19
0.00
0.06
-0.03
0.04
-0.04
0
3
1
0
9146
0.0000
0.0000
0.0000
0.0000
-0.06
0.06
0.19
-0.04
0.04
-0.06
0
3
1
0
9156
0.0000
0.0000
0.0000
0.0000
-0.19
0.06
0.06
-0.04
0.06
-0.05
0
3
1
0
9165
0.0000
0.0000
0.0000
0.0000
-0.37
0.00
0.25
-0.02
0.05
-0.04
0
3
1
0
9176
0.0000
0.0000
0.0000
0.0000
-0.37
-0.06
0.31
-0.02
0.04
-0.02
0
3
1
0
9186
0.0000
0.0000
0.0000
0.0000
-0.06
0.00
0.06
-0.02
0.03
-0.02
0
3
1
0
9196
0.0000
0.0000
0.0000
0.0000
-0.06
0.00
0.06
-0.02
0.05
-0.05
0
3
1
0
9205
0.0000
0.0000
0.0000
0.0000
0.12
0.06
-0.12
-0.01
0.07
-0.05
0
3
1
0
9216
0.0000
0.0000
0.0000
0.0000
0.25
0.06
-0.25
0.00
0.04
0.00
0
3
1
0
9226
0.0000
0.0000
0.0000
0.0000
0.31
0.00
-0.25
0.00
0.05
-0.02
0
3
1
0
9236
0.0000
0.0000
0.0000
0.0000
0.50
0.00
-0.37
0.00
0.05
0.00
0
3
1
0
9245
0.0000
0.0000
0.0000
0.0000
0.63
-0.06
-0.44
0.00
0.05
-0.04
0
3
1
0
9255
0.0000
0.0000
0.0000
0.0000
0.63
-0.19
-0.44
-0.01
0.06
-0.03
0
3
1
0
9266
0.0000
0.0000
0.0000
0.0000
0.50
-0.12
-0.31
-0.01
0.04
-0.02
0
3
1
0
9276
0.0000
0.0000
0.0000
0.0000
0.31
-0.12
-0.19
-0.01
0.06
-0.01
0
3
1
0
9286
0.0000
0.0000
0.0000
0.0000
0.19
-0.06
0.06
-0.02
0.06
0.00
0
3
1
0
9295
0.0000
0.0000
0.0000
0.0000
-0.12
0.06
0.19
-0.02
0.04
-0.03
0
3
1
0
9306
0.0000
0.0000
0.0000
0.0000
-0.37
0.00
0.44
-0.03
0.06
-0.03
0
3
1
0
9316
0.0000
0.0000
0.0000
0.0000
-0.44
0.06
0.19
-0.04
0.04
-0.02
0
3
1
0
9326
0.0000
0.0000
0.0000
0.0000
-0.37
0.00
0.31
-0.02
0.05
-0.02
0
3
1
0
9336
0.0000
0.0000
0.0000
0.0000
-0.31
0.12
0.12
-0.02
0.05
-0.04
0
3
1
0
9346
0.0000
0.0000
0.0000
0.0000
0.00
0.19
0.06
-0.01
0.03
-0.03
0
3
1
0
9356
0.0000
0.0000
0.0000
0.0000
0.31
-0.06
-0.12
-0.01
0.04
-0.01
0
3
1
0
9366
0.0000
0.0000
0.0000
0.0000
0.00
0.00
0.00
-0.02
0.02
-0.01
0
3
1
0
9376
0.0000
0.0000
0.0000
0.0000
0.44
-0.25
-0.31
-0.01
0.03
0.00
0
3
1
0
9385
0.0000
0.0000
0.0000
0.0000
0.00
0.00
0.00
-0.01
0.03
-0.02
0
3
1
0
9396
0.0000
0.0000
0.0000
0.0000
0.00
0.00
0.00
0.00
0.05
-0.03
0
3
1
0
9405
0.0000
0.0000
0.0000
0.0000
0.00
0.00
0.00
-0.02
0.04
-0.04
0
3
1
0
9415
0.0000
0.0000
0.0000
0.0000
-0.12
-0.06
-0.19
-0.01
0.06
-0.03
0
3
1
0
9425
0.0000
0.0000
0.0000
0.0000
-0.25
0.00
0.06
-0.01
0.05
-0.06
0
3
1
0
9436
0.0000
0.0000
0.0000
0.0000
-0.63
-0.06
0.37
-0.01
0.07
-0.03
0
3
1
0
9446
0.0000
0.0000
0.0000
0.0000
-0.88
0.06
0.50
-0.01
0.05
-0.04
0
3
1
0
9456
0.0000
0.0000
0.0000
0.0000
-0.88
0.06
0.56
0.00
0.04
-0.04
0
3
1
0
9466
0.0000
0.0000
0.0000
0.0000
-0.44
0.12
0.37
-0.02
0.05
-0.02
0
3
1
0
9477
0.0000
0.0000
0.0000
0.0000
-0.44
0.00
0.19
-0.02
0.05
-0.02
0
3
1
0
9487
0.0000
0.0000
0.0000
0.0000
0.25
0.06
-0.06
-0.01
0.06
-0.02
0
3
1
0
9496
0.0000
0.0000
0.0000
0.0000
0.25
0.06
-0.06
-0.03
0.04
-0.01
0
3
1
0
9506
0.0000
0.0000
0.0000
0.0000
0.63
-0.12
-0.19
-0.02
0.04
-0.04
0
3
1
0
9517
0.0000
0.0000
0.0000
0.0000
0.81
-0.06
-0.37
-0.03
0.04
-0.02
0
3
1
0
9527
0.0000
0.0000
0.0000
0.0000
0.94
0.00
-0.50
-0.03
0.06
-0.02
0
3
1
0
9536
0.0000
0.0000
0.0000
0.0000
0.88
-0.12
-0.50
-0.02
0.02
-0.02
0
3
1
0
9546
0.0000
0.0000
0.0000
0.0000
0.75
-0.12
-0.50
-0.02
0.03
-0.03
0
3
1
0
9556
0.0000
0.0000
0.0000
0.0000
0.56
-0.06
-0.25
-0.02
0.03
-0.03
0
3
1
0
9567
0.0000
0.0000
0.0000
0.0000
0.37
-0.12
0.00
-0.04
0.05
-0.02
0
3
1
0
9576
0.0000
0.0000
0.0000
0.0000
-0.19
-0.19
0.06
-0.04
0.03
0.00
0
3
1
0
9586
0.0000
0.0000
0.0000
0.0000
-0.31
0.00
0.25
-0.02
0.04
-0.03
0
3
1
0
9596
0.0000
0.0000
0.0000
0.0000
-0.37
-0.06
0.19
-0.02
0.02
-0.03
0
3
1
0
9607
0.0000
0.0000
0.0000
0.0000
-0.37
-0.12
0.12
-0.02
0.03
-0.04
0
3
1
0
9617
0.0000
0.0000
0.0000
0.0000
-0.25
0.06
0.19
-0.02
0.07
-0.01
0
3
1
0
9626
0.0000
0.0000
0.0000
0.0000
-0.44
-0.12
0.25
0.00
0.07
-0.01
0
3
1
0
9636
0.0000
0.0000
0.0000
0.0000
-0.12
0.06
0.00
-0.01
0.06
0.00
0
3
1
0
9647
0.0000
0.0000
0.0000
0.0000
0.06
0.00
0.00
0.00
0.04
-0.02
0
3
1
0
9657
0.0000
0.0000
0.0000
0.0000
0.19
-0.06
-0.25
-0.01
0.05
-0.04
0
3
1
0
9667
0.0000
0.0000
0.0000
0.0000
0.12
-0.12
-0.19
-0.01
0.06
-0.03
0
3
1
0
9676
0.0000
0.0000
0.0000
0.0000
0.12
0.00
-0.19
0.00
0.06
-0.03
0
3
1
0
9687
0.0000
0.0000
0.0000
0.0000
-0.19
-0.06
0.00
-0.04
0.07
-0.03
0
3
1
0
9697
0.0000
0.0000
0.0000
0.0000
-0.31
0.00
0.12
-0.02
0.08
-0.01
0
3
1
0
9707
0.0000
0.0000
0.0000
0.0000
-0.31
0.12
0.25
-0.02
0.07
-0.06
0
3
1
0
9717
0.0000
0.0000
0.0000
0.0000
-0.63
-0.06
0.44
-0.02
0.07
-0.04
0
3
1
0
9726
0.0000
0.0000
0.0000
0.0000
-0.63
0.12
0.31
-0.02
0.09
-0.04
0
3
1
0
9737
0.0000
0.0000
0.0000
0.0000
-0.56
0.12
0.37
-0.03
0.08
-0.03
0
3
1
0
9747
0.0000
0.0000
0.0000
0.0000
-0.31
0.12
0.31
0.00
0.06
-0.03
0
3
1
0
9757
0.0000
0.0000
0.0000
0.0000
0.12
0.12
0.06
-0.02
0.03
-0.02
0
3
1
0
9766
0.0000
0.0000
0.0000
0.0000
0.50
0.00
-0.19
-0.01
0.04
-0.03
0
3
1
0
9777
0.0000
0.0000
0.0000
0.0000
1.00
-0.06
-0.63
-0.01
0.05
0.01
0
3
1
0
9787
0.2526
-0.9650
-0.0698
-0.0001
1.44
-0.31
-0.94
-0.01
0.02
-0.02
0
3
1
0
9796
0.2527
-0.9650
-0.0699
-0.0001
1.63
-0.06
-1.00
-0.01
0.02
-0.02
0
3
1
0
9805
0.0000
0.0000
0.0000
0.0000
0.00
0.00
0.00
-0.01
0.03
-0.04
0
3
1
0
9816
0.0000
0.0000
0.0000
0.0000
0.00
0.00
0.00
-0.01
0.02
-0.05
0
3
1
0
9826
0.0000
0.0000
0.0000
0.0000
0.00
0.00
0.00
-0.02
0.04
-0.02
0
3
1
0
9836
0.0000
0.0000
0.0000
0.0000
-0.25
0.06
0.12
-0.02
0.07
-0.03
0
3
1
0
9846
