.01
0.07
0
3
1
0
51740
0.3909
-0.0001
-0.0001
-0.0001
0.00
0.44
0.5
0.0001
-0.0001
0.75
-1.37
-3.94
-0.01
-0.01
0.07
0
3
1
0
51740
0.3909
-0.0001
-0.0001
-0.0001
0.00
0.44
0.5
1575
0.0000
0.0000
0.0000
0.0000
0.00
0.00
0.00
0.00
0.00
0.00
0
0
0
0
1585
0.0000
0.0000
0.0000
0.0000
0.00
0.00
0.00
0.00
0.00
0.00
0
0
0
0
1593
0.0000
0.0000
0.0000
0.0000
0.00
0.00
0.00
0.00
0.00
0.00
0
0
0
0
1602
0.0000
0.0000
0.0000
0.0000
0.00
0.00
0.00
0.00
0.00
0.00
0
0
0
0
1610
0.0000
0.0000
0.0000
0.0000
0.00
0.00
0.00
0.00
0.00
0.00
0
0
0
0
1619
0.0000
0.0000
0.0000
0.0000
0.00
0.00
0.00
0.00
0.00
0.00
0
0
0
0
1629
0.0000
0.0000
0.0000
0.0000
0.00
0.00
0.00
0.00
0.00
0.00
0
0
0
0
1637
0.0000
0.0000
0.0000
0.0000
0.00
0.00
0.00
0.00
0.00
0.00
0
0
0
0
1646
0.0000
0.0000
0.0000
0.0000
0.00
0.00
0.00
0.00
0.00
0.00
0
0
0
0
1654
0.0000
0.0000
0.0000
0.0000
0.00
0.00
0.00
0.00
0.00
0.00
0
0
0
0
1664
0.0000
0.0000
0.0000
0.0000
0.00
0.00
0.00
0.00
0.00
0.00
0
0
0
0
1672
0.0000
0.0000
0.0000
0.0000
0.00
0.00
0.00
0.00
0.00
0.00
0
0
0
0
1681
0.0000
0.0000
0.0000
0.0000
0.00
0.00
0.00
0.00
0.00
0.00
0
0
0
0
1689
0.0000
0.0000
0.0000
0.0000
0.00
0.00
0.00
0.00
0.00
0.00
0
0
0
0
1698
0.0000
0.0000
0.0000
0.0000
0.00
0.00
0.00
0.00
0.00
0.00
0
0
0
0
1708
0.0000
0.0000
0.0000
0.0000
0.00
0.00
0.00
0.00
0.00
0.00
0
0
0
0
1716
0.0000
0.0000
0.0000
0.0000
0.00
0.00
0.00
0.00
0.00
0.00
0
0
0
0
1725
0.0000
0.0000
0.0000
0.0000
0.00
0.00
0.00
0.00
0.00
0.00
0
0
0
0
1733
0.0000
0.0000
0.0000
0.0000
0.00
0.00
0.00
0.00
0.00
0.00
0
0
0
0
1742
0.0000
0.0000
0.0000
0.0000
0.00
0.00
0.00
0.00
0.00
0.00
0
0
0
0
1751
0.0000
0.0000
0.0000
0.0000
0.00
0.00
0.00
0.00
0.00
0.00
0
0
0
0
1760
0.0000
0.0000
0.0000
0.0000
0.00
0.00
0.00
0.00
0.00
0.00
0
0
0
0
1768
0.0000
0.0000
0.0000
0.0000
0.00
0.00
0.00
0.00
0.00
0.00
0
0
0
0
1777
0.0000
0.0000
0.0000
0.0000
0.00
0.00
0.00
0.00
0.00
0.00
0
0
0
0
1786
0.0000
0.0000
0.0000
0.0000
0.00
0.00
0.00
0.00
0.00
0.00
0
0
0
0
1795
0.0000
0.0000
0.0000
0.0000
0.00
0.00
0.00
0.00
0.00
0.00
0
0
0
0
1804
0.0000
0.0000
0.0000
0.0000
0.00
0.00
0.00
0.00
0.00
0.00
0
0
0
0
1812
0.0000
0.0000
0.0000
0.0000
0.00
0.00
0.00
0.00
0.00
0.00
0
0
0
0
1821
0.0000
0.0000
0.0000
0.0000
0.00
0.00
0.00
0.00
0.00
0.00
0
0
0
0
1829
0.0000
0.0000
0.0000
0.0000
0.00
0.00
0.00
0.00
0.00
0.00
0
0
0
0
1839
0.0000
0.0000
0.0000
0.0000
0.00
0.00
0.00
0.00
0.00
0.00
0
0
0
0
1847
0.0000
0.0000
0.0000
0.0000
0.00
0.00
0.00
0.00
0.00
0.00
0
0
0
0
1856
0.0000
0.0000
0.0000
0.0000
0.00
0.00
0.00
0.00
0.00
0.00
0
0
0
0
1865
0.0000
0.0000
0.0000
0.0000
0.00
0.00
0.00
0.00
0.00
0.00
0
0
0
0
1873
0.0000
0.0000
0.0000
0.0000
0.00
0.00
0.00
0.00
0.00
0.00
0
0
0
0
1883
0.0000
0.0000
0.0000
0.0000
0.00
0.00
0.00
0.00
0.00
0.00
0
0
0
0
1891
0.0000
0.0000
0.0000
0.0000
0.00
0.00
0.00
0.00
0.00
0.00
0
0
0
0
1900
0.0000
0.0000
0.0000
0.0000
0.00
0.00
0.00
0.00
0.00
0.00
0
0
0
0
1908
0.0000
0.0000
0.0000
0.0000
0.00
0.00
0.00
0.00
0.00
0.00
0
0
0
0
1917
0.0000
0.0000
0.0000
0.0000
0.00
0.00
0.00
0.00
0.00
0.00
0
0
0
0
1926
0.0000
0.0000
0.0000
0.0000
0.00
0.00
0.00
0.00
0.00
0.00
0
0
0
0
1935
0.0000
0.0000
0.0000
0.0000
0.00
0.00
0.00
0.00
0.00
0.00
0
0
0
0
1943
0.0000
0.0000
0.0000
0.0000
0.00
0.00
0.00
0.00
0.00
0.00
0
0
0
0
1952
0.0000
0.0000
0.0000
0.0000
0.00
0.00
0.00
0.00
0.00
0.00
0
0
0
0
1961
0.0000
0.0000
0.0000
0.0000
0.00
0.00
0.00
0.00
0.00
0.00
0
0
0
0
1970
0.0000
0.0000
0.0000
0.0000
0.00
0.00
0.00
0.00
0.00
0.00
0
0
0
0
1979
0.0000
0.0000
0.0000
0.0000
0.00
0.00
0.00
0.00
0.00
0.00
0
0
0
0
1987
0.0000
0.0000
0.0000
0.0000
0.00
0.00
0.00
0.00
0.00
0.00
0
0
0
0
1996
0.0000
0.0000
0.0000
0.0000
0.00
0.00
0.00
0.00
0.00
0.00
0
0
0
0
2004
0.0000
0.0000
0.0000
0.0000
0.00
0.00
0.00
0.00
0.00
0.00
0
0
0
0
2014
0.0000
0.0000
0.0000
0.0000
0.00
0.00
0.00
0.00
0.00
0.00
0
0
0
0
2022
0.0000
0.0000
0.0000
0.0000
0.00
0.00
0.00
0.00
0.00
0.00
0
0
0
0
2031
0.0000
0.0000
0.0000
0.0000
0.00
0.00
0.00
0.00
0.00
0.00
0
0
0
0
2040
0.0000
0.0000
0.0000
0.0000
0.00
0.00
0.00
0.00
0.00
0.00
0
0
0
0
2051
0.0000
0.0000
0.0000
0.0000
0.00
0.00
0.00
0.00
0.00
0.00
0
0
0
0
2060
0.0000
0.0000
0.0000
0.0000
0.00
0.00
0.00
0.00
0.00
0.00
0
0
0
0
2072
0.0000
0.0000
0.0000
0.0000
0.00
0.00
0.00
0.00
0.00
0.00
0
0
0
0
2081
0.0000
0.0000
0.0000
0.0000
-0.19
-0.25
0.25
0.00
0.00
0.00
0
0
0
0
2094
0.0000
0.0000
0.0000
0.0000
-0.12
0.00
0.37
0.00
0.00
0.00
0
0
0
0
2106
0.0000
0.0000
0.0000
0.0000
0.00
0.06
-0.06
0.00
0.00
0.00
0
0
0
0
2117
0.0000
0.0000
0.0000
0.0000
0.00
-0.12
-0.37
0.00
0.00
0.00
0
0
0
0
2127
0.0000
0.0000
0.0000
0.0000
0.00
-0.19
-0.50
0.00
-0.33
0.29
0
0
0
0
2138
0.3915
-0.0001
-0.0001
-0.0001
-0.06
-0.12
0.00
0.01
-0.34
0.29
0
0
0
0
2148
0.3915
-0.0001
-0.0001
-0.0001
0.00
-0.12
0.00
0.01
-0.32
0.30
0
0
0
0
2158
0.3915
-0.0001
-0.0001
-0.0001
-0.06
-0.06
0.31
0.01
-0.33
0.31
0
0
0
0
2168
0.3915
0.9193
0.0418
-0.0007
-0.19
-0.12
0.50
0.03
-0.31
0.30
0
0
0
0
2178
0.3915
0.9193
0.0418
-0.0007
-0.06
0.06
0.44
0.04
-0.34
0.31
0
0
0
0
2188
0.3915
0.9193
0.0418
-0.0007
-0.19
0.06
0.37
0.02
-0.34
0.29
0
0
0
0
2198
0.3915
0.9193
0.0418
-0.0007
-0.06
-0.06
0.00
0.02
-0.32
0.28
0
0
0
0
2208
0.3915
0.9193
0.0418
-0.0007
-0.06
-0.06
-0.25
0.04
-0.34
0.31
0
0
0
0
2217
0.3915
0.9193
-0.0001
-0.0001
0.12
-0.25
-0.56
0.00
-0.34
0.33
0
0
1
0
2228
0.3915
-0.0001
-0.0001
-0.0001
0.06
-0.37
-0.69
-0.01
-0.02
0.01
0
0
1
0
2238
0.3915
0.9193
0.0419
-0.0007
-0.12
-0.12
-0.25
0.00
-0.05
0.00
0
0
1
0
2248
0.3915
0.9193
0.0419
-0.0007
-0.12
0.12
0.37
0.00
-0.03
-0.01
0
0
1
0
2257
0.3915
0.9193
0.0419
-0.0007
-0.25
0.12
0.69
0.01
-0.02
0.02
0
0
1
0
2268
0.3915
0.9193
0.0417
-0.0007
-0.56
0.19
0.94
0.03
-0.02
0.01
0
0
1
0
2278
0.3915
0.9193
0.0417
-0.0007
-0.25
0.00
0.37
0.01
-0.03
0.05
0
0
1
0
2288
0.3915
0.9193
0.0417
-0.0007
-0.06
0.00
-0.44
0.01
-0.04
0.00
0
0
1
0
2297
0.3915
0.9193
0.0417
-0.0007
0.12
-0.31
-0.88
0.02
-0.04
0.01
0
0
1
0
2308
0.3915
0.9193
0.0418
-0.0007
0.25
-0.44
-0.88
0.00
-0.03
0.00
0
0
1
0
2318
0.3915
0.9193
0.0419
-0.0007
0.19
-0.31
-0.37
0.00
-0.06
0.00
0
0
1
0
2328
0.3915
0.9193
0.0419
-0.0007
-0.06
-0.12
0.31
-0.01
-0.03
0.02
0
0
1
0
2337
0.3915
0.9193
0.0419
-0.0007
-0.25
0.19
0.69
0.00
-0.05
0.01
0
0
1
0
2348
0.3915
0.9193
0.0418
-0.0007
-0.25
0.12
0.56
0.01
-0.04
0.00
0
0
1
0
2358
0.3915
0.9193
0.0418
-0.0007
-0.25
0.00
0.25
0.01
-0.04
0.00
0
0
1
0
2368
0.3915
0.9193
0.0418
-0.0007
-0.12
-0.12
-0.06
0.00
-0.03
0.02
0
0
1
0
2377
0.3915
0.9193
0.0418
-0.0007
0.00
-0.06
-0.31
0.01
-0.02
0.02
0
0
1
0
2387
0.3915
0.9193
0.0418
-0.0007
-0.12
-0.25
-0.25
0.00
0.00
0.02
0
0
1
0
2398
0.3915
0.9193
0.0418
-0.0007
0.06
-0.12
0.06
0.00
0.00
0.01
0
0
1
0
2408
0.3915
0.9193
0.0418
-0.0007
-0.06
-0.06
0.19
0.01
-0.01
0.03
0
0
1
0
2418
0.3915
0.9193
0.0418
-0.0007
-0.19
-0.25
0.31
0.00
-0.02
0.04
0
0
1
0
2427
0.3915
0.9193
0.0418
-0.0007
0.06
-0.06
0.00
0.00
-0.02
0.03
0
0
1
0
2438
0.3915
0.9193
0.0418
-0.0007
0.06
-0.19
-0.19
0.00
-0.04
-0.01
0
0
1
0
2448
0.3915
0.9193
0.0418
-0.0007
-0.12
-0.25
-0.19
0.00
-0.04
0.01
0
0
1
0
2457
0.3915
0.9193
0.0418
-0.0007
0.00
-0.31
-0.37
-0.01
-0.03
0.01
0
0
1
0
2467
0.3915
0.9193
0.0418
-0.0007
-0.06
-0.19
0.00
0.00
-0.03
0.00
0
0
1
0
2478
0.3915
0.9193
0.0418
-0.0007
-0.12
0.12
0.19
0.00
-0.02
0.02
0
0
1
0
2488
0.3915
0.9193
0.0418
-0.0007
-0.12
0.00
0.37
0.00
-0.02
0.00
0
0
1
0
2497
0.3915
0.9193
0.0418
-0.0007
-0.19
-0.06
0.44
0.01
-0.02
0.01
0
0
1
0
2507
0.3915
0.9193
0.0418
-0.0007
-0.12
-0.19
0.44
0.01
-0.03
0.03
0
0
1
0
2518
0.3915
0.9193
0.0418
-0.0007
-0.06
-0.19
0.31
0.02
-0.02
0.03
0
0
1
0
2528
0.3915
0.9193
0.0418
-0.0007
0.00
-0.12
0.00
0.01
-0.02
0.04
0
0
1
0
2537
0.3915
0.9193
0.0418
-0.0007
0.06
-0.19
-0.50
0.01
-0.03
0.02
0
0
1
0
2547
0.3915
0.9193
0.0418
-0.0007
0.06
-0.37
-0.81
0.00
-0.03
0.03
0
0
1
0
2557
0.3915
0.9193
0.0419
-0.0007
0.12
-0.25
-0.69
-0.01
-0.02
0.02
0
0
1
0
2568
0.3915
0.9193
0.0419
-0.0007
0.06
-0.12
-0.31
0.00
-0.03
-0.01
0
0
1
0
2578
0.3915
0.9193
0.0419
-0.0007
-0.19
0.06
0.50
0.00
-0.03
0.01
0
0
1
0
2587
0.3915
0.9193
0.0419
-0.0007
-0.31
0.06
1.00
0.03
-0.03
0.00
0
0
1
0
2597
0.3915
0.9193
0.0419
-0.0007
-0.25
0.12
0.81
0.01
-0.03
0.04
0
0
1
0
2608
0.3915
0.9193
0.0418
-0.0007
-0.06
-0.06
0.31
0.02
-0.03
0.00
0
0
1
0
2618
0.3915
0.9193
0.0418
-0.0007
0.06
-0.25
-0.37
0.00
-0.03
0.00
0
0
1
0
2627
0.3915
0.9193
0.0418
-0.0007
0.19
-0.31
-1.06
0.00
-0.03
0.00
0
0
1
0
2637
0.3915
0.9193
0.0419
-0.0007
0.19
-0.37
-0.88
0.01
-0.01
0.02
0
0
1
0
2648
0.3915
0.9193
0.0420
-0.0008
0.00
-0.19
-0.31
0.00
-0.03
0.01
0
0
1
0
2657
0.3915
0.9193
0.0420
-0.0008
-0.19
0.06
0.63
0.00
-0.04
0.00
0
0
1
0
2667
0.3915
0.9193
0.0419
-0.0007
-0.31
0.37
0.88
0.02
-0.02
0.00
0
0
1
0
2677
0.3915
0.9193
0.0419
-0.0007
-0.06
0.19
0.81
0.02
-0.02
0.00
0
0
1
0
2688
0.3915
0.9193
0.0418
-0.0007
-0.06
0.00
0.25
0.01
-0.03
-0.01
0
0
1
0
2697
0.3915
0.9193
0.0418
-0.0007
0.00
-0.25
-0.31
0.02
-0.04
-0.01
0
0
1
0
2707
0.3915
0.9193
0.0418
-0.0007
0.19
-0.25
-0.69
0.00
-0.05
0.00
0
0
1
0
2717
0.3915
0.9193
0.0419
-0.0007
0.00
-0.12
-0.75
0.02
-0.04
0.06
0
0
1
0
2727
0.3915
0.9193
0.0419
-0.0007
0.06
-0.12
-0.25
0.00
-0.03
0.00
0
0
1
0
2737
0.3915
0.9193
0.0419
-0.0007
-0.12
0.00
0.00
-0.01
-0.03
-0.01
0
0
1
0
2747
0.3915
0.9193
0.0419
-0.0007
-0.06
0.12
0.44
0.00
-0.02
0.03
0
0
1
0
2757
0.3915
0.9193
0.0419
-0.0007
-0.06
0.00
0.44
0.01
-0.03
0.03
0
0
1
0
2767
0.3915
0.9193
0.0419
-0.0007
-0.12
0.00
0.31
0.03
-0.02
0.03
0
0
1
0
2778
0.3915
0.9193
0.0419
-0.0007
0.00
0.12
0.25
0.00
-0.02
0.01
0
0
1
0
2787
0.3915
0.9193
0.0419
-0.0007
-0.06
-0.06
0.12
0.01
-0.02
0.00
0
0
1
0
2797
0.3915
0.9193
0.0419
-0.0007
0.06
-0.12
0.06
0.02
-0.04
0.01
0
0
1
0
2807
0.3915
0.9193
0.0419
-0.0007
0.06
-0.31
-0.25
0.01
-0.05
0.00
0
0
1
0
2818
0.3915
0.9193
0.0419
-0.0007
0.06
-0.37
-0.25
0.00
-0.03
0.02
0
0
1
0
2827
0.3915
0.9193
0.0419
-0.0007
0.00
-0.06
-0.37
0.00
-0.01
-0.01
0
0
1
0
2837
0.3915
0.9193
0.0419
-0.0007
-0.12
0.00
0.00
0.00
-0.02
-0.01
0
0
1
0
2847
0.3915
0.9193
0.0419
-0.0007
-0.25
0.00
0.31
0.00
-0.05
0.02
0
0
1
0
2856
0.3915
0.9193
0.0419
-0.0007
-0.31
0.06
0.37
0.02
-0.03
0.04
0
0
1
0
2867
0.3915
0.9193
0.0419
-0.0007
-0.12
0.19
0.69
0.00
-0.03
0.01
0
0
1
0
2877
0.3915
0.9193
0.0419
-0.0007
-0.12
0.00
0.31
0.02
-0.03
0.00
0
0
1
0
2887
0.3915
0.9193
0.0419
-0.0007
-0.06
-0.06
-0.31
0.00
-0.04
0.02
0
0
1
0
2897
0.3915
0.9193
0.0419
-0.0007
0.19
-0.37
-0.69
0.01
-0.02
0.02
0
0
1
0
2907
0.3915
0.9193
0.0419
-0.0007
0.06
-0.19
-0.81
0.00
-0.02
0.00
0
0
1
0
2917
0.3915
0.9193
0.0419
-0.0007
0.12
-0.25
-0.31
0.01
-0.03
0.02
0
0
1
0
2927
0.3915
0.9193
0.0419
-0.0007
-0.06
0.06
0.12
0.01
-0.03
0.02
0
0
1
0
2937
0.3915
0.9193
0.0419
-0.0007
-0.25
0.19
0.63
0.00
-0.04
0.01
0
0
1
0
2947
0.3915
0.9193
0.0419
-0.0007
-0.25
0.12
0.75
-0.01
-0.04
0.03
0
0
1
0
2957
0.3915
0.9193
0.0419
-0.0007
0.06
0.06
0.50
0.01
-0.04
0.00
0
0
1
0
2967
0.3915
0.9193
0.0419
-0.0007
-0.06
-0.06
0.00
0.02
-0.01
0.01
0
0
1
0
2976
0.3915
0.9193
0.0419
-0.0007
0.00
-0.31
-0.37
0.02
-0.03
0.01
0
0
1
0
2987
0.3915
0.9193
0.0419
-0.0007
-0.12
-0.37
-0.44
0.02
-0.02
0.02
0
0
1
0
2997
0.3915
0.9193
0.0419
-0.0007
-0.06
-0.12
-0.37
0.00
-0.01
0.02
0
0
1
0
3007
0.3915
0.9193
0.0419
-0.0007
-0.06
-0.19
-0.19
0.00
-0.03
0.00
0
0
1
0
3017
0.3915
0.9193
0.0419
-0.0007
-0.06
-0.25
0.06
0.00
-0.03
-0.01
0
0
1
0
3026
0.3915
0.9193
0.0419
-0.0007
0.00
0.00
0.19
0.02
-0.05
-0.01
0
0
1
0
3037
0.3915
0.9193
0.0419
-0.0007
0.06
-0.06
0.00
0.01
-0.03
-0.01
0
0
1
0
3047
0.3915
0.9193
0.0419
-0.0007
0.00
-0.25
-0.19
0.00
-0.04
0.00
0
0
1
0
3056
0.3915
0.9193
0.0419
-0.0007
-0.06
-0.12
-0.31
0.00
-0.01
-0.01
0
0
1
0
3066
0.3915
0.9193
0.0419
-0.0007
-0.19
-0.12
-0.19
0.02
-0.03
0.02
0
0
1
0
3077
0.3915
0.9193
0.0419
-0.0007
-0.37
0.12
0.56
0.03
0.00
0.02
0
0
1
0
3087
0.3915
0.9193
0.0419
-0.0007
-0.25
0.19
1.12
0.04
-0.03
0.01
0
0
1
0
3097
0.3915
0.9193
0.0417
-0.0007
-0.19
0.12
1.19
0.02
-0.03
0.01
0
0
1
0
3106
0.3915
0.9193
-0.0001
-0.0001
0.00
-0.12
0.31
0.01
-0.04
0.00
0
0
1
0
3117
0.3915
0.9193
0.0417
-0.0006
0.25
-0.31
-0.75
0.00
-0.06
0.01
0
0
1
0
3127
0.3915
0.9193
0.0417
-0.0007
0.31
-0.75
-1.63
-0.01
-0.05
0.00
0
0
1
0
3136
0.3915
0.9193
0.0418
-0.0008
0.37
-0.75
-1.69
0.00
-0.04
-0.02
0
0
1
0
3146
0.3915
0.9193
0.0419
-0.0009
0.12
-0.37
-0.81
-0.02
-0.01
0.02
0
0
1
0
3156
0.3915
0.9193
0.0420
-0.0009
-0.19
0.25
1.06
0.01
-0.03
0.00
0
0
1
0
3166
0.3915
0.9193
0.0419
-0.0009
-0.63
0.69
2.06
0.03
-0.01
0.03
0
0
1
0
3176
0.3915
0.9193
0.0418
-0.0007
-0.63
0.69
2.06
0.00
-0.03
0.03
0
0
1
0
3185
0.3915
-0.0001
-0.0001
-0.0001
-0.12
0.25
1.00
0.01
-0.05
0.00
0
0
1
0
3195
0.3915
-0.0001
-0.0001
-0.0001
0.25
-0.44
-0.63
0.00
-0.04
0.01
0
0
1
0
3206
0.3915
-0.0001
-0.0001
-0.0001
0.31
-0.69
-2.13
-0.01
-0.04
0.01
0
0
1
0
3215
0.3915
0.9193
0.0417
-0.0007
0.31
-0.69
-2.13
-0.01
-0.04
0.02
0
0
1
0
3224
0.3915
0.9192
0.0419
-0.0009
0.37
-0.56
-2.38
-0.01
-0.04
0.02
0
0
1
0
3234
0.3915
-0.0001
-0.0001
-0.0001
0.12
-0.06
-0.06
0.01
-0.02
0.03
0
0
1
0
3245
0.3915
-0.0001
-0.0001
-0.0001
-0.63
0.56
2.06
0.01
-0.01
0.02
0
0
1
0
3256
0.3915
-0.0001
-0.0001
-0.0001
-0.50
0.69
2.31
0.02
-0.05
0.05
0
0
1
0
3265
0.3915
-0.0001
-0.0001
-0.0001
-0.19
0.25
1.19
0.03
-0.04
0.05
0
0
1
0
3275
0.3915
-0.0001
-0.0001
-0.0001
0.12
-0.19
-0.44
0.01
-0.02
0.01
0
0
1
0
3286
0.3915
-0.0001
-0.0001
-0.0001
0.37
-0.69
-1.88
0.01
-0.04
0.00
0
0
1
0
3296
0.3915
-0.0001
-0.0001
-0.0001
0.31
-0.69
-1.94
0.00
-0.03
0.00
0
0
1
0
3306
0.3916
-0.0001
-0.0001
-0.0001
0.06
-0.25
-1.25
0.00
-0.02
0.00
0
0
1
0
3316
