0
3
1
0
38444
0.3917
-0.0001
-0.0001
-0.0001
-1.19
0.37
0.69
0.02
-0.01
0.00
0
3
1Á
3.56
0.05
0.02
-0.07
0
3
1
0
38444
0.3917
-0.0001
-0.0001
-0.0001
-1.19
0.37
0.69
0.02
-0.01
0.00
0
3
1Á
3.56
0.05
0.02
-0.07
0
3
1
0
38444
0.3917
-0.0001
-0.0001
-0.0001
-1.19
0.37
0.69
0.02
-0.01
0.00
0
3
1Á
1586
0.0000
0.0000
0.0000
0.0000
0.00
0.00
0.00
0.00
0.00
0.00
0
0
0
0
1594
0.0000
0.0000
0.0000
0.0000
0.00
0.00
0.00
0.00
0.00
0.00
0
0
0
0
1603
0.0000
0.0000
0.0000
0.0000
0.00
0.00
0.00
0.00
0.00
0.00
0
0
0
0
1611
0.0000
0.0000
0.0000
0.0000
0.00
0.00
0.00
0.00
0.00
0.00
0
0
0
0
1620
0.0000
0.0000
0.0000
0.0000
0.00
0.00
0.00
0.00
0.00
0.00
0
0
0
0
1629
0.0000
0.0000
0.0000
0.0000
0.00
0.00
0.00
0.00
0.00
0.00
0
0
0
0
1638
0.0000
0.0000
0.0000
0.0000
0.00
0.00
0.00
0.00
0.00
0.00
0
0
0
0
1646
0.0000
0.0000
0.0000
0.0000
0.00
0.00
0.00
0.00
0.00
0.00
0
0
0
0
1655
0.0000
0.0000
0.0000
0.0000
0.00
0.00
0.00
0.00
0.00
0.00
0
0
0
0
1665
0.0000
0.0000
0.0000
0.0000
0.00
0.00
0.00
0.00
0.00
0.00
0
0
0
0
1673
0.0000
0.0000
0.0000
0.0000
0.00
0.00
0.00
0.00
0.00
0.00
0
0
0
0
1682
0.0000
0.0000
0.0000
0.0000
0.00
0.00
0.00
0.00
0.00
0.00
0
0
0
0
1690
0.0000
0.0000
0.0000
0.0000
0.00
0.00
0.00
0.00
0.00
0.00
0
0
0
0
1699
0.0000
0.0000
0.0000
0.0000
0.00
0.00
0.00
0.00
0.00
0.00
0
0
0
0
1708
0.0000
0.0000
0.0000
0.0000
0.00
0.00
0.00
0.00
0.00
0.00
0
0
0
0
1717
0.0000
0.0000
0.0000
0.0000
0.00
0.00
0.00
0.00
0.00
0.00
0
0
0
0
1725
0.0000
0.0000
0.0000
0.0000
0.00
0.00
0.00
0.00
0.00
0.00
0
0
0
0
1734
0.0000
0.0000
0.0000
0.0000
0.00
0.00
0.00
0.00
0.00
0.00
0
0
0
0
1743
0.0000
0.0000
0.0000
0.0000
0.00
0.00
0.00
0.00
0.00
0.00
0
0
0
0
1752
0.0000
0.0000
0.0000
0.0000
0.00
0.00
0.00
0.00
0.00
0.00
0
0
0
0
1761
0.0000
0.0000
0.0000
0.0000
0.00
0.00
0.00
0.00
0.00
0.00
0
0
0
0
1769
0.0000
0.0000
0.0000
0.0000
0.00
0.00
0.00
0.00
0.00
0.00
0
0
0
0
1778
0.0000
0.0000
0.0000
0.0000
0.00
0.00
0.00
0.00
0.00
0.00
0
0
0
0
1786
0.0000
0.0000
0.0000
0.0000
0.00
0.00
0.00
0.00
0.00
0.00
0
0
0
0
1796
0.0000
0.0000
0.0000
0.0000
0.00
0.00
0.00
0.00
0.00
0.00
0
0
0
0
1804
0.0000
0.0000
0.0000
0.0000
0.00
0.00
0.00
0.00
0.00
0.00
0
0
0
0
1813
0.0000
0.0000
0.0000
0.0000
0.00
0.00
0.00
0.00
0.00
0.00
0
0
0
0
1822
0.0000
0.0000
0.0000
0.0000
0.00
0.00
0.00
0.00
0.00
0.00
0
0
0
0
1830
0.0000
0.0000
0.0000
0.0000
0.00
0.00
0.00
0.00
0.00
0.00
0
0
0
0
1840
0.0000
0.0000
0.0000
0.0000
0.00
0.00
0.00
0.00
0.00
0.00
0
0
0
0
1848
0.0000
0.0000
0.0000
0.0000
0.00
0.00
0.00
0.00
0.00
0.00
0
0
0
0
1857
0.0000
0.0000
0.0000
0.0000
0.00
0.00
0.00
0.00
0.00
0.00
0
0
0
0
1865
0.0000
0.0000
0.0000
0.0000
0.00
0.00
0.00
0.00
0.00
0.00
0
0
0
0
1874
0.0000
0.0000
0.0000
0.0000
0.00
0.00
0.00
0.00
0.00
0.00
0
0
0
0
1883
0.0000
0.0000
0.0000
0.0000
0.00
0.00
0.00
0.00
0.00
0.00
0
0
0
0
1892
0.0000
0.0000
0.0000
0.0000
0.00
0.00
0.00
0.00
0.00
0.00
0
0
0
0
1901
0.0000
0.0000
0.0000
0.0000
0.00
0.00
0.00
0.00
0.00
0.00
0
0
0
0
1909
0.0000
0.0000
0.0000
0.0000
0.00
0.00
0.00
0.00
0.00
0.00
0
0
0
0
1918
0.0000
0.0000
0.0000
0.0000
0.00
0.00
0.00
0.00
0.00
0.00
0
0
0
0
1927
0.0000
0.0000
0.0000
0.0000
0.00
0.00
0.00
0.00
0.00
0.00
0
0
0
0
1936
0.0000
0.0000
0.0000
0.0000
0.00
0.00
0.00
0.00
0.00
0.00
0
0
0
0
1944
0.0000
0.0000
0.0000
0.0000
0.00
0.00
0.00
0.00
0.00
0.00
0
0
0
0
1953
0.0000
0.0000
0.0000
0.0000
0.00
0.00
0.00
0.00
0.00
0.00
0
0
0
0
1961
0.0000
0.0000
0.0000
0.0000
0.00
0.00
0.00
0.00
0.00
0.00
0
0
0
0
1971
0.0000
0.0000
0.0000
0.0000
0.00
0.00
0.00
0.00
0.00
0.00
0
0
0
0
1980
0.0000
0.0000
0.0000
0.0000
0.00
0.00
0.00
0.00
0.00
0.00
0
0
0
0
1988
0.0000
0.0000
0.0000
0.0000
0.00
0.00
0.00
0.00
0.00
0.00
0
0
0
0
1997
0.0000
0.0000
0.0000
0.0000
0.00
0.00
0.00
0.00
0.00
0.00
0
0
0
0
2006
0.0000
0.0000
0.0000
0.0000
0.00
0.00
0.00
0.00
0.00
0.00
0
0
0
0
2015
0.0000
0.0000
0.0000
0.0000
0.00
0.00
0.00
0.00
0.00
0.00
0
0
0
0
2023
0.0000
0.0000
0.0000
0.0000
0.00
0.00
0.00
0.00
0.00
0.00
0
0
0
0
2032
0.0000
0.0000
0.0000
0.0000
0.00
0.00
0.00
0.00
0.00
0.00
0
0
0
0
2040
0.0000
0.0000
0.0000
0.0000
0.00
0.00
0.00
0.00
0.00
0.00
0
0
0
0
2050
0.0000
0.0000
0.0000
0.0000
0.00
0.00
0.00
0.00
0.00
0.00
0
0
0
0
2060
0.0000
0.0000
0.0000
0.0000
0.00
0.00
0.00
0.00
0.00
0.00
0
0
0
0
2069
0.0000
0.0000
0.0000
0.0000
0.00
0.00
0.00
0.00
0.00
0.00
0
0
0
0
2081
0.0000
0.0000
0.0000
0.0000
0.00
0.00
0.00
0.00
0.00
0.00
0
0
0
0
2089
0.0000
0.0000
0.0000
0.0000
-0.25
-0.12
-0.31
0.00
0.00
0.00
0
0
0
0
2103
0.0000
0.0000
0.0000
0.0000
-0.06
-0.19
-0.06
0.00
0.00
0.00
0
0
0
0
2114
0.0000
0.0000
0.0000
0.0000
-0.31
0.19
1.00
0.00
0.00
0.00
0
0
0
0
2125
0.0000
0.0000
0.0000
0.0000
-0.31
0.19
0.94
0.00
0.00
0.00
0
0
0
0
2136
0.0000
0.0000
0.0000
0.0000
-0.25
-0.06
0.44
0.02
-0.33
0.31
0
0
0
0
2146
0.3912
-0.0001
-0.0001
-0.0001
0.00
-0.25
-0.19
0.00
-0.34
0.30
0
0
0
0
2156
0.3912
-0.0001
-0.0001
-0.0001
0.06
-0.31
-0.88
0.02
-0.33
0.27
0
0
0
0
2166
0.3912
0.9195
0.0384
0.0000
0.06
-0.63
-1.00
0.00
-0.36
0.31
0
0
0
0
2177
0.3912
0.9195
0.0385
-0.0001
0.06
-0.50
-0.75
0.01
-0.34
0.31
0
0
0
0
2187
0.3912
0.9195
0.0385
-0.0001
-0.06
0.19
-0.06
-0.01
-0.32
0.31
0
0
0
0
2196
0.3912
0.9195
0.0385
-0.0001
-0.31
0.25
0.63
0.00
-0.33
0.29
0
0
0
0
2206
0.3912
0.9195
0.0385
-0.0001
-0.25
0.19
0.69
0.00
-0.31
0.31
0
0
0
0
2216
0.3912
0.9195
0.0384
-0.0001
-0.19
0.19
0.69
0.00
-0.33
0.31
0
0
0
0
2226
0.3912
-0.0001
-0.0001
-0.0001
-0.12
0.00
0.19
0.00
-0.32
0.31
0
0
1
0
2236
0.3912
-0.0001
-0.0001
-0.0001
0.00
-0.31
-0.44
0.01
-0.02
0.00
0
0
1
0
2246
0.3912
0.9195
0.0383
0.0000
0.19
-0.12
-0.63
-0.02
-0.02
0.00
0
0
1
0
2256
0.3912
0.9195
0.0384
-0.0001
0.12
-0.31
-0.56
-0.01
-0.01
0.00
0
0
1
0
2267
0.3912
0.9195
0.0384
-0.0001
0.12
-0.25
-0.19
0.00
-0.03
0.00
0
0
1
0
2277
0.3912
0.9195
0.0384
-0.0001
-0.12
-0.06
0.19
0.00
-0.03
0.00
0
0
1
0
2286
0.3912
0.9195
0.0384
-0.0001
-0.06
0.06
0.56
0.00
-0.01
-0.01
0
0
1
0
2296
0.3912
0.9195
0.0384
-0.0001
-0.06
-0.06
0.81
-0.01
-0.08
0.05
0
0
1
0
2307
0.3912
0.9195
0.0383
0.0000
0.00
0.19
-0.31
0.01
0.03
-0.08
0
0
1
0
2316
0.3912
0.9195
0.0383
0.0000
-0.06
-0.31
-0.06
-0.01
-0.06
0.02
0
0
1
0
2326
0.3912
0.9195
0.0383
0.0000
0.06
-0.19
0.12
0.02
-0.01
0.00
0
0
1
0
2336
0.3912
0.9195
0.0383
0.0000
0.00
-0.19
-0.19
0.01
0.00
-0.02
0
0
1
0
2347
0.3912
0.9195
0.0383
0.0000
-0.37
-0.31
-0.06
0.00
-0.04
0.02
0
0
1
0
2356
0.3912
0.9195
0.0383
0.0000
0.12
-0.12
0.19
0.00
-0.01
-0.03
0
0
1
0
2366
0.3912
0.9195
0.0383
0.0000
0.06
-0.12
-0.25
0.00
-0.02
-0.03
0
0
1
0
2376
0.3912
0.9195
0.0383
0.0000
-0.19
-0.19
0.12
0.00
-0.04
0.01
0
0
1
0
2386
0.3912
0.9195
0.0383
0.0000
-0.12
-0.31
0.19
0.00
-0.01
-0.02
0
0
1
0
2396
0.3912
0.9195
0.0383
0.0000
0.00
-0.31
-0.12
-0.02
-0.02
-0.01
0
0
1
0
2406
0.3912
0.9195
0.0383
0.0000
-0.06
-0.12
0.19
0.00
-0.02
0.00
0
0
1
0
2416
0.3912
0.9195
0.0383
0.0000
0.00
-0.19
0.25
0.00
-0.01
-0.02
0
0
1
0
2426
0.3912
0.9195
0.0383
0.0000
-0.19
-0.06
0.12
-0.03
-0.07
0.02
0
0
1
0
2437
0.3912
0.9195
0.0383
0.0000
0.12
0.00
-0.06
0.00
0.01
-0.02
0
0
1
0
2446
0.3912
0.9195
0.0383
0.0000
-0.25
-0.37
0.00
-0.02
-0.05
0.00
0
0
1
0
2456
0.3912
0.9195
0.0383
0.0000
0.31
-0.25
0.19
0.00
0.00
-0.05
0
0
1
0
2466
0.3912
0.9195
0.0383
0.0000
-0.12
-0.31
-0.63
0.00
0.00
0.01
0
0
1
0
2477
0.3912
0.9195
0.0384
0.0000
-0.25
-0.25
-0.25
-0.02
-0.05
0.03
0
0
1
0
2486
0.3912
0.9195
0.0384
0.0000
0.06
0.12
0.44
-0.01
-0.04
0.03
0
0
1
0
2496
0.3912
0.9195
0.0384
0.0000
0.00
0.00
-0.06
0.00
-0.03
0.00
0
0
1
0
2506
0.3912
0.9195
0.0384
0.0000
-0.50
-0.31
0.25
-0.01
-0.04
0.02
0
0
1
0
2515
0.3912
0.9195
0.0384
0.0000
-0.19
0.00
0.50
0.01
-0.04
-0.01
0
0
1
0
2526
0.3912
0.9195
0.0384
0.0000
0.12
0.06
-0.06
0.00
0.00
-0.01
0
0
1
0
2536
0.3912
0.9195
0.0384
0.0000
-0.12
-0.25
-0.19
0.00
-0.04
0.00
0
0
1
0
2546
0.3912
0.9195
0.0384
0.0000
0.06
-0.25
-0.25
0.00
-0.01
0.00
0
0
1
0
2555
0.3912
0.9195
0.0384
0.0000
-0.06
-0.19
-0.31
0.00
-0.01
-0.02
0
0
1
0
2566
0.3912
0.9195
0.0384
0.0000
-0.06
0.00
0.06
0.00
-0.03
-0.01
0
0
1
0
2576
0.3912
0.9195
0.0384
0.0000
-0.25
0.19
0.44
0.00
-0.01
0.00
0
0
1
0
2586
0.3912
0.9195
0.0384
0.0000
-0.25
0.12
0.44
-0.01
-0.02
0.00
0
0
1
0
2595
0.3912
0.9195
0.0384
0.0000
-0.12
-0.12
0.25
0.02
-0.03
-0.01
0
0
1
0
2606
0.3912
0.9195
0.0384
0.0000
-0.06
-0.31
0.19
0.00
-0.01
-0.01
0
0
1
0
2616
0.3912
0.9195
0.0384
0.0000
-0.12
-0.25
-0.31
-0.01
-0.03
0.01
0
0
1
0
2626
0.3912
0.9195
0.0384
0.0000
0.12
0.00
-0.25
-0.01
-0.03
0.02
0
0
1
0
2636
0.3912
0.9195
0.0384
0.0000
0.06
0.00
-0.19
-0.03
-0.02
0.00
0
0
1
0
2646
0.3912
0.9195
0.0384
0.0000
-0.06
-0.06
0.00
-0.01
-0.03
-0.02
0
0
1
0
2656
0.3912
0.9195
0.0384
0.0000
-0.06
-0.06
0.19
-0.01
-0.03
-0.01
0
0
1
0
2666
0.3912
0.9195
0.0384
0.0000
-0.12
0.00
0.12
0.00
-0.02
0.01
0
0
1
0
2676
0.3912
0.9195
0.0384
0.0000
-0.06
0.00
0.00
0.00
-0.02
0.01
0
0
1
0
2685
0.3912
0.9195
0.0384
0.0000
-0.12
0.06
0.12
0.00
-0.03
0.03
0
0
1
0
2696
0.3912
0.9195
0.0384
0.0000
-0.06
0.06
0.12
-0.01
-0.02
0.00
0
0
1
0
2706
0.3912
0.9195
0.0384
0.0000
-0.06
-0.06
0.19
0.00
-0.02
0.00
0
0
1
0
2715
0.3912
0.9195
0.0384
0.0000
0.06
-0.06
-0.06
0.01
-0.01
0.00
0
0
1
0
2725
0.3912
0.9195
0.0384
0.0000
-0.19
-0.19
-0.12
0.00
-0.02
0.00
0
0
1
0
2736
0.3912
0.9195
0.0384
0.0000
0.00
-0.06
-0.19
-0.03
-0.03
0.03
0
0
1
0
2746
0.3912
0.9195
0.0384
0.0000
0.00
0.00
-0.12
0.00
-0.02
-0.02
0
0
1
0
2755
0.3912
0.9195
0.0384
0.0000
0.00
-0.06
0.25
-0.01
-0.02
0.03
0
0
1
0
2765
0.3912
0.9195
0.0384
0.0000
-0.19
0.00
0.19
0.00
-0.03
0.00
0
0
1
0
2776
0.3912
0.9195
0.0384
0.0000
-0.12
0.00
0.50
0.00
-0.02
-0.01
0
0
1
0
2786
0.3912
0.9195
0.0384
0.0000
-0.06
-0.12
0.25
0.00
-0.03
0.00
0
0
1
0
2795
0.3912
0.9195
0.0384
0.0000
-0.06
-0.19
-0.12
-0.02
-0.03
-0.01
0
0
1
0
2805
0.3912
0.9195
0.0384
0.0000
0.06
-0.19
-0.50
-0.01
-0.02
0.01
0
0
1
0
2816
0.3912
0.9195
0.0384
0.0000
0.12
-0.31
-0.56
-0.01
-0.02
0.00
0
0
1
0
2826
0.3912
0.9195
0.0384
0.0000
-0.12
-0.25
-0.06
-0.02
-0.01
0.00
0
0
1
0
2836
0.3912
0.9195
0.0384
0.0000
-0.19
0.00
0.31
0.00
-0.03
0.00
0
0
1
0
2845
0.3912
0.9195
0.0384
0.0000
-0.19
0.12
0.44
0.00
-0.03
-0.01
0
0
1
0
2855
0.3912
0.9195
0.0384
0.0000
-0.19
0.00
0.56
0.00
0.00
0.00
0
0
1
0
2866
0.3912
-0.0001
-0.0001
-0.0001
-0.12
-0.12
0.19
-0.01
-0.01
0.01
0
0
1
0
2876
0.3912
0.9195
0.0384
0.0000
0.12
-0.25
-0.31
-0.01
0.00
-0.02
0
0
1
0
2885
0.3912
0.9195
0.0384
0.0000
0.06
-0.19
-0.50
0.00
-0.03
0.01
0
0
1
0
2895
0.3912
0.9195
0.0384
0.0000
0.00
-0.25
-0.44
0.00
-0.02
-0.01
0
0
1
0
2906
0.3912
0.9195
0.0384
0.0000
-0.06
-0.25
-0.19
0.00
-0.03
0.01
0
0
1
0
2916
0.3912
0.9195
0.0384
0.0000
-0.12
0.06
0.25
0.00
-0.02
-0.01
0
0
1
0
2926
0.3912
0.9195
0.0384
0.0000
-0.25
0.06
0.50
0.00
-0.03
0.03
0
0
1
0
2935
0.3912
0.9195
0.0384
0.0000
-0.06
0.12
0.44
0.00
-0.04
0.00
0
0
1
0
2946
0.3912
0.9195
0.0384
0.0000
-0.12
-0.12
0.12
0.00
-0.04
-0.01
0
0
1
0
2956
0.3912
0.9195
0.0384
0.0000
-0.06
-0.12
-0.25
0.00
-0.01
0.00
0
0
1
0
2965
0.3912
0.9195
0.0384
0.0000
0.06
-0.19
-0.44
0.00
0.00
0.00
0
0
1
0
2975
0.3912
0.9195
0.0384
0.0000
0.25
-0.19
-0.56
-0.01
-0.01
0.00
0
0
1
0
2985
0.3912
0.9195
0.0384
0.0000
0.00
-0.12
-0.44
0.00
-0.03
0.00
0
0
1
0
2996
0.3912
0.9195
0.0384
0.0000
-0.12
-0.06
0.12
0.00
-0.02
-0.01
0
0
1
0
3005
0.3912
0.9195
0.0384
0.0000
-0.12
0.25
0.50
-0.01
-0.01
0.02
0
0
1
0
3015
0.3912
0.9195
0.0384
0.0000
-0.25
0.06
0.69
-0.01
-0.02
0.00
0
0
1
0
3025
0.3912
0.9195
0.0383
0.0000
-0.31
0.12
0.50
-0.01
-0.04
0.00
0
0
1
0
3036
0.3912
0.9195
0.0383
0.0000
0.00
-0.12
0.19
0.00
-0.02
0.00
0
0
1
0
3045
0.3912
0.9195
0.0383
0.0000
0.12
-0.31
-0.37
0.01
-0.03
0.00
0
0
1
0
3055
0.3912
0.9195
0.0383
0.0000
0.12
-0.44
-0.69
-0.02
-0.02
0.00
0
0
1
0
3065
0.3912
0.9195
0.0384
0.0000
0.00
-0.25
-0.50
-0.02
-0.02
0.00
0
0
1
0
3076
0.3912
0.9195
0.0384
0.0000
-0.06
-0.06
-0.06
0.00
-0.03
0.00
0
0
1
0
3085
0.3912
0.9195
0.0384
0.0000
-0.25
0.19
0.37
-0.01
-0.03
0.01
0
0
1
0
3095
0.3912
0.9195
0.0384
0.0000
-0.12
0.25
0.81
0.00
0.00
0.00
0
0
1
0
3105
0.3912
0.9195
0.0383
0.0000
-0.19
0.12
0.69
0.00
0.00
0.00
0
0
1
0
3115
0.3912
0.9195
0.0383
0.0000
0.00
-0.12
0.19
0.00
-0.02
-0.02
0
0
1
0
3125
0.3912
0.9195
0.0383
0.0000
0.06
-0.25
-0.25
0.00
-0.02
0.02
0
0
1
0
3135
0.3912
-0.0001
-0.0001
-0.0001
0.00
-0.37
-0.56
-0.01
0.00
0.00
0
0
1
0
3145
0.3912
0.9195
0.0383
0.0000
0.12
-0.19
-0.56
-0.01
0.00
-0.02
0
0
1
0
3155
0.3912
0.9195
0.0383
0.0000
0.00
-0.25
-0.31
-0.01
-0.02
0.01
0
0
1
0
3165
0.3912
0.9195
0.0383
0.0000
0.00
0.06
0.31
-0.02
-0.01
0.03
0
0
1
0
3175
0.3912
0.9195
0.0383
0.0000
-0.31
0.00
0.63
0.00
0.00
0.02
0
0
1
0
3185
0.3912
-0.0001
-0.0001
-0.0001
-0.12
0.12
0.50
-0.01
-0.04
0.02
0
0
1
0
3195
0.3912
0.9195
0.0382
0.0001
-0.12
-0.12
0.31
0.00
-0.03
0.01
0
0
1
0
3205
0.3912
0.9195
0.0382
0.0001
0.06
-0.25
-0.12
0.00
-0.03
0.00
0
0
1
0
3215
0.3912
0.9195
0.0382
0.0001
-0.06
-0.12
-0.31
-0.01
-0.02
0.00
0
0
1
0
3225
0.3912
0.9195
0.0382
0.0001
0.12
-0.19
-0.50
0.00
-0.02
0.01
0
0
1
0
3235
0.3912
0.9195
0.0382
0.0001
-0.06
-0.12
-0.19
-0.01
-0.03
0.00
0
0
1
0
3245
0.3912
0.9195
0.0382
0.0001
-0.06
-0.31
0.12
-0.01
-0.02
-0.02
0
0
1
0
3255
0.3912
0.9195
0.0382
0.0001
-0.12
0.00
0.19
0.00
-0.01
0.00
