
1576
0.0000
0.0000
0.0000
0.0000
0.00
0.00
0.00
0.00
0.00
0.00
0
0
0
0
1585
0.0000
0.0000
0.0000
0.0000
0.00
0.00
0.00
0.00
0.00
0.00
0
0
0
0
1594
0.0000
0.0000
0.0000
0.0000
0.00
0.00
0.00
0.00
0.00
0.00
0
0
0
0
1602
0.0000
0.0000
0.0000
0.0000
0.00
0.00
0.00
0.00
0.00
0.00
0
0
0
0
1611
0.0000
0.0000
0.0000
0.0000
0.00
0.00
0.00
0.00
0.00
0.00
0
0
0
0
1619
0.0000
0.0000
0.0000
0.0000
0.00
0.00
0.00
0.00
0.00
0.00
0
0
0
0
1629
0.0000
0.0000
0.0000
0.0000
0.00
0.00
0.00
0.00
0.00
0.00
0
0
0
0
1638
0.0000
0.0000
0.0000
0.0000
0.00
0.00
0.00
0.00
0.00
0.00
0
0
0
0
1646
0.0000
0.0000
0.0000
0.0000
0.00
0.00
0.00
0.00
0.00
0.00
0
0
0
0
1655
0.0000
0.0000
0.0000
0.0000
0.00
0.00
0.00
0.00
0.00
0.00
0
0
0
0
1664
0.0000
0.0000
0.0000
0.0000
0.00
0.00
0.00
0.00
0.00
0.00
0
0
0
0
1673
0.0000
0.0000
0.0000
0.0000
0.00
0.00
0.00
0.00
0.00
0.00
0
0
0
0
1681
0.0000
0.0000
0.0000
0.0000
0.00
0.00
0.00
0.00
0.00
0.00
0
0
0
0
1690
0.0000
0.0000
0.0000
0.0000
0.00
0.00
0.00
0.00
0.00
0.00
0
0
0
0
1698
0.0000
0.0000
0.0000
0.0000
0.00
0.00
0.00
0.00
0.00
0.00
0
0
0
0
1708
0.0000
0.0000
0.0000
0.0000
0.00
0.00
0.00
0.00
0.00
0.00
0
0
0
0
1717
0.0000
0.0000
0.0000
0.0000
0.00
0.00
0.00
0.00
0.00
0.00
0
0
0
0
1725
0.0000
0.0000
0.0000
0.0000
0.00
0.00
0.00
0.00
0.00
0.00
0
0
0
0
1734
0.0000
0.0000
0.0000
0.0000
0.00
0.00
0.00
0.00
0.00
0.00
0
0
0
0
1742
0.0000
0.0000
0.0000
0.0000
0.00
0.00
0.00
0.00
0.00
0.00
0
0
0
0
1752
0.0000
0.0000
0.0000
0.0000
0.00
0.00
0.00
0.00
0.00
0.00
0
0
0
0
1760
0.0000
0.0000
0.0000
0.0000
0.00
0.00
0.00
0.00
0.00
0.00
0
0
0
0
1769
0.0000
0.0000
0.0000
0.0000
0.00
0.00
0.00
0.00
0.00
0.00
0
0
0
0
1777
0.0000
0.0000
0.0000
0.0000
0.00
0.00
0.00
0.00
0.00
0.00
0
0
0
0
1786
0.0000
0.0000
0.0000
0.0000
0.00
0.00
0.00
0.00
0.00
0.00
0
0
0
0
1796
0.0000
0.0000
0.0000
0.0000
0.00
0.00
0.00
0.00
0.00
0.00
0
0
0
0
1804
0.0000
0.0000
0.0000
0.0000
0.00
0.00
0.00
0.00
0.00
0.00
0
0
0
0
1813
0.0000
0.0000
0.0000
0.0000
0.00
0.00
0.00
0.00
0.00
0.00
0
0
0
0
1821
0.0000
0.0000
0.0000
0.0000
0.00
0.00
0.00
0.00
0.00
0.00
0
0
0
0
1830
0.0000
0.0000
0.0000
0.0000
0.00
0.00
0.00
0.00
0.00
0.00
0
0
0
0
1839
0.0000
0.0000
0.0000
0.0000
0.00
0.00
0.00
0.00
0.00
0.00
0
0
0
0
1848
0.0000
0.0000
0.0000
0.0000
0.00
0.00
0.00
0.00
0.00
0.00
0
0
0
0
1856
0.0000
0.0000
0.0000
0.0000
0.00
0.00
0.00
0.00
0.00
0.00
0
0
0
0
1865
0.0000
0.0000
0.0000
0.0000
0.00
0.00
0.00
0.00
0.00
0.00
0
0
0
0
1874
0.0000
0.0000
0.0000
0.0000
0.00
0.00
0.00
0.00
0.00
0.00
0
0
0
0
1883
0.0000
0.0000
0.0000
0.0000
0.00
0.00
0.00
0.00
0.00
0.00
0
0
0
0
1892
0.0000
0.0000
0.0000
0.0000
0.00
0.00
0.00
0.00
0.00
0.00
0
0
0
0
1900
0.0000
0.0000
0.0000
0.0000
0.00
0.00
0.00
0.00
0.00
0.00
0
0
0
0
1909
0.0000
0.0000
0.0000
0.0000
0.00
0.00
0.00
0.00
0.00
0.00
0
0
0
0
1917
0.0000
0.0000
0.0000
0.0000
0.00
0.00
0.00
0.00
0.00
0.00
0
0
0
0
1927
0.0000
0.0000
0.0000
0.0000
0.00
0.00
0.00
0.00
0.00
0.00
0
0
0
0
1935
0.0000
0.0000
0.0000
0.0000
0.00
0.00
0.00
0.00
0.00
0.00
0
0
0
0
1944
0.0000
0.0000
0.0000
0.0000
0.00
0.00
0.00
0.00
0.00
0.00
0
0
0
0
1953
0.0000
0.0000
0.0000
0.0000
0.00
0.00
0.00
0.00
0.00
0.00
0
0
0
0
1961
0.0000
0.0000
0.0000
0.0000
0.00
0.00
0.00
0.00
0.00
0.00
0
0
0
0
1971
0.0000
0.0000
0.0000
0.0000
0.00
0.00
0.00
0.00
0.00
0.00
0
0
0
0
1979
0.0000
0.0000
0.0000
0.0000
0.00
0.00
0.00
0.00
0.00
0.00
0
0
0
0
1988
0.0000
0.0000
0.0000
0.0000
0.00
0.00
0.00
0.00
0.00
0.00
0
0
0
0
1996
0.0000
0.0000
0.0000
0.0000
0.00
0.00
0.00
0.00
0.00
0.00
0
0
0
0
2006
0.0000
0.0000
0.0000
0.0000
0.00
0.00
0.00
0.00
0.00
0.00
0
0
0
0
2014
0.0000
0.0000
0.0000
0.0000
0.00
0.00
0.00
0.00
0.00
0.00
0
0
0
0
2023
0.0000
0.0000
0.0000
0.0000
0.00
0.00
0.00
0.00
0.00
0.00
0
0
0
0
2032
0.0000
0.0000
0.0000
0.0000
0.00
0.00
0.00
0.00
0.00
0.00
0
0
0
0
2040
0.0000
0.0000
0.0000
0.0000
0.00
0.00
0.00
0.00
0.00
0.00
0
0
0
0
2050
0.0000
0.0000
0.0000
0.0000
0.00
0.00
0.00
0.00
0.00
0.00
0
0
0
0
2059
0.0000
0.0000
0.0000
0.0000
0.00
0.00
0.00
0.00
0.00
0.00
1
3
0
0
2071
0.0000
0.0000
0.0000
0.0000
0.00
0.00
0.00
0.00
0.00
0.00
1
3
0
0
2082
0.0000
0.0000
0.0000
0.0000
-0.06
0.19
-0.06
0.00
0.00
0.00
1
3
0
0
2094
0.0000
0.0000
0.0000
0.0000
0.00
-0.06
0.06
0.00
0.00
0.00
1
3
0
0
2104
0.0000
0.0000
0.0000
0.0000
0.25
-0.06
-0.06
0.00
0.00
0.00
1
3
0
0
2115
0.0000
0.0000
0.0000
0.0000
0.06
-0.12
0.00
0.00
0.00
0.00
1
3
0
0
2124
0.0000
0.0000
0.0000
0.0000
0.19
0.00
0.06
0.00
0.00
0.05
1
3
0
0
2135
0.0769
-0.9965
0.0333
0.0000
0.25
-0.06
0.12
0.01
0.00
0.08
1
3
0
0
2145
0.0769
-0.9965
0.0333
0.0000
0.37
-0.12
0.00
0.00
0.00
0.12
1
3
0
0
2155
0.0769
-0.9965
0.0333
0.0000
-0.06
-0.06
-0.06
-0.01
-0.02
0.08
1
3
0
0
2165
0.0769
-0.9965
0.0333
0.0000
-0.25
-0.19
0.06
0.00
0.01
0.06
1
3
0
0
2174
0.0769
-0.9965
0.0333
0.0000
-0.12
-0.12
0.06
0.00
0.01
0.08
1
3
0
0
2185
0.0769
-0.9965
0.0333
0.0000
-0.31
-0.25
0.00
-0.01
0.00
0.11
1
3
0
0
2195
0.0769
-0.9965
0.0333
0.0000
-0.31
-0.12
0.00
-0.01
0.01
0.08
1
3
0
0
2205
0.0769
-0.9965
0.0333
0.0000
-0.19
0.12
0.12
0.00
0.01
0.08
1
3
0
0
2214
0.0769
-0.9965
0.0333
0.0000
-0.12
0.00
0.00
0.03
0.04
0.04
1
3
0
0
2225
0.0769
-0.9965
0.0333
0.0000
0.00
0.12
0.12
-0.01
0.04
0.05
1
3
1
0
2235
0.0769
-0.9965
0.0333
0.0000
0.19
0.00
0.06
0.00
0.01
-0.04
1
3
1
0
2245
0.0769
-0.9965
0.0333
0.0000
0.19
0.06
-0.06
0.02
0.03
-0.03
1
3
1
0
2254
0.0769
-0.9965
0.0333
0.0000
0.00
0.00
-0.06
0.00
0.00
0.00
1
3
1
0
2265
0.0769
-0.9965
0.0333
0.0000
0.12
-0.12
0.00
0.00
0.01
-0.01
1
3
1
0
2275
0.0769
-0.9965
0.0333
0.0000
-0.06
-0.06
-0.06
0.00
0.00
-0.02
1
3
1
0
2285
0.0769
-0.9965
0.0333
0.0000
-0.12
0.00
-0.06
0.03
0.00
-0.03
1
3
1
0
2295
0.0769
-0.9965
0.0333
0.0000
-0.06
0.00
0.06
0.01
0.02
0.03
1
3
1
0
2305
0.0769
-0.9965
0.0333
0.0000
-0.12
0.06
-0.06
0.00
0.00
-0.02
1
3
1
0
2315
0.0769
-0.9965
0.0333
0.0000
-0.12
-0.12
0.06
0.00
0.00
0.00
1
3
1
0
2325
0.0769
-0.9965
0.0333
0.0000
0.06
-0.06
0.12
-0.01
0.01
-0.02
1
3
1
0
2335
0.0769
-0.9965
0.0333
0.0000
0.06
0.00
-0.06
0.00
0.01
0.00
1
3
1
0
2345
0.0769
-0.9965
0.0333
0.0000
-0.06
0.12
-0.12
-0.01
0.02
-0.02
1
3
1
0
2355
0.0769
-0.9965
0.0333
0.0000
-0.19
-0.06
0.06
0.01
0.02
-0.02
1
3
1
0
2365
0.0769
-0.9965
0.0333
0.0000
-0.12
-0.06
-0.06
-0.01
0.01
-0.01
1
3
1
0
2375
0.0769
-0.9965
0.0333
0.0000
-0.06
0.00
0.12
0.00
0.00
-0.02
1
3
1
0
2385
0.0769
-0.9965
0.0333
0.0000
0.00
0.06
-0.12
0.00
0.01
0.00
1
3
1
0
2396
0.0769
-0.9965
0.0333
0.0000
-0.12
-0.19
0.06
0.00
0.00
0.00
1
3
1
0
2405
0.0769
-0.9965
0.0333
0.0000
-0.12
-0.12
0.06
0.00
0.02
0.00
1
3
1
0
2415
0.0769
-0.9965
0.0333
0.0000
0.06
-0.06
0.00
0.01
0.01
-0.02
1
3
1
0
2425
0.0769
-0.9965
0.0333
0.0000
0.06
-0.06
0.00
-0.01
0.00
0.00
1
3
1
0
2436
0.0769
-0.9965
0.0333
0.0000
0.06
-0.12
0.00
0.01
0.00
-0.02
1
3
1
0
2445
0.0769
-0.9965
0.0333
0.0000
0.19
0.19
0.06
0.01
0.01
0.00
1
3
1
0
2455
0.0769
-0.9965
0.0333
0.0000
0.12
0.12
0.00
-0.01
0.00
-0.01
1
3
1
0
2465
0.0769
-0.9965
0.0333
0.0000
0.00
-0.06
-0.06
0.01
0.00
0.00
1
3
1
0
2476
0.0769
-0.9965
0.0333
0.0000
0.06
0.06
0.06
-0.03
0.01
0.01
1
3
1
0
2485
0.0769
-0.9965
0.0333
0.0000
-0.12
0.00
0.19
-0.02
0.01
-0.01
1
3
1
0
2495
0.0769
-0.9965
0.0333
0.0000
-0.25
-0.12
0.00
0.00
0.00
-0.01
1
3
1
0
2505
0.0769
-0.9965
0.0333
0.0000
-0.19
-0.06
0.00
0.02
0.02
0.00
1
3
1
0
2515
0.0769
-0.9965
0.0333
0.0000
-0.25
0.00
-0.06
0.00
0.02
0.01
1
3
1
0
2526
0.0769
-0.9965
0.0333
0.0000
-0.12
0.06
0.00
0.01
0.01
-0.04
1
3
1
0
2535
0.0769
-0.9965
0.0333
0.0000
-0.06
0.12
0.06
0.00
0.01
0.00
1
3
1
0
2545
0.0769
-0.9965
0.0333
0.0000
-0.06
0.19
-0.12
0.01
0.03
-0.03
1
3
1
0
2555
0.0769
-0.9965
0.0333
0.0000
0.12
0.12
0.00
0.00
0.01
-0.05
1
3
1
0
2566
0.0769
-0.9965
0.0333
0.0000
0.19
-0.06
0.00
0.01
0.02
0.03
1
3
1
0
2576
0.0769
-0.9965
0.0333
0.0000
0.06
0.06
0.06
0.00
0.01
0.02
1
3
1
0
2585
0.0769
-0.9965
0.0333
0.0000
0.00
0.19
0.00
0.02
0.01
-0.03
1
3
1
0
2595
0.0769
-0.9965
0.0333
0.0000
-0.06
-0.06
0.06
-0.01
0.01
-0.05
1
3
1
0
2606
0.0769
-0.9965
0.0333
0.0000
-0.06
-0.06
0.12
-0.02
0.00
0.00
1
3
1
0
2616
0.0769
-0.9965
0.0333
0.0000
-0.12
0.00
0.12
-0.02
0.00
0.01
1
3
1
0
2625
0.0769
-0.9965
0.0333
0.0000
-0.19
0.00
0.00
-0.01
0.01
0.03
1
3
1
0
2635
0.0769
-0.9965
0.0333
0.0000
-0.25
-0.06
0.06
0.00
0.03
-0.04
1
3
1
0
2646
0.0769
-0.9965
0.0333
0.0000
-0.37
-0.06
0.00
-0.02
0.00
-0.01
1
3
1
0
2656
0.0769
-0.9965
0.0333
0.0000
-0.12
0.00
-0.06
-0.01
0.03
-0.01
1
3
1
0
2666
0.0769
-0.9965
0.0333
0.0000
0.06
-0.06
0.00
0.00
0.02
0.00
1
3
1
0
2676
0.0769
-0.9965
0.0333
0.0000
-0.12
-0.06
-0.06
0.00
0.00
0.00
1
3
1
0
2685
0.0769
-0.9965
0.0333
0.0000
-0.06
-0.06
0.00
0.00
0.00
-0.03
1
3
1
0
2696
0.0769
-0.9965
0.0333
0.0000
0.06
-0.12
0.00
0.01
0.00
0.00
1
3
1
0
2706
0.0769
-0.9965
0.0333
0.0000
0.25
0.37
0.00
0.00
0.00
0.00
1
3
1
0
2716
0.0769
-0.9965
0.0333
0.0000
0.06
0.00
0.19
0.00
0.01
0.03
1
3
1
0
2725
0.0769
-0.9965
0.0333
0.0000
-0.25
0.00
0.12
0.00
0.01
0.00
1
3
1
0
2736
0.0769
-0.9965
0.0333
0.0000
-0.25
-0.06
-0.06
0.00
0.02
-0.03
1
3
1
0
2746
0.0769
-0.9965
0.0333
0.0000
-0.31
0.31
0.06
0.00
0.02
0.00
1
3
1
0
2756
0.0769
-0.9965
0.0333
0.0000
-0.37
0.00
0.00
0.00
0.03
-0.02
1
3
1
0
2766
0.0769
-0.9965
0.0333
0.0000
-0.19
0.19
0.00
-0.01
0.02
-0.01
1
3
1
0
2776
0.0769
-0.9965
0.0333
0.0000
-0.06
0.06
0.00
-0.01
0.01
-0.02
1
3
1
0
2786
0.0769
-0.9965
0.0333
0.0000
0.19
0.00
0.00
-0.02
0.02
-0.04
1
3
1
0
2796
0.0769
-0.9965
0.0333
0.0000
0.12
0.06
0.06
-0.01
0.00
-0.04
1
3
1
0
2806
0.0769
-0.9965
0.0333
0.0000
0.19
0.00
0.00
0.00
0.00
0.02
1
3
1
0
2817
0.0769
-0.9965
0.0333
0.0000
0.06
0.00
0.06
0.01
0.00
0.00
1
3
1
0
2826
0.0769
-0.9965
0.0333
0.0000
0.06
0.12
0.12
0.00
0.00
0.00
1
3
1
0
2836
0.0769
-0.9965
0.0333
0.0000
0.06
0.12
-0.19
0.01
0.01
-0.04
1
3
1
0
2846
0.0769
-0.9965
0.0333
0.0000
0.06
0.12
0.06
0.02
0.00
-0.01
1
3
1
0
2856
0.0769
-0.9965
0.0333
0.0000
0.06
0.00
-0.06
0.01
0.00
0.00
1
3
1
0
2867
0.0769
-0.9965
0.0333
0.0000
-0.19
-0.19
0.00
0.02
0.00
0.00
1
3
1
0
2876
0.0769
-0.9965
0.0333
0.0000
0.00
0.06
-0.06
0.01
0.00
-0.01
1
3
1
0
2886
0.0769
-0.9965
0.0333
0.0000
0.00
0.00
0.06
0.03
0.00
-0.02
1
3
1
0
2896
0.0769
-0.9965
0.0333
0.0000
0.00
0.19
0.12
0.00
0.00
0.02
1
3
1
0
2907
0.0769
-0.9965
0.0333
0.0000
-0.06
0.19
-0.06
0.02
0.02
-0.04
1
3
1
0
2917
0.0769
-0.9965
0.0333
0.0000
-0.12
-0.12
0.06
0.02
0.01
-0.05
1
3
1
0
2926
0.0769
-0.9965
0.0333
0.0000
-0.06
0.00
-0.06
-0.01
0.00
-0.02
1
3
1
0
2936
0.0769
-0.9965
0.0333
0.0000
0.06
0.25
0.06
0.00
0.01
-0.03
1
3
1
0
2947
0.0769
-0.9965
0.0333
0.0000
0.00
-0.19
-0.12
-0.01
0.02
-0.02
1
3
1
0
2957
0.0769
-0.9965
0.0333
0.0000
-0.12
0.00
-0.06
-0.03
0.00
0.00
1
3
1
0
2967
0.0769
-0.9965
0.0333
0.0000
0.06
0.06
0.00
-0.03
0.00
0.00
1
3
1
0
2976
0.0769
-0.9965
0.0333
0.0000
-0.06
0.00
0.06
-0.02
0.00
0.00
1
3
1
0
2987
0.0769
-0.9965
0.0333
0.0000
0.25
-0.12
0.12
0.01
0.01
0.00
1
3
1
0
2997
0.0769
-0.9965
0.0333
0.0000
0.25
0.12
0.00
0.01
0.00
-0.01
1
3
1
0
3006
0.0769
-0.9965
0.0333
0.0000
0.00
0.06
0.00
0.04
0.00
-0.01
1
3
1
0
3016
0.0769
-0.9965
0.0333
0.0000
0.19
0.00
0.00
0.02
0.00
0.00
1
3
1
0
3026
0.0769
-0.9965
0.0333
0.0000
0.06
-0.06
0.00
0.01
-0.01
-0.02
1
3
1
0
3037
0.0769
-0.9965
0.0333
0.0000
-0.12
0.00
-0.06
0.01
0.01
0.00
1
3
1
0
3047
0.0769
-0.9965
0.0333
0.0000
-0.19
-0.06
0.06
0.00
0.01
-0.01
1
3
1
0
3056
0.0769
-0.9965
0.0333
0.0000
-0.25
0.00
-0.06
0.00
0.01
-0.01
1
3
1
0
3066
0.0769
-0.9965
0.0333
0.0000
-0.25
-0.06
0.00
0.00
0.02
-0.04
1
3
1
0
3077
0.0769
-0.9965
0.0333
0.0000
-0.12
0.00
-0.06
-0.02
0.00
-0.01
1
3
1
0
3087
0.0769
-0.9965
0.0333
0.0000
0.06
0.06
0.06
-0.01
0.02
-0.03
1
3
1
0
3097
0.0769
-0.9965
0.0333
0.0000
0.06
-0.19
-0.12
-0.01
0.01
-0.04
1
3
1
0
3107
0.0769
-0.9965
0.0333
0.0000
0.12
0.06
0.06
-0.04
0.01
0.00
1
3
1
0
3117
0.0769
-0.9965
0.0333
0.0000
0.00
0.00
0.12
-0.02
0.02
-0.02
1
3
1
0
3127
0.0769
-0.9965
0.0333
0.0000
0.12
0.06
0.12
-0.03
0.00
0.00
1
3
1
0
3137
0.0769
-0.9965
0.0333
0.0000
0.06
0.06
-0.06
0.00
0.01
-0.01
1
3
1
0
3147
0.0769
-0.9965
0.0333
0.0000
0.19
0.12
0.06
0.02
-0.01
0.00
1
3
1
0
3156
0.0769
-0.9965
0.0333
0.0000
0.00
-0.06
0.12
0.02
0.02
-0.05
1
3
1
0
3167
0.0769
-0.9965
0.0333
0.0000
0.06
-0.06
0.00
0.04
0.01
-0.01
1
3
1
0
3177
0.0769
-0.9965
0.0333
0.0000
0.12
0.06
-0.06
0.03
0.00
0.00
1
3
1
0
3187
0.0769
-0.9965
0.0333
0.0000
0.00
0.00
0.19
-0.01
-0.01
0.00
1
3
1
0
3196
0.0769
-0.9965
0.0333
0.0000
0.06
0.06
0.00
0.00
0.00
-0.01
1
3
1
0
3207
0.0769
-0.9965
0.0333
0.0000
-0.12
0.12
0.00
0.00
0.00
-0.01
1
3
1
0
3217
0.0769
-0.9965
0.0333
0.0000
0.00
0.06
0.12
-0.02
0.00
0.00
1
3
1
0
3227
0.0769
-0.9965
0.0333
0.0000
0.00
0.12
-0.06
-0.02
0.01
0.00
1
3
1
0
3237
0.0769
-0.9965
0.0333
0.0000
0.00
-0.12
0.00
0.00
0.01
-0.04
1
3
1
0
3247
0.0769
-0.9965
0.0333
0.0000
-0.06
0.06
0.12
-0.01
0.01
-0.03
1
3
1
0
3257
0.0769
-0.9965
0.0333
0.0000
-0.06
0.12
-0.06
0.00
0.00
-0.01
1
3
1
0
3267
0.0769
-0.9965
0.0333
0.0000
-0.06
0.06
0.12
-0.03
0.01
-0.02
1
3
1
0
3277
0.0769
-0.9965
0.0333
0.0000
-0.12
0.00
0.12
-0.01
0.01
-0.02
1
3
1
0
3288
0.0769
-0.9965
0.0333
0.0000
-0.25
-0.06
0.06
-0.02
0.00
0.06
1
3
1
0
3297
0.0769
-0.9965
0.0333
0.0000
-0.12
-0.06
-0.12
-0.01
0.00
0.01
1
3
1
0
3307
0.0769
-0.9965
0.0333
0.0000
0.00
0.12
0.06
0.00
0.01
0.00
1
3
1
0
3317
0.0769
-0.9965
0.0333
0.0000
0.19
0.00
0.12
0.02
0.01
-0.02
1
3
1
0
3328
0.0769
-0.9965
0.0333
0.0000
0.31
0.12
0.00
0.04
0.01
-0.02
1
3
1
0
3338
0.0769
-0.9965
0.0333
0.0000
0.25
0.00
0.06
0.00
0.00
0.00
1
3
1
0
3347
0.0769
-0.9965
0.0333
0.0000
-0.06
-0.06
-0.06
0.01
0.00
-0.03
1
3
1
0
3357
0.0769
-0.9965
0.0333
0.0000
0.00
-0.06
-0.06
0.02
0.00
0.00
1
3
1
0
3367
0.0769
-0.9965
0.0333
0.0000
0.12
0.12
0.00
0.01
0.00
-0.02
1
3
1
0
3378
0.0769
-0.9965
0.0333
0.0000
-0.06
0.19
-0.06
-0.02
-0.01
0.00
1
3
1
0
3387
0.0769
-0.9965
0.0333
0.0000
0.00
-0.25
0.00
0.00
0.00
0.00
1
3
1
0
3397
0.0769
-0.9965
0.0333
0.0000
-0.12
-0.06
-0.19
-0.04
0.00
0.01
1
3
1
0
3407
0.0769
-0.9965
0.0333
0.0000
-0.12
-0.06
-0.06
-0.01
0.02
-0.02
1
3
1
0
3418
0.0769
-0.9965
0.0333
0.0000
0.00
0.06
-0.06
0.00
0.02
0.01
1
3
1
0
3428
0.0769
-0.9965
0.0333
0.0000
-0.12
0.00
-0.19
-0.02
0.03
-0.01
1
3
1
0
3437
0.0769
-0.9965
0.0333
0.0000
-0.06
0.12
-0.06
0.00
0.03
-0.05
1
3
1
0
3447
0.0769
-0.9965
0.0333
0.0000
-0.06
-0.06
0.00
0.01
0.01
-0.02
1
3
1
0
3458
0.0769
-0.9965
0.0333
0.0000
0.12
-0.06
-0.06
0.01
0.00
-0.02
1
3
1
0
3468
0.0769
-0.9965
0.0333
0.0000
0.19
-0.12
-0.06
0.01
0.00
-0.02
1
3
1
0
3477
0.0769
-0.9965
0.0333
0.0000
0.25
0.00
-0.06
0.01
0.01
-0.01
1
3
1
0
3487
0.0769
-0.9965
0.0333
0.0000
0.25
0.06
-0.06
0.03
0.01
-0.03
1
3
1
0
3497
0.0769
-0.9965
0.0333
0.0000
0.12
0.12
-0.06
0.01
0.00
0.00
1
3
1
0
3508
0.0769
-0.9965
0.0333
0.0000
0.00
0.12
-0.06
0.00
0.01
0.00
1
3
1
0
3518
0.0769
-0.9965
0.0333
0.0000
-0.06
0.06
-0.06
-0.02
-0.01
0.00
1
3
1
0
3527
0.0769
-0.9965
0.0333
0.0000
0.00
0.06
0.00
0.00
-0.01
-0.02
1
3
1
0
3537
0.0769
-0.9965
0.0333
0.0000
-0.19
0.00
-0.19
-0.01
0.01
0.00
1
3
1
0
3548
0.0769
-0.9965
0.0333
0.0000
-0.19
-0.06
-0.06
0.00
0.01
-0.03
1
3
1
0
3558
0.0769
-0.9965
0.0333
0.0000
-0.06
0.00
-0.12
-0.01
0.02
0.00
1
3
1
0
3568
0.0769
-0.9965
0.0333
0.0000
-0.06
0.12
-0.06
-0.02
0.00
0.00
1
3
1
0
3577
0.0769
-0.9965
0.0333
0.0000
-0.12
0.06
0.00
-0.02
0.00
-0.01
1
3
1
0
3588
0.0769
-0.9965
0.0333
0.0000
0.00
0.06
-0.12
0.00
0.00
-0.04
1
3
1
0
3598
0.0769
-0.9965
0.0333
0.0000
0.06
0.12
-0.06
-0.02
0.02
0.01
1
3
1
0
3608
0.0769
-0.9965
0.0333
0.0000
-0.06
0.12
0.00
0.00
0.01
0.00
1
3
1
0
3618
0.0769
-0.9965
0.0333
0.0000
0.19
0.00
0.00
0.00
0.01
-0.02
1
3
1
0
3628
0.0769
-0.9965
0.0333
0.0000
0.00
-0.06
-0.12
0.01
0.02
-0.02
1
3
1
0
3638
0.0769
-0.9965
0.0333
0.0000
0.00
0.12
-0.12
0.01
0.00
-0.01
1
3
1
0
3648
0.0769
-0.9965
0.0333
0.0000
0.06
0.06
-0.06
0.03
0.00
0.00
1
3
1
0
3658
0.0769
-0.9965
0.0333
0.0000
0.31
0.12
0.00
0.02
0.01
0.00
1
3
1
0
3668
0.0769
-0.9965
0.0333
0.0000
0.12
0.19
-0.12
-0.01
-0.01
0.01
1
3
1
0
3678
0.0769
-0.9965
0.0333
0.0000
0.06
0.19
-0.12
0.01
0.00
-0.03
1
3
1
0
3688
0.0769
-0.9965
0.0333
0.0000
0.12
0.06
0.00
0.01
0.02
-0.03
1
3
1
0
3698
0.0769
-0.9965
0.0333
0.0000
-0.06
0.19
0.06
0.00
0.00
0.00
1
3
1
0
3708
0.0769
-0.9965
0.0333
0.0000
-0.06
0.06
-0.06
-0.01
0.00
0.02
1
3
1
0
3719
0.0769
-0.9965
0.0333
0.0000
-0.25
0.12
0.00
0.00
0.02
-0.03
1
3
1
0
3728
0.0769
-0.9965
0.0333
0.0000
-0.19
0.12
0.06
-0.04
0.04
0.01
1
3
1
0
3738
0.0769
-0.9965
