1779
0.0000
0.0000
0.0000
0.0000
0.00
0.00
0.00
0.00
0.00
0.00
0
0
0
0
1787
0.0000
0.0000
0.0000
0.0000
0.00
0.00
0.00
0.00
0.00
0.00
0
0
0
0
1797
0.0000
0.0000
0.0000
0.0000
0.00
0.00
0.00
0.00
0.00
0.00
0
0
0
0
1805
0.0000
0.0000
0.0000
0.0000
0.00
0.00
0.00
0.00
0.00
0.00
0
0
0
0
1814
0.0000
0.0000
0.0000
0.0000
0.00
0.00
0.00
0.00
0.00
0.00
0
0
0
0
1822
0.0000
0.0000
0.0000
0.0000
0.00
0.00
0.00
0.00
0.00
0.00
0
0
0
0
1831
0.0000
0.0000
0.0000
0.0000
0.00
0.00
0.00
0.00
0.00
0.00
0
0
0
0
1841
0.0000
0.0000
0.0000
0.0000
0.00
0.00
0.00
0.00
0.00
0.00
0
0
0
0
1849
0.0000
0.0000
0.0000
0.0000
0.00
0.00
0.00
0.00
0.00
0.00
0
0
0
0
1858
0.0000
0.0000
0.0000
0.0000
0.00
0.00
0.00
0.00
0.00
0.00
0
0
0
0
1866
0.0000
0.0000
0.0000
0.0000
0.00
0.00
0.00
0.00
0.00
0.00
0
0
0
0
1875
0.0000
0.0000
0.0000
0.0000
0.00
0.00
0.00
0.00
0.00
0.00
0
0
0
0
1884
0.0000
0.0000
0.0000
0.0000
0.00
0.00
0.00
0.00
0.00
0.00
0
0
0
0
1893
0.0000
0.0000
0.0000
0.0000
0.00
0.00
0.00
0.00
0.00
0.00
0
0
0
0
1901
0.0000
0.0000
0.0000
0.0000
0.00
0.00
0.00
0.00
0.00
0.00
0
0
0
0
1910
0.0000
0.0000
0.0000
0.0000
0.00
0.00
0.00
0.00
0.00
0.00
0
0
0
0
1920
0.0000
0.0000
0.0000
0.0000
0.00
0.00
0.00
0.00
0.00
0.00
0
0
0
0
1928
0.0000
0.0000
0.0000
0.0000
0.00
0.00
0.00
0.00
0.00
0.00
0
0
0
0
1937
0.0000
0.0000
0.0000
0.0000
0.00
0.00
0.00
0.00
0.00
0.00
0
0
0
0
1945
0.0000
0.0000
0.0000
0.0000
0.00
0.00
0.00
0.00
0.00
0.00
0
0
0
0
1954
0.0000
0.0000
0.0000
0.0000
0.00
0.00
0.00
0.00
0.00
0.00
0
0
0
0
1963
0.0000
0.0000
0.0000
0.0000
0.00
0.00
0.00
0.00
0.00
0.00
0
0
0
0
1972
0.0000
0.0000
0.0000
0.0000
0.00
0.00
0.00
0.00
0.00
0.00
0
0
0
0
1980
0.0000
0.0000
0.0000
0.0000
0.00
0.00
0.00
0.00
0.00
0.00
0
0
0
0
1989
0.0000
0.0000
0.0000
0.0000
0.00
0.00
0.00
0.00
0.00
0.00
0
0
0
0
1998
0.0000
0.0000
0.0000
0.0000
0.00
0.00
0.00
0.00
0.00
0.00
0
0
0
0
2007
0.0000
0.0000
0.0000
0.0000
0.00
0.00
0.00
0.00
0.00
0.00
0
0
0
0
2016
0.0000
0.0000
0.0000
0.0000
0.00
0.00
0.00
0.00
0.00
0.00
0
0
0
0
2024
0.0000
0.0000
0.0000
0.0000
0.00
0.00
0.00
0.00
0.00
0.00
0
0
0
0
2033
0.0000
0.0000
0.0000
0.0000
0.00
0.00
0.00
0.00
0.00
0.00
0
0
0
0
2041
0.0000
0.0000
0.0000
0.0000
0.00
0.00
0.00
0.00
0.00
0.00
0
0
0
0
2051
0.0000
0.0000
0.0000
0.0000
0.00
0.00
0.00
0.00
0.00
0.00
0
0
0
0
2059
0.0000
0.0000
0.0000
0.0000
0.00
0.00
0.00
0.00
0.00
0.00
0
0
0
0
2068
0.0000
0.0000
0.0000
0.0000
0.00
0.00
0.00
0.00
0.00
0.00
0
0
0
0
2077
0.0000
0.0000
0.0000
0.0000
0.00
0.00
0.00
0.00
0.00
0.00
0
0
0
0
2085
0.0000
0.0000
0.0000
0.0000
0.00
0.00
0.00
0.00
0.00
0.00
0
0
0
0
2095
0.0000
0.0000
0.0000
0.0000
0.00
0.00
0.00
0.00
0.00
0.00
0
0
0
0
2103
0.0000
0.0000
0.0000
0.0000
0.00
0.00
0.00
0.00
0.00
0.00
0
0
0
0
2112
0.0000
0.0000
0.0000
0.0000
0.00
0.00
0.00
0.00
0.00
0.00
0
0
0
0
2120
0.0000
0.0000
0.0000
0.0000
0.00
0.00
0.00
0.00
0.00
0.00
0
0
0
0
2129
0.0000
0.0000
0.0000
0.0000
0.00
0.00
0.00
0.00
0.00
0.00
0
0
0
0
2138
0.0000
0.0000
0.0000
0.0000
0.00
0.00
0.00
0.00
0.00
0.00
0
0
0
0
2147
0.0000
0.0000
0.0000
0.0000
0.00
0.00
0.00
0.00
0.00
0.00
0
0
0
0
2156
0.0000
0.0000
0.0000
0.0000
0.00
0.00
0.00
0.00
0.00
0.00
0
0
0
0
2164
0.0000
0.0000
0.0000
0.0000
0.00
0.00
0.00
0.00
0.00
0.00
0
0
0
0
2173
0.0000
0.0000
0.0000
0.0000
0.00
0.00
0.00
0.00
0.00
0.00
0
0
0
0
2182
0.0000
0.0000
0.0000
0.0000
0.00
0.00
0.00
0.00
0.00
0.00
0
0
0
0
2191
0.0000
0.0000
0.0000
0.0000
0.00
0.00
0.00
0.00
0.00
0.00
0
0
0
0
2199
0.0000
0.0000
0.0000
0.0000
0.00
0.00
0.00
0.00
0.00
0.00
0
0
0
0
2208
0.0000
0.0000
0.0000
0.0000
0.00
0.00
0.00
0.00
0.00
0.00
0
0
0
0
2216
0.0000
0.0000
0.0000
0.0000
0.00
0.00
0.00
0.00
0.00
0.00
0
0
0
0
2226
0.0000
0.0000
0.0000
0.0000
0.00
0.00
0.00
0.00
0.00
0.00
0
0
0
0
2235
0.0000
0.0000
0.0000
0.0000
0.00
0.00
0.00
0.00
0.00
0.00
0
0
0
0
2243
0.0000
0.0000
0.0000
0.0000
0.00
0.00
0.00
0.00
0.00
0.00
0
0
0
0
2254
0.0000
0.0000
0.0000
0.0000
0.00
0.00
0.00
0.00
0.00
0.00
0
0
0
0
2264
0.0000
0.0000
0.0000
0.0000
0.00
0.00
0.00
0.00
0.00
0.00
0
0
0
0
2276
0.0000
0.0000
0.0000
0.0000
0.00
0.00
0.00
0.00
0.00
0.00
0
3
0
0
2285
0.0000
0.0000
0.0000
0.0000
-0.12
0.12
0.75
0.00
0.00
0.00
0
3
0
0
2297
0.0000
0.0000
0.0000
0.0000
-0.50
0.37
0.63
0.00
0.00
0.00
0
3
0
0
2309
0.0000
0.0000
0.0000
0.0000
-0.19
0.19
0.63
0.00
0.00
0.00
0
3
0
0
2320
0.0000
0.0000
0.0000
0.0000
0.00
-0.12
0.81
0.00
0.00
0.00
0
3
0
0
2330
0.0000
0.0000
0.0000
0.0000
0.37
-0.37
0.63
0.04
-0.21
0.33
0
3
0
0
2340
0.2763
0.7863
0.5526
-0.0005
0.37
-0.12
0.69
0.08
-0.22
0.35
0
3
0
0
2351
0.2763
0.7863
0.5526
-0.0005
0.06
-0.12
0.69
0.04
-0.21
0.28
0
3
0
0
2361
0.2763
0.7864
0.5525
-0.0005
-0.12
0.00
0.75
0.03
-0.21
0.30
0
3
0
0
2371
0.2763
0.7864
0.5525
-0.0005
-0.25
0.25
0.81
0.11
-0.19
0.34
0
3
0
0
2381
0.2763
0.7864
0.5524
-0.0004
-0.19
0.63
0.88
0.10
-0.24
0.35
0
3
0
0
2392
0.2762
0.7865
0.5523
-0.0004
-0.06
0.12
0.63
0.04
-0.18
0.32
0
3
0
0
2401
0.2762
0.7865
0.5523
-0.0004
0.12
-0.31
0.37
0.03
-0.16
0.31
0
3
0
0
2411
0.2762
0.7865
0.5523
-0.0004
0.12
-0.25
0.50
0.02
-0.21
0.31
0
3
0
0
2420
0.2762
0.7865
0.5523
-0.0004
0.00
0.00
0.69
0.05
-0.19
0.38
0
3
1
0
2430
0.2762
0.7866
0.5523
-0.0004
-0.19
0.31
0.75
-0.05
-0.01
0.02
0
3
1
0
2441
0.2762
0.7866
0.5522
-0.0004
-0.12
0.56
0.75
-0.07
-0.07
0.02
0
3
1
0
2451
0.2762
0.7866
0.5522
-0.0004
0.00
0.19
0.88
-0.06
-0.03
0.02
0
3
1
0
2461
0.2762
0.7867
0.5521
-0.0003
-0.06
0.00
0.75
-0.06
-0.06
0.03
0
3
1
0
2471
0.2762
0.7867
0.5521
-0.0003
0.00
-0.19
0.56
-0.07
-0.04
0.01
0
3
1
0
2481
0.2762
0.7867
0.5521
-0.0003
0.06
-0.12
0.50
-0.03
-0.05
-0.02
0
3
1
0
2491
0.2762
0.7867
0.5521
-0.0003
-0.06
0.19
0.69
-0.06
-0.07
0.02
0
3
1
0
2501
0.2762
0.7867
0.5520
-0.0003
-0.25
0.31
0.69
-0.08
-0.04
0.01
0
3
1
0
2510
0.2762
0.7867
0.5520
-0.0002
-0.19
0.12
0.75
-0.08
-0.02
0.04
0
3
1
0
2521
0.2762
0.7868
0.5519
-0.0002
0.06
0.00
0.81
-0.08
-0.05
0.05
0
3
1
0
2531
0.2762
0.7868
0.5519
-0.0002
-0.12
-0.06
0.69
-0.07
-0.03
0.04
0
3
1
0
2541
0.2762
0.7869
0.5518
-0.0002
0.06
-0.19
0.75
-0.08
-0.04
0.01
0
3
1
0
2550
0.2762
0.7869
0.5518
-0.0002
0.19
-0.19
0.63
-0.07
-0.06
0.01
0
3
1
0
2561
0.2762
0.7869
0.5518
-0.0002
0.06
0.00
0.69
-0.06
-0.04
0.01
0
3
1
0
2571
0.2762
0.7870
0.5516
-0.0001
-0.19
0.12
0.88
-0.05
-0.04
0.02
0
3
1
0
2581
0.2762
0.7870
0.5516
-0.0001
-0.06
0.06
0.75
-0.07
-0.03
0.01
0
3
1
0
2590
0.2762
0.7870
0.5516
-0.0001
-0.06
0.00
0.69
-0.05
0.00
-0.01
0
3
1
0
2600
0.2762
0.7870
0.5515
-0.0001
-0.12
0.19
0.69
-0.08
-0.03
0.02
0
3
1
0
2611
0.2762
0.7871
0.5515
-0.0001
-0.06
0.00
0.81
-0.07
-0.01
0.04
0
3
1
0
2621
0.2762
0.7872
0.5515
-0.0001
0.00
0.06
0.75
-0.08
-0.04
0.00
0
3
1
0
2630
0.2762
0.7872
0.5514
-0.0001
0.19
0.06
0.69
-0.10
-0.09
0.03
0
3
1
0
2640
0.2762
0.7872
0.5513
-0.0001
0.00
-0.06
0.69
-0.07
-0.06
-0.01
0
3
1
0
2651
0.2762
0.7872
0.5513
0.0000
-0.12
-0.06
0.88
-0.07
-0.06
0.02
0
3
1
0
2661
0.2762
0.7873
0.5512
0.0000
-0.19
0.00
0.63
-0.09
-0.06
0.03
0
3
1
0
2671
0.2762
0.7874
0.5511
0.0001
-0.19
0.00
0.88
-0.06
-0.03
0.03
0
3
1
0
2680
0.2762
0.7874
0.5511
0.0001
-0.19
0.19
0.75
-0.08
-0.02
0.03
0
3
1
0
2691
0.2762
0.7874
0.5511
0.0001
-0.12
0.12
0.81
-0.07
-0.05
0.03
0
3
1
0
2701
0.2762
0.7874
0.5510
0.0001
0.00
0.00
0.88
-0.07
-0.04
0.01
0
3
1
0
2710
0.2762
0.7875
0.5510
0.0001
0.06
-0.12
0.69
-0.08
-0.07
0.02
0
3
1
0
2720
0.2762
0.7875
0.5509
0.0001
0.12
0.00
0.69
-0.06
-0.07
0.01
0
3
1
0
2731
0.2762
0.7875
0.5509
0.0001
0.00
0.00
0.69
-0.07
-0.07
0.01
0
3
1
0
2741
0.2762
0.7875
0.5508
0.0001
-0.06
0.00
0.75
-0.07
-0.07
0.01
0
3
1
0
2750
0.2762
0.7876
0.5508
0.0002
-0.25
0.00
0.75
-0.08
-0.02
0.02
0
3
1
0
2760
0.2762
0.7877
0.5507
0.0002
-0.06
0.19
0.63
-0.08
-0.04
0.06
0
3
1
0
2770
0.2762
0.7877
0.5507
0.0002
0.06
0.19
0.56
-0.08
-0.04
0.04
0
3
1
0
2781
0.2762
0.7877
0.5507
0.0002
0.00
-0.06
0.69
-0.08
-0.03
0.01
0
3
1
0
2790
0.2762
0.7877
0.5507
0.0002
-0.12
-0.06
0.69
-0.08
-0.04
0.03
0
3
1
0
2800
0.2762
0.7877
0.5506
0.0002
-0.06
-0.06
0.69
-0.10
-0.03
0.02
0
3
1
0
2810
0.2762
0.7878
0.5505
0.0002
-0.12
0.06
0.50
-0.08
-0.05
0.02
0
3
1
0
2821
0.2762
0.7878
0.5505
0.0002
-0.12
0.06
0.75
-0.08
-0.04
0.02
0
3
1
0
2830
0.2762
0.7878
0.5505
0.0002
-0.12
0.12
0.88
-0.09
-0.07
0.05
0
3
1
0
2840
0.2762
0.7878
0.5504
0.0002
0.06
0.12
0.69
-0.08
-0.06
0.02
0
3
1
0
2850
0.2762
0.7878
0.5504
0.0003
0.06
0.00
0.75
-0.08
-0.05
0.00
0
3
1
0
2860
0.2762
0.7879
0.5504
0.0003
0.00
-0.06
0.69
-0.08
-0.04
0.03
0
3
1
0
2871
0.2762
0.7880
0.5503
0.0003
-0.19
-0.12
0.69
-0.08
-0.08
0.02
0
3
1
0
2880
0.2762
0.7880
0.5502
0.0004
-0.06
0.06
0.69
-0.09
-0.06
0.02
0
3
1
0
2890
0.2762
0.7880
0.5502
0.0004
-0.12
0.12
0.50
-0.10
-0.04
-0.01
0
3
1
0
2900
0.2762
0.7880
0.5502
0.0004
-0.25
0.06
0.88
-0.11
-0.06
0.01
0
3
1
0
2910
0.2762
0.7880
0.5502
0.0004
-0.12
0.06
0.81
-0.06
-0.05
0.07
0
3
1
0
2920
0.2762
0.7881
0.5500
0.0004
-0.12
0.25
0.81
-0.09
-0.05
0.03
0
3
1
0
2930
0.2762
0.7881
0.5500
0.0004
0.00
0.19
0.69
-0.08
-0.05
0.02
0
3
1
0
2940
0.2762
0.7881
0.5500
0.0004
0.06
-0.06
0.63
-0.11
-0.06
0.00
0
3
1
0
2950
0.2762
0.7882
0.5499
0.0004
0.00
-0.06
0.88
-0.07
-0.06
0.03
0
3
1
0
2960
0.2762
0.7882
0.5499
0.0005
-0.19
0.12
0.81
-0.09
-0.05
0.01
0
3
1
0
2970
0.2762
0.7883
0.5498
0.0005
-0.12
0.06
0.75
-0.10
-0.03
0.00
0
3
1
0
2980
0.2762
0.7883
0.5498
0.0005
-0.25
0.06
1.00
-0.08
-0.04
0.01
0
3
1
0
2990
0.2762
0.7883
0.5497
0.0005
-0.25
0.06
0.94
-0.07
-0.05
0.02
0
3
1
0
3000
0.2762
0.7884
0.5497
0.0005
0.06
0.00
0.63
-0.09
-0.05
0.02
0
3
1
0
3010
0.2762
0.7884
0.5496
0.0005
0.12
-0.19
0.63
-0.10
-0.05
0.03
0
3
1
0
3020
0.2762
0.7885
0.5495
0.0006
-0.12
-0.37
0.88
-0.07
-0.08
0.03
0
3
1
0
3031
0.2762
0.7885
0.5495
0.0006
-0.19
0.06
0.75
-0.08
-0.07
0.01
0
3
1
0
3040
0.2762
0.7885
0.5494
0.0006
-0.19
0.25
0.69
-0.09
-0.06
0.00
0
3
1
0
3050
0.2762
0.7886
0.5494
0.0006
-0.06
0.25
0.69
-0.11
-0.04
0.01
0
3
1
0
3060
0.2762
0.7886
0.5494
0.0007
-0.25
0.06
0.88
-0.09
-0.07
0.04
0
3
1
0
3070
0.2762
0.7886
0.5493
0.0007
0.00
0.37
0.69
-0.10
-0.04
0.02
0
3
1
0
3080
0.2762
0.7886
0.5493
0.0007
0.12
0.25
0.44
-0.10
-0.04
0.01
0
3
1
0
3090
0.2762
0.7886
0.5493
0.0007
0.25
0.06
0.50
-0.12
-0.06
0.00
0
3
1
0
3100
0.2762
0.7886
0.5493
0.0007
0.06
0.06
0.56
-0.09
-0.07
0.02
0
3
1
0
3109
0.2762
0.7886
0.5493
0.0007
0.12
0.06
0.44
-0.08
-0.09
0.00
0
3
1
0
3120
0.2762
0.7886
0.5493
0.0007
0.00
0.19
0.37
-0.09
-0.06
0.02
0
3
1
0
3130
0.2762
0.7886
0.5493
0.0007
-0.06
0.19
0.50
-0.10
-0.05
0.01
0
3
1
0
3140
0.2762
0.7886
0.5493
0.0007
-0.12
0.12
0.56
-0.10
-0.05
0.01
0
3
1
0
3149
0.2762
0.7886
0.5493
0.0007
-0.19
0.12
0.44
-0.11
-0.05
0.02
0
3
1
0
3160
0.2762
0.7886
0.5493
0.0007
0.00
0.06
0.56
-0.08
-0.05
0.03
0
3
1
0
3170
0.2762
0.7886
0.5493
0.0007
0.00
0.00
0.56
-0.11
-0.08
0.03
0
3
1
0
3180
0.2762
0.7886
0.5493
0.0007
0.00
0.06
0.44
-0.09
-0.06
0.02
0
3
1
0
3189
0.2762
0.7886
0.5493
0.0007
-0.06
0.00
0.44
-0.08
-0.05
0.00
0
3
1
0
3200
0.2762
0.7886
0.5493
0.0007
-0.19
-0.06
0.44
-0.09
-0.09
0.00
0
3
1
0
3210
0.2762
0.7886
0.5493
0.0007
-0.12
-0.06
0.44
-0.08
-0.08
0.02
0
3
1
0
3220
0.2762
0.7886
0.5493
0.0007
-0.06
-0.06
0.56
-0.11
-0.07
0.03
0
3
1
0
3230
0.2762
0.7886
0.5493
0.0007
0.00
-0.25
0.44
-0.13
-0.08
-0.01
0
3
1
0
3239
0.2762
0.7886
0.5493
0.0007
-0.06
-0.12
0.56
-0.09
-0.05
0.01
0
3
1
0
3250
0.2762
0.7886
0.5493
0.0007
-0.12
0.19
0.69
-0.09
-0.07
0.04
0
3
1
0
3260
0.2762
0.7887
0.5492
0.0007
0.06
0.37
0.56
-0.08
-0.07
0.01
0
3
1
0
3270
0.2762
0.7887
0.5492
0.0007
0.06
-0.06
0.44
-0.11
-0.06
0.00
0
3
1
0
3279
0.2762
0.7887
0.5492
0.0007
-0.25
-0.19
0.50
-0.10
-0.04
0.02
0
3
1
0
3290
0.2762
0.7887
0.5492
0.0007
-0.19
-0.25
0.37
-0.10
-0.06
0.03
0
3
1
0
3300
0.2762
0.7887
0.5492
0.0007
-0.06
-0.12
0.37
-0.09
-0.04
0.01
0
3
1
0
3310
0.2762
0.7887
0.5492
0.0007
-0.06
-0.12
0.50
-0.12
-0.06
0.02
0
3
1
0
3319
0.2762
0.7887
0.5492
0.0007
-0.12
0.25
0.69
-0.07
-0.07
0.02
0
3
1
0
3330
0.2762
0.7887
0.5492
0.0007
0.12
0.19
0.56
-0.09
-0.08
0.02
0
3
1
0
3340
0.2762
0.7887
0.5492
0.0007
0.12
0.12
0.44
-0.11
-0.09
0.01
0
3
1
0
3350
0.2762
0.7887
0.5492
0.0007
0.00
-0.31
0.37
-0.11
-0.05
0.01
0
3
1
0
3359
0.2762
0.7887
0.5492
0.0007
0.00
-0.31
0.37
-0.12
-0.06
0.00
0
3
1
0
3369
0.2762
0.7887
0.5492
0.0007
-0.19
-0.12
0.31
-0.12
-0.03
0.03
0
3
1
0
3380
0.2762
0.7887
0.5492
0.0007
-0.25
0.31
0.44
-0.08
0.00
0.05
0
3
1
0
3389
0.2762
0.7887
0.5492
0.0007
-0.25
0.44
0.63
-0.11
-0.04
0.01
0
3
1
0
3399
0.2762
0.7888
0.5491
0.0007
0.00
0.37
0.63
-0.08
-0.06
0.03
0
3
1
0
3409
0.2762
0.7888
0.5491
0.0007
0.12
0.19
0.63
-0.08
-0.08
0.02
0
3
1
0
3420
0.2762
0.7888
0.5491
0.0007
0.19
-0.12
0.37
-0.10
-0.10
0.01
0
3
1
0
3430
0.2762
0.7888
0.5491
0.0007
0.06
-0.44
0.25
-0.09
-0.07
0.01
0
3
1
0
3439
0.2762
0.7888
0.5491
0.0007
-0.12
-0.31
0.37
-0.11
-0.07
0.00
0
3
1
0
3449
0.2762
0.7888
0.5491
0.0007
-0.31
0.06
0.37
-0.09
-0.05
0.01
0
3
1
0
3460
0.2762
0.7888
0.5491
0.0007
-0.37
0.37
0.44
-0.12
-0.02
0.05
0
3
1
0
3470
0.2762
0.7888
0.5491
0.0007
-0.12
0.31
0.44
-0.13
-0.04
0.02
0
3
1
0
3479
0.2762
0.7888
0.5491
0.0007
0.06
0.00
0.44
-0.11
-0.07
0.02
0
3
1
0
3489
0.2762
0.7888
0.5491
0.0007
0.31
-0.12
0.50
-0.08
-0.09
0.03
0
3
1
0
3500
0.2762
0.7888
0.5491
0.0007
0.37
-0.06
0.63
-0.09
-0.10
0.01
0
3
1
0
3509
0.2762
0.7888
0.5490
0.0008
0.12
-0.06
0.50
-0.09
-0.12
0.01
0
3
1
0
3519
0.2762
0.7888
0.5490
0.0008
-0.12
0.31
0.50
-0.10
-0.09
-0.01
0
3
1
0
3529
0.2762
0.7888
0.5490
0.0008
-0.37
0.19
0.44
-0.11
-0.05
0.03
0
3
1
0
3539
0.2762
0.7888
0.5490
0.0008
-0.31
0.00
0.37
-0.09
0.00
0.04
0
3
1
0
3549
0.2762
0.7888
0.5490
0.0008
-0.06
0.06
0.44
-0.13
-0.04
0.03
0
3
1
0
3559
0.2762
0.7888
0.5490
0.0008
0.19
0.00
0.44
-0.12
-0.07
0.06
0
3
1
0
3569
0.2762
0.7888
0.5490
0.0008
0.31
0.25
0.56
-0.09
-0.04
0.05
0
3
1
0
3579
0.2762
0.7888
0.5490
0.0008
0.19
0.19
0.31
-0.11
-0.12
-0.01
0
3
1
0
3589
0.2762
0.7888
0.5490
0.0008
0.06
0.00
0.19
-0.11
-0.07
0.00
0
3
1
0
3599
0.2762
0.7888
0.5490
0.0008
-0.12
-0.19
0.12
-0.12
-0.08
-0.01
0
3
1
0
3609
0.2762
0.7888
0.5490
0.0008
-0.31
-0.06
0.37
-0.11
-0.07
0.03
0
3
1
0
3619
0.2762
0.7888
0.5490
0.0008
-0.25
-0.12
0.25
-0.11
-0.05
0.02
0
3
1
0
3630
0.2762
0.7888
0.5490
0.0008
0.00
0.12
0.37
-0.11
-0.06
0.00
0
3
1
0
3639
0.2762
0.7888
0.5490
0.0008
0.19
0.12
0.31
-0.12
-0.09
-0.01
0
3
1
0
3649
0.2762
0.7888
0.5490
0.0008
0.19
0.06
0.44
-0.10
-0.11
0.00
0
3
1
0
3659
0.2762
0.7888
0.5490
0.0008
0.06
-0.19
0.12
-0.10
-0.12
0.00
0
3
1
0
3670
0.2762
0.7888
0.5490
0.0008
0.12
-0.37
0.06
-0.12
-0.09
-0.02
0
3
1
0
3679
0.2762
0.7888
0.5490
0.0008
-0.25
-0.31
0.06
-0.11
-0.07
0.01
0
3
1
0
3689
0.2762
0.7888
0.5490
0.0008
-0.44
0.00
0.25
-0.12
-0.04
0.02
0
3
1
0
3699
0.2762
0.7888
0.5490
0.0008
-0.31
0.12
0.25
-0.12
-0.02
0.05
0
3
1
0
3708
0.2762
0.7888
0.5490
0.0008
-0.31
0.19
0.31
-0.09
-0.02
0.06
0
3
1
0
3719
0.2762
0.7888
0.5490
0.0008
0.00
0.37
0.50
-0.09
-0.07
0.07
0
3
1
0
3729
0.2762
0.7888
0.5490
0.0008
0.06
0.19
0.37
-0.08
-0.08
0.05
0
3
1
0
3739
0.2762
0.7888
0.5490
0.0008
0.25
-0.19
-0.12
-0.10
-0.10
0.01
0
3
1
0
3748
0.2762
0.7888
0.5490
0.0008
0.06
-0.25
0.19
-0.11
-0.08
0.05
0
3
1
0
3759
0.2762
0.7888
0.5490
0.0008
-0.12
-0.06
0.19
-0.13
-0.05
0.02
0
3
1
0
3769
0.2762
0.7888
0.5490
0.0008
-0.06
0.19
0.25
-0.12
-0.05
0.05
0
3
1
0
3779
0.2762
0.7888
0.5490
0.0008
0.12
-0.06
0.12
-0.12
-0.03
0.03
0
3
1
0
3789
0.2762
0.7888
0.5490
0.0008
0.56
0.00
0.25
-0.11
-0.07
0.01
0
3
1
0
3799
0.2762
0.7888
0.5490
0.0008
0.44
-0.31
0.19
-0.10
-0.10
0.04
0
3
1
0
3809
0.2762
0.7888
0.5490
0.0008
0.25
-0.12
0.12
-0.12
-0.07
0.01
0
3
1
0
3819
0.2762
0.7888
0.5490
0.0008
0.06
-0.25
0.06
-0.13
-0.07
0.01
0
3
1
0
3828
0.2762
0.7888
0.5490
0.0008
-0.25
-0.12
0.00
-0.15
-0.06
0.00
0
3
1
0
3838
0.2762
0.7888
0.5490
0.0008
-0.44
-0.12
0.25
-0.11
-0.06
0.04
0
3
1
0
3849
0.2762
0.7888
0.5490
0.0008
-0.25
0.00
0.44
-0.11
-0.05
0.03
0
3
1
0
3859
0.2762
0.7888
0.5490
0.0008
0.12
0.19
0.44
-0.09
-0.06
-0.01
0
3
1
0
3869
0.2762
0.7888
0.5490
0.0008
0.31
0.25
0.56
-0.07
-0.07
0.00
0
3
1
0
3878
0.2762
0.7888
0.5490
0.0008
0.19
0.06
0.44
-0.09
-0.13
0.00
0
3
1
0
3889
0.2762
0.7888
0.5490
0.0008
0.19
-0.31
0.00
-0.08
-0.11
0.00
0
3
1
0
3899
0.2762
0.7888
0.5490
0.0008
0.06
-0.31
0.00
-0.11
-0.08
-0.01
0
3
1
0
3908
0.2762
0.7888
0.5490
0.0008
-0.25
-0.12
0.00
-0.10
-0.08
0.01
0
3
1
0
3918
0.2762
0.7888
0.5490
0.0008
-0.25
0.12
0.19
-0.08
0.00
0.09
0
3
1
0
3929
0.2762
0.7888
0.5490
0.0008
-0.06
0.25
0.25
-0.12
-0.02
0.09
0
3
1
0
3939
0.2762
0.7888
0.5490
0.0008
0.25
0.06
0.25
-0.14
-0.02
0.04
0
3
1
0
3948
0.2762
0.7888
0.5490
0.0008
0.31
-0.19
0.12
-0.14
-0.05
0.06
0
3
1
0
3958
0.2762
0.7888
0.5490
0.0008
0.25
-0.63
0.25
-0.11
-0.09
0.02
0
3
1
0
3969
0.2763
0.7888
0.5490
0.0007
0.19
-0.37
0.31
-0.08
-0.10
0.04
0
3
1
0
3979
0.2763
0.7888
0.5490
0.0007
0.19
0.19
0.56
-0.09
-0.07
0.02
0
3
1
0
3988
0.2763
0.7888
0.5490
0.0007
0.19
0.37
0.44
-0.08
-0.17
-0.06
0
3
1
0
3998
0.2763
0.7888
0.5490
0.0007
1.00
0.12
0.25
-0.08
-0.24
-0.18
0
3
1
0
4008
0.2762
0.7889
0.5490
0.0006
1.69
-0.31
-0.06
-0.07
-0.35
-0.24
0
3
1
0
4019
0.2760
0.7889
0.5491
0.0005
-0.31
-0.50
-0.19
-0.03
-0.38
-0.11
0
3
1
0
4029
0.2759
0.7889
0.5491
0.0004
-4.19
0.63
-0.25
-0.04
0.17
0.30
0
3
1
0
4038
0.2761
0.7888
0.5491
0.0005
-4.75
1.94
-0.88
-0.18
0.46
0.31
0
3
1
0
4048
0.2763
0.7887
0.5492
0.0009
-0.44
1.88
-0.50
-0.30
0.51
0.31
0
3
1
0
4059
0.2762
0.7887
0.5493
0.0010
3.06
0.19
0.63
-0.20
-0.02
0.16
0
3
1
0
4068
0.2761
0.7888
0.5493
0.0009
3.38
-2.31
0.69
-0.13
-0.27
0.05
0
3
1
0
4077
0.2759
0.7889
0.5491
0.0006
2.75
-3.44
-0.75
-0.11
-0.34
-0.10
0
3
1
0
4088
0.2759
0.7889
0.5491
0.0002
1.44
-2.50
-1.19
-0.08
-0.26
-0.21
0
3
1
0
4099
0.2759
0.7889
0.5491
-0.0001
-1.12
-0.12
-0.19
-0.01
-0.09
-0.06
0
3
1
0
4108
0.2760
0.7889
0.5491
0.0000
-2.75
2.81
1.44
-0.03
0.00
0.11
0
3
1
0
4118
0.2761
0.7889
0.5491
0.0004
-2.00
3.50
0.88
-0.11
0.03
0.14
0
3
1
0
4127
0.2760
0.7889
0.5491
0.0007
-2.00
3.50
0.88
-0.21
0.08
0.09
0
3
1
0
4137
0.2760
0.7888
0.5491
0.0008
1.12
-1.81
0.06
-0.12
-0.09
0.04
0
3
1
0
4148
0.2760
0.7889
0.5491
0.0005
1.69
-2.94
-0.50
-0.10
-0.17
-0.01
0
3
1
0
4158
0.2761
0.7889
0.5490
0.0002
1.56
-2.19
-0.88
-0.07
-0.20
-0.08
0
3
1
0
4168
0.2759
0.7889
0.5491
-0.0001
0.75
-0.06
-0.19
-0.04
-0.23
-0.12
0
3
1
0
4178
0.2759
0.7889
0.5491
-0.0001
-1.06
1.81
0.69
-0.04
-0.18
0.00
0
3
1
0
4189
0.2759
0.7889
0.5491
0.0000
-2.31
2.13
0.44
-0.10
-0.04
0.07
0
3
1
0
4198
0.2759
0.7889
0.5491
0.0002
-2.25
1.25
-0.25
-0.17
0.08
0.14
0
3
1
0
4208
0.2761
0.7888
0.5492
0.0004
-0.69
-0.69
-0.37
-0.23
0.19
0.17
0
3
1
0
4217
0.2761
0.7888
0.5492
0.0004
0.94
-1.56
-0.25
-0.15
0.08
0.13
0
3
1
0
4228
0.2761
0.7888
0.5491
0.0002
1.69
-1.06
0.25
-0.08
-0.05
0.07
0
3
1
0
4237
0.2761
0.7888
0.5491
0.0001
1.63
0.25
0.56
-0.06
-0.15
-0.01
0
3
1
0
4247
0.2759
0.7889
0.5491
0.0000
0.88
0.81
0.69
-0.04
-0.24
-0.14
0
3
1
0
4257
0.2759
0.7889
0.5491
0.0000
-0.37
0.56
0.50
-0.09
-0.23
-0.04
0
3
1
0
4268
0.2759
0.7889
0.5491
0.0000
-1.12
-0.25
0.12
-0.10
-0.14
0.00
0
3
1
0
4278
0.2759
0.7889
0.5491
0.0001
-1.37
-0.44
-0.31
-0.13
-0.05
0.07
0
3
1
0
4288
0.2760
0.7889
0.5491
0.0001
-0.75
-0.50
-0.31
-0.18
0.08
0.11
0
3
1
0
4298
0.2761
0.7888
0.5491
0.0001
-0.19
0.19
0.12
-0.14
0.09
0.12
0
3
1
0
4307
0.2761
0.7888
0.5491
0.0001
0.44
0.56
0.50
-0.14
0.03
0.14
0
3
1
0
4318
0.2762
0.7888
0.5491
0.0001
1.19
0.50
0.50
-0.12
-0.05
0.10
0
3
1
0
4328
0.2761
0.7888
0.5491
0.0000
1.00
-0.19
0.25
-0.11
-0.11
-0.07
0
3
1
0
4338
0.2761
0.7889
0.5491
-0.0001
0.44
-0.81
0.31
-0.08
-0.18
-0.07
0
3
1
0
4348
0.2761
0.7888
0.5491
-0.0002
0.12
-1.06
0.12
-0.07
-0.19
-0.05
0
3
1
0
4358
0.2761
0.7888
0.5491
-0.0003
-0.37
-0.31
0.06
-0.09
-0.09
0.00
0
3
1
0
4368
0.2761
0.7888
0.5491
-0.0003
-0.69
0.19
0.06
-0.11
-0.09
0.00
0
3
1
0
4378
0.2761
0.7888
0.5491
-0.0003
-0.88
0.81
0.19
-0.14
-0.05
0.06
0
3
1
0
4388
0.2762
0.7888
0.5491
-0.0002
-0.63
0.81
0.37
-0.09
-0.01
0.06
0
3
1
0
4398
0.2762
0.7888
0.5491
-0.0002
-0.37
0.37
0.06
-0.11
0.00
0.08
0
3
1
0
4408
0.2762
0.7888
0.5491
-0.0002
0.06
0.00
0.19
-0.12
0.03
0.04
0
3
1
0
4418
0.2762
0.7888
0.5491
-0.0002
0.50
-0.44
0.12
-0.11
-0.03
0.03
0
3
1
0
4428
0.2762
0.7888
0.5491
-0.0003
0.31
-0.37
0.31
-0.09
-0.07
0.06
0
3
1
0
4438
0.2762
0.7888
0.5491
-0.0003
0.12
-0.25
0.31
-0.07
-0.05
0.01
0
3
1
0
4448
0.2762
0.7888
0.5492
-0.0003
0.06
0.19
0.12
-0.11
-0.05
0.00
0
3
1
0
4458
0.2762
0.7888
0.5492
-0.0004
0.19
0.00
0.50
-0.12
-0.07
0.01
0
3
1
0
4468
0.2762
0.7887
0.5492
-0.0004
0.06
0.00
0.44
-0.08
-0.11
0.06
0
3
1
0
4477
0.2762
0.7887
0.5492
-0.0004
-0.06
-0.06
0.06
-0.12
-0.05
0.03
0
3
1
0
4488
0.2762
0.7887
0.5492
-0.0004
-0.12
-0.19
0.00
-0.11
-0.04
-0.01
0
3
1
0
4498
0.2762
0.7887
0.5492
-0.0005
-0.19
-0.25
0.25
-0.08
-0.03
0.00
0
3
1
0
4508
0.2762
0.7887
0.5492
-0.0005
-0.44
0.25
0.31
-0.07
-0.01
0.06
0
3
1
0
4517
0.2763
0.7887
0.5492
-0.0005
-0.25
0.56
0.37
-0.10
0.00
0.08
0
3
1
0
4528
0.2763
0.7887
0.5492
-0.0005
0.00
0.06
0.25
-0.11
0.00
0.04
0
3
1
0
4538
0.2763
0.7887
0.5492
-0.0005
0.44
-0.44
0.12
-0.13
-0.02
0.05
0
3
1
0
4548
0.2763
0.7887
0.5492
-0.0005
0.63
-0.81
0.06
-0.12
-0.09
0.04
0
3
1
0
4557
0.2763
0.7887
0.5492
-0.0007
0.63
-0.88
0.19
-0.10
-0.11
0.00
0
3
1
0
4568
0.2763
0.7887
0.5492
-0.0009
0.31
-0.19
0.25
-0.12
-0.10
-0.03
0
3
1
0
4578
0.2763
0.7887
0.5492
-0.0009
0.00
0.25
0.37
-0.07
-0.10
0.00
0
3
1
0
4587
0.2763
0.7887
0.5492
-0.0009
-0.25
0.44
0.50
-0.07
-0.09
0.00
0
3
1
0
4597
0.2763
0.7887
0.5492
-0.0009
-0.31
0.37
0.25
-0.11
-0.03
0.01
0
3
1
0
4608
0.2763
0.7887
0.5492
-0.0009
-0.19
-0.12
0.25
-0.11
-0.04
0.03
0
3
1
0
4618
0.2763
0.7887
0.5493
-0.0010
-0.19
-0.50
0.12
-0.09
-0.06
0.05
0
3
1
0
4628
0.2763
0.7886
0.5493
-0.0010
0.06
-0.25
0.31
-0.08
-0.05
0.05
0
3
1
0
4637
0.2763
0.7886
0.5493
-0.0010
0.06
0.00
0.25
-0.11
-0.07
0.00
0
3
1
0
4647
0.2763
0.7886
0.5493
-0.0010
0.06
0.12
0.25
-0.08
-0.07
0.00
0
3
1
0
4658
0.2763
0.7886
0.5493
-0.0010
0.06
0.25
0.31
-0.06
-0.06
0.03
0
3
1
0
4668
0.2763
0.7886
0.5493
-0.0011
0.06
0.06
0.25
-0.10
-0.11
0.06
0
3
1
0
4677
0.2763
0.7886
0.5493
-0.0011
0.00
0.06
0.19
-0.11
-0.06
0.05
0
3
1
0
4687
0.2763
0.7886
0.5493
-0.0012
-0.12
-0.19
0.00
-0.08
-0.02
0.00
0
3
1
0
4698
0.2763
0.7886
0.5493
-0.0012
-0.25
-0.06
0.25
-0.09
-0.04
0.05
0
3
1
0
4708
0.2764
0.7886
0.5493
-0.0012
-0.19
0.19
0.31
-0.08
-0.01
0.02
0
3
1
0
4718
0.2764
0.7886
0.5493
-0.0012
0.06
0.19
0.37
-0.10
-0.04
0.06
0
3
1
0
4727
0.2764
0.7886
0.5493
-0.0012
0.12
0.00
0.25
-0.09
-0.05
0.02
0
3
1
0
4738
0.2764
0.7886
0.5493
-0.0012
0.25
-0.37
0.37
-0.08
-0.07
0.00
0
3
1
0
4748
0.2764
0.7886
0.5493
-0.0013
0.12
-0.37
0.19
-0.10
-0.08
0.02
0
3
1
0
4757
0.2764
0.7886
0.5493
-0.0013
0.06
-0.25
0.12
-0.09
-0.08
0.02
0
3
1
0
4767
0.2764
0.7886
0.5493
-0.0013
-0.19
0.19
0.19
-0.07
-0.05
0.01
0
3
1
0
4777
0.2764
0.7886
0.5493
-0.0013
-0.25
0.37
0.37
-0.08
-0.03
0.06
0
3
1
0
4788
0.2764
0.7886
0.5493
-0.0013
-0.12
0.00
0.50
-0.11
-0.03
0.02
0
3
1
0
4797
0.2764
0.7886
0.5493
-0.0013
-0.06
-0.06
0.19
-0.08
-0.03
0.03
0
3
1
0
4807
0.2764
0.7886
0.5493
-0.0014
0.12
-0.19
0.19
-0.12
-0.06
0.05
0
3
1
0
4817
0.2764
0.7886
0.5493
-0.0015
0.06
-0.06
0.12
-0.11
-0.04
0.03
0
3
1
0
4828
0.2764
0.7886
0.5493
-0.0015
-0.12
-0.06
0.25
-0.07
-0.07
0.02
0
3
1
0
4837
0.2764
0.7886
0.5493
-0.0015
0.00
0.00
0.25
-0.08
-0.05
0.02
0
3
1
0
4847
0.2764
0.7886
0.5493
-0.0015
-0.19
0.12
0.19
-0.07
-0.05
0.00
0
3
1
0
4857
0.2764
0.7886
0.5493
-0.0015
-0.12
-0.06
0.37
-0.10
-0.06
0.03
0
3
1
0
4868
0.2764
0.7886
0.5493
-0.0015
0.00
-0.44
0.19
-0.13
-0.06
0.05
0
3
1
0
4877
0.2764
0.7886
0.5493
-0.0015
0.06
-0.31
0.25
-0.11
-0.03
0.01
0
3
1
0
4887
0.2764
0.7885
0.5494
-0.0016
0.19
0.00
0.31
-0.09
-0.08
0.00
0
3
1
0
4897
0.2764
0.7885
0.5494
-0.0016
0.00
0.19
0.37
-0.07
-0.05
0.04
0
3
1
0
4908
0.2764
0.7885
0.5494
-0.0016
0.00
0.31
0.37
-0.08
-0.06
0.03
0
3
1
0
4917
0.2764
0.7885
0.5494
-0.0016
-0.12
-0.31
0.37
-0.10
-0.05
0.00
0
3
1
0
4927
0.2764
0.7885
0.5494
-0.0016
-0.06
-0.37
0.19
-0.10
-0.05
0.03
0
3
1
0
4937
0.2764
0.7885
0.5494
-0.0017
-0.06
-0.44
0.25
-0.10
-0.06
0.00
0
3
1
0
4947
0.2764
0.7885
0.5494
-0.0017
-0.12
-0.06
0.31
-0.08
-0.02
0.03
0
3
1
0
4957
0.2764
0.7885
0.5494
-0.0017
0.06
0.31
0.25
-0.05
-0.04
0.04
0
3
1
0
4967
0.2764
0.7885
0.5494
-0.0018
0.00
0.25
0.31
-0.08
-0.06
0.06
0
3
1
0
4977
0.2765
0.7885
0.5494
-0.0018
0.06
0.06
0.19
-0.08
-0.04
0.03
0
3
1
0
4987
0.2765
0.7885
0.5494
-0.0018
0.12
-0.06
0.19
-0.09
-0.08
0.02
0
3
1
0
4997
0.2765
0.7885
0.5494
-0.0018
0.19
-0.37
0.37
-0.09
-0.05
0.03
0
3
1
0
5007
0.2765
0.7885
0.5494
-0.0018
0.00
-0.25
0.25
-0.07
-0.05
0.03
0
3
1
0
5017
0.2765
0.7885
0.5494
-0.0019
0.00
-0.06
0.25
-0.07
-0.04
0.03
0
3
1
0
5027
0.2765
0.7885
0.5494
-0.0019
-0.06
0.25
0.37
-0.09
-0.03
0.03
0
3
1
0
5037
0.2765
0.7885
0.5494
-0.0019
-0.19
0.00
0.44
-0.07
-0.02
0.03
0
3
1
0
5047
0.2765
0.7885
0.5494
-0.0019
0.06
-0.31
0.37
-0.08
-0.05
0.03
0
3
1
0
5057
0.2765
0.7885
0.5494
-0.0019
0.12
-0.50
0.25
-0.08
-0.07
0.05
0
3
1
0
5067
0.2765
0.7885
0.5494
-0.0020
0.06
-0.06
0.19
-0.07
-0.07
0.01
0
3
1
0
5076
0.2765
0.7885
0.5494
-0.0020
-0.12
0.12
0.44
-0.08
-0.07
0.04
0
3
1
0
5087
0.2765
0.7885
0.5494
-0.0020
-0.06
-0.06
0.25
-0.06
-0.05
0.00
0
3
1
0
5097
0.2765
0.7885
0.5494
-0.0020
-0.06
0.12
0.25
-0.08
-0.06
0.03
0
3
1
0
5107
0.2765
0.7885
0.5494
-0.0020
-0.06
-0.06
0.25
-0.09
-0.05
0.03
0
3
1
0
5116
0.2765
0.7885
0.5494
-0.0020
0.00
-0.19
0.25
-0.07
-0.04
0.05
0
3
1
0
5127
0.2765
0.7885
0.5494
-0.0020
0.06
0.00
0.25
-0.07
-0.04
0.03
0
3
1
0
5137
0.2765
0.7885
0.5494
-0.0021
0.19
0.06
0.31
-0.09
-0.05
0.01
0
3
1
0
5147
0.2765
0.7885
0.5494
-0.0021
-0.06
-0.06
0.25
-0.06
-0.05
0.04
0
3
1
0
5156
0.2766
0.7885
0.5494
-0.0021
0.00
-0.12
0.19
-0.07
-0.07
0.03
0
3
1
0
5167
0.2766
0.7885
0.5494
-0.0021
0.06
0.06
0.31
-0.04
-0.02
0.01
0
3
1
0
5177
0.2766
0.7885
0.5494
-0.0021
0.06
-0.06
0.25
-0.07
-0.08
0.00
0
3
1
0
5187
0.2766
0.7885
0.5494
-0.0021
0.06
0.00
0.25
-0.08
-0.04
0.00
0
3
1
0
5196
0.2766
0.7885
0.5494
-0.0021
-0.12
-0.12
0.19
-0.06
-0.02
0.02
0
3
1
0
5207
0.2766
0.7885
0.5494
-0.0021
-0.06
0.00
0.25
-0.08
-0.03
0.03
0
3
1
0
5217
0.2766
0.7884
0.5495
-0.0022
-0.06
0.12
0.31
-0.06
-0.06
0.02
0
3
1
0
5227
0.2766
0.7884
0.5495
-0.0022
-0.06
0.19
0.25
-0.07
-0.06
0.04
0
3
1
0
5236
0.2766
0.7884
0.5495
-0.0022
0.00
-0.06
0.25
-0.07
-0.05
0.01
0
3
1
0
5246
0.2766
0.7884
0.5495
-0.0022
0.06
-0.06
0.19
-0.07
-0.04
0.02
0
3
1
0
5257
0.2766
0.7884
0.5495
-0.0022
0.00
-0.06
0.25
-0.09
-0.05
0.02
0
3
1
0
5267
0.2766
0.7884
0.5495
-0.0022
0.00
0.00
0.19
-0.10
-0.07
0.04
0
3
1
0
5276
0.2766
0.7884
0.5495
-0.0022
-0.12
0.00
0.25
-0.07
-0.04
0.04
0
3
1
0
5286
0.2766
0.7884
0.5495
-0.0022
0.00
0.19
0.25
-0.06
-0.05
0.01
0
3
1
0
5297
0.2766
0.7884
0.5495
-0.0022
0.00
-0.06
0.37
-0.07
-0.03
0.02
0
3
1
0
5307
0.2766
0.7884
0.5495
-0.0022
0.06
-0.25
0.31
-0.08
-0.05
0.04
0
3
1
0
5317
0.2766
0.7884
0.5495
-0.0022
0.00
0.12
0.19
-0.08
-0.06
0.05
0
3
1
0
5326
0.2766
0.7884
0.5495
-0.0022
0.06
-0.12
0.00
-0.07
-0.04
0.00
0
3
1
0
5337
0.2766
0.7884
0.5495
-0.0022
-0.06
-0.12
0.00
-0.10
-0.04
0.00
0
3
1
0
5346
0.2766
0.7884
0.5495
-0.0022
-0.12
-0.12
0.12
-0.09
-0.06
0.00
0
3
1
0
5356
0.2766
0.7884
0.5495
-0.0022
-0.12
-0.12
0.06
-0.10
-0.03
0.02
0
3
1
0
5366
0.2766
0.7884
0.5495
-0.0022
-0.06
0.06
-0.06
-0.08
-0.03
0.02
0
3
1
0
5377
0.2766
0.7884
0.5495
-0.0022
0.00
-0.19
0.12
-0.10
-0.03
0.02
0
3
1
0
5387
0.2766
0.7884
0.5495
-0.0022
0.06
-0.19
0.06
-0.09
-0.03
0.02
0
3
1
0
5396
0.2766
0.7884
0.5495
-0.0022
0.12
-0.06
0.00
-0.07
-0.04
0.03
0
3
1
0
5406
0.2766
0.7884
0.5495
-0.0022
0.12
0.00
-0.06
-0.09
-0.06
0.03
0
3
1
0
5416
0.2766
0.7884
0.5495
-0.0022
0.00
-0.12
0.06
-0.09
-0.05
0.04
0
3
1
0
5427
0.2766
0.7884
0.5495
-0.0022
-0.06
-0.06
0.12
-0.05
-0.03
0.05
0
3
1
0
5436
0.2766
0.7884
0.5495
-0.0022
0.06
-0.06
0.06
-0.07
-0.04
0.01
0
3
1
0
5446
0.2766
0.7884
0.5495
-0.0022
0.00
-0.25
0.00
-0.07
-0.02
0.05
0
3
1
0
5456
0.2766
0.7884
0.5495
-0.0022
-0.12
0.00
0.12
-0.05
-0.03
0.01
0
3
1
0
5467
0.2766
0.7884
0.5495
-0.0022
0.06
0.00
-0.06
-0.08
-0.05
0.01
0
3
1
0
5476
0.2766
0.7884
0.5495
-0.0022
0.12
-0.06
0.06
-0.08
-0.04
0.02
0
3
1
0
5486
0.2766
0.7884
0.5495
-0.0022
0.12
-0.19
0.06
-0.09
-0.07
0.03
0
3
1
0
5496
0.2766
0.7884
0.5495
-0.0022
0.12
-0.06
0.00
-0.09
-0.08
0.01
0
3
1
0
5507
0.2766
0.7884
0.5495
-0.0022
-0.06
-0.06
0.06
-0.09
-0.03
0.01
0
3
1
0
5516
0.2766
0.7884
0.5495
-0.0022
0.31
-0.63
-0.56
-0.37
-0.26
0.07
0
3
1
0
5526
0.2766
0.7884
0.5495
-0.0025
0.37
-1.12
-0.19
0.05
0.08
0.04
0
3
1
0
5536
0.2766
0.7884
0.5495
-0.0025
-0.63
0.69
0.63
0.05
-0.14
0.10
0
3
1
0
5547
0.2767
0.7884
0.5494
-0.0024
-0.81
2.88
0.75
0.05
0.00
0.09
0
3
1
0
5556
0.2766
0.7884
0.5494
-0.0021
-0.06
2.13
0.12
-0.14
0.03
-0.07
0
3
1
0
5566
0.2765
0.7884
0.5495
-0.0020
0.63
-1.69
-0.31
-0.24
-0.19
0.15
0
3
1
0
5575
0.2766
0.7884
0.5495
-0.0022
1.31
-4.81
-1.81
-0.21
-0.14
-0.07
0
3
1
0
5585
0.2767
0.7883
0.5495
-0.0027
0.88
-4.38
-4.81
-0.06
-0.02
-0.13
0
3
1
0
5596
0.2768
0.7881
0.5497
-0.0032
0.12
-0.50
-4.19
0.06
-0.03
0.05
0
3
1
0
5606
0.2768
0.7880
0.5500
-0.0033
-0.81
3.13
-3.00
-0.11
0.04
-0.02
0
3
1
0
5616
0.2767
0.7878
0.5503
-0.0031
-1.25
4.38
1.81
-0.06
-0.03
0.06
0
3
1
0
5625
0.2766
0.7878
0.5503
-0.0027
-0.44
1.63
0.37
-0.20
-0.06
0.07
0
3
1
0
5635
0.2766
0.7878
0.5504
-0.0027
1.12
-2.56
-0.88
-0.22
-0.07
0.00
0
3
1
0
5646
0.2766
0.7878
0.5504
-0.0030
1.19
-4.69
-1.69
-0.08
-0.07
0.03
0
3
1
0
5656
0.2767
0.7877
0.5504
-0.0034
0.69
-2.69
-3.13
-0.03
-0.02
0.03
0
3
1
0
5665
0.2768
0.7876
0.5505
-0.0037
0.00
0.94
-1.81
-0.02
0.01
-0.05
0
3
1
0
5675
0.2768
0.7875
0.5507
-0.0037
0.00
0.94
-1.81
0.00
0.00
0.00
0
3
1
0
5685
0.0000
0.0000
0.0000
0.0000
-0.88
2.56
1.06
-0.04
-0.05
0.04
0
3
1
0
5695
0.2766
0.7875
0.5507
-0.0032
-0.19
-0.12
0.25
-0.15
-0.09
0.06
0
3
1
0
5705
0.2766
0.7875
0.5507
-0.0032
0.69
-2.75
-0.81
-0.18
-0.06
0.03
0
3
1
0
5715
0.0000
0.0000
0.0000
0.0000
0.69
-2.75
-0.81
-0.08
-0.04
0.02
0
3
1
0
5725
0.2768
0.7875
0.5507
-0.0038
0.81
-3.00
-1.25
-0.03
-0.01
0.04
0
3
1
0
5734
0.0000
0.0000
0.0000
0.0000
-0.44
1.88
0.31
0.00
-0.02
0.01
0
3
1
0
5744
0.0000
0.0000
0.0000
0.0000
-0.50
2.56
0.56
-0.07
-0.04
0.03
0
3
1
0
5755
0.2767
0.7874
0.5508
-0.0036
-0.19
0.81
0.37
-0.08
-0.05
0.03
0
3
1
0
5766
0.2766
0.7874
0.5508
-0.0035
0.31
-1.25
-0.12
-0.09
-0.07
0.05
0
3
1
0
5776
0.2767
0.7874
0.5508
-0.0037
0.44
-2.13
-0.63
-0.07
-0.03
0.02
0
3
1
0
5786
0.2768
0.7874
0.5508
-0.0038
0.12
-1.25
-0.63
-0.06
-0.02
0.02
0
3
1
0
5795
0.2769
0.7874
0.5508
-0.0040
-0.25
0.56
0.25
-0.04
0.00
0.02
0
3
1
0
5806
0.2769
0.7874
0.5508
-0.0040
-0.37
1.63
0.44
-0.06
-0.05
0.06
0
3
1
0
5816
0.2768
0.7874
0.5508
-0.0038
-0.25
1.00
0.44
-0.10
-0.06
0.05
0
3
1
0
5826
0.2767
0.7874
0.5509
-0.0038
0.31
-0.50
-0.12
-0.10
-0.04
0.02
0
3
1
0
5835
0.2767
0.7874
0.5509
-0.0038
0.50
-1.31
-0.31
-0.07
-0.05
0.03
0
3
1
0
5846
0.2768
0.7874
0.5508
-0.0039
0.25
-1.00
-0.37
-0.08
-0.06
0.00
0
3
1
0
5856
0.2769
0.7874
0.5508
-0.0040
-0.12
0.19
0.00
-0.04
-0.03
0.05
0
3
1
0
5866
0.2769
0.7874
0.5508
-0.0040
-0.37
1.00
0.31
-0.03
-0.02
0.04
0
3
1
0
5875
0.2768
0.7874
0.5508
-0.0040
-0.25
0.81
0.31
-0.07
-0.03
0.01
0
3
1
0
5885
0.2768
0.7874
0.5509
-0.0039
-0.06
0.00
0.19
-0.08
0.00
0.00
0
3
1
0
5896
0.2768
0.7874
0.5509
-0.0039
0.31
-0.56
-0.12
-0.08
-0.05
0.02
0
3
1
0
5906
0.2768
0.7874
0.5509
-0.0040
0.25
-0.94
-0.12
-0.06
-0.05
0.03
0
3
1
0
5916
0.2769
0.7874
0.5509
-0.0040
0.00
-0.19
-0.06
-0.06
-0.05
0.01
0
3
1
0
5925
0.2769
0.7874
0.5509
-0.0040
0.00
0.44
0.06
-0.07
-0.06
0.04
0
3
1
0
5936
0.2769
0.7874
0.5509
-0.0040
-0.25
0.63
0.12
-0.07
-0.04
0.00
0
3
1
0
5946
0.2768
0.7874
0.5509
-0.0040
-0.19
0.12
0.06
-0.05
-0.05
0.02
0
3
1
0
5955
0.2768
0.7873
0.5509
-0.0040
0.12
-0.31
-0.12
-0.08
-0.06
0.04
0
3
1
0
5965
0.2768
0.7873
0.5509
-0.0041
0.06
-0.50
-0.06
-0.07
-0.05
0.06
0
3
1
0
5976
0.2768
0.7873
0.5509
-0.0041
0.00
-0.12
0.12
-0.07
-0.03
0.01
0
3
1
0
5986
0.2768
0.7873
0.5509
-0.0041
0.31
0.06
0.06
-0.08
-0.04
0.00
0
3
1
0
5995
0.2768
0.7873
0.5509
-0.0041
0.12
0.00
0.00
-0.03
-0.06
0.02
0
3
1
0
6005
0.2768
0.7873
0.5509
-0.0041
0.12
-0.19
0.00
-0.07
-0.07
0.00
0
3
1
0
6016
0.2768
0.7873
0.5509
-0.0041
0.00
-0.25
-0.12
-0.08
-0.06
-0.02
0
3
1
0
6026
0.2768
0.7873
0.5509
-0.0042
-0.06
-0.31
-0.06
-0.06
-0.03
0.00
0
3
1
0
6035
0.2768
0.7873
0.5509
-0.0042
-0.25
-0.19
0.12
-0.06
-0.05
0.01
0
3
1
0
6045
0.2768
0.7873
0.5509
-0.0042
-0.25
0.25
0.12
-0.05
-0.02
0.04
0
3
1
0
6055
0.2768
0.7873
0.5509
-0.0042
-0.12
0.44
0.00
-0.04
-0.02
0.02
0
3
1
0
6066
0.2768
0.7873
0.5509
-0.0042
0.12
0.12
0.06
-0.09
-0.05
0.03
0
3
1
0
6075
0.2768
0.7873
0.5509
-0.0042
0.19
-0.44
0.06
-0.07
-0.06
0.03
0
3
1
0
6085
0.2768
0.7873
0.5510
-0.0042
0.19
-0.37
0.00
-0.05
-0.08
0.00
0
3
1
0
6095
0.2768
0.7873
0.5510
-0.0042
0.12
-0.25
0.00
-0.06
-0.09
-0.01
0
3
1
0
6106
0.2768
0.7873
0.5510
-0.0042
-0.12
0.12
0.19
-0.03
-0.04
0.04
0
3
1
0
6116
0.2768
0.7873
0.5510
-0.0043
-0.31
0.37
0.12
-0.04
-0.05
0.05
0
3
1
0
6125
0.2768
0.7873
0.5510
-0.0043
-0.25
0.06
0.00
-0.08
-0.04
0.04
0
3
1
0
6135
0.2768
0.7873
0.5510
-0.0043
-0.06
-0.25
-0.06
-0.07
0.00
0.03
0
3
1
0
6146
0.2768
0.7873
0.5510
-0.0043
0.12
-0.56
-0.06
-0.07
-0.05
0.05
0
3
1
0
6155
0.2769
0.7873
0.5510
-0.0043
0.19
-0.56
0.12
-0.06
-0.04
0.02
0
3
1
0
6165
0.2769
0.7873
0.5510
-0.0043
0.25
-0.12
0.06
-0.07
-0.03
0.04
0
3
1
0
6175
0.2769
0.7873
0.5510
-0.0043
0.06
0.19
0.06
-0.06
-0.05
0.00
0
3
1
0
6185
0.2769
0.7873
0.5510
-0.0043
-0.06
0.19
0.06
-0.05
-0.09
0.02
0
3
1
0
6195
0.2769
0.7872
0.5510
-0.0043
-0.19
0.00
0.06
-0.04
-0.06
0.02
0
3
1
0
6205
0.2769
0.7872
0.5510
-0.0043
-0.12
-0.25
0.06
-0.08
-0.05
0.05
0
3
1
0
6215
0.2769
0.7872
0.5510
-0.0044
0.00
-0.25
0.06
-0.07
0.00
0.03
0
3
1
0
6225
0.2769
0.7872
0.5510
-0.0044
0.00
-0.12
0.06
-0.06
-0.04
0.04
0
3
1
0
6235
0.2769
0.7872
0.5510
-0.0044
0.06
0.06
0.12
-0.04
-0.02
0.03
0
3
1
0
6245
0.2769
0.7872
0.5510
-0.0044
0.06
0.12
0.06
-0.06
-0.05
0.01
0
3
1
0
6255
0.2769
0.7872
0.5510
-0.0044
0.12
0.00
0.19
-0.08
-0.04
0.02
0
3
1
0
6265
0.2769
0.7872
0.5510
-0.0045
-0.06
-0.25
0.00
-0.05
-0.05
0.01
0
3
1
0
6275
0.2769
0.7872
0.5510
-0.0045
-0.12
-0.25
0.00
-0.06
-0.05
0.05
0
3
1
0
6285
0.2769
0.7872
0.5510
-0.0045
-0.12
0.00
0.06
-0.07
-0.03
0.00
0
3
1
0
6295
0.2769
0.7872
0.5510
-0.0045
-0.25
0.00
0.19
-0.04
0.00
0.01
0
3
1
0
6305
0.2769
0.7872
0.5510
-0.0045
-0.06
0.19
0.12
-0.05
-0.02
0.04
0
3
1
0
6316
0.2769
0.7872
0.5510
-0.0045
-0.06
0.19
0.12
-0.07
-0.03
0.03
0
3
1
0
6325
0.2769
0.7872
0.5510
-0.0045
0.06
-0.25
0.06
-0.05
-0.06
0.01
0
3
1
0
6335
0.2769
0.7872
0.5510
-0.0045
0.19
-0.44
-0.12
-0.05
-0.07
-0.01
0
3
1
0
6345
0.2769
0.7872
0.5510
-0.0045
0.12
-0.50
0.06
-0.05
-0.07
0.01
0
3
1
0
6354
0.2769
0.7872
0.5510
-0.0045
-0.19
-0.06
0.12
-0.04
-0.04
0.02
0
3
1
0
6365
0.2769
0.7872
0.5510
-0.0045
-0.19
-0.06
0.12
-0.05
-0.04
0.04
0
3
1
0
6375
0.2769
0.7872
0.5510
-0.0045
-0.19
0.12
0.19
-0.05
0.00
0.04
0
3
1
0
6385
0.2769
0.7872
0.5510
-0.0046
0.00
0.06
0.12
-0.04
-0.01
0.03
0
3
1
0
6394
0.2769
0.7872
0.5510
-0.0046
0.12
-0.19
-0.06
-0.08
-0.04
0.00
0
3
1
0
6405
0.2769
0.7872
0.5510
-0.0046
0.19
-0.56
0.00
-0.06
-0.02
0.03
0
3
1
0
6415
0.2769
0.7872
0.5510
-0.0046
0.25
-0.37
0.00
-0.06
-0.05
0.03
0
3
1
0
6425
0.2769
0.7872
0.5510
-0.0046
0.00
0.06
0.06
-0.05
-0.07
0.02
0
3
1
0
6434
0.2769
0.7872
0.5510
-0.0046
-0.12
0.12
0.06
-0.02
-0.04
0.04
0
3
1
0
6445
0.2769
0.7872
0.5510
-0.0046
-0.12
0.12
0.06
-0.06
-0.03
0.04
0
3
1
0
6455
0.2769
0.7872
0.5510
-0.0046
0.06
0.06
0.06
-0.06
-0.04
0.04
0
3
1
0
6465
0.2769
0.7872
0.5510
-0.0046
0.12
-0.12
0.00
-0.06
-0.01
0.03
0
3
1
0
6474
0.2769
0.7872
0.5510
-0.0046
0.12
-0.25
-0.06
-0.08
-0.06
0.03
0
3
1
0
6484
0.2769
0.7872
0.5510
-0.0046
0.31
0.06
0.06
-0.07
-0.06
0.00
0
3
1
0
6495
0.2769
0.7872
0.5510
-0.0046
0.00
0.12
0.06
-0.05
-0.03
0.02
0
3
1
0
6505
0.2769
0.7872
0.5510
-0.0047
-0.12
0.25
0.19
-0.05
-0.03
0.04
0
3
1
0
6515
0.2769
0.7872
0.5510
-0.0047
-0.12
0.00
0.12
-0.06
-0.05
0.03
0
3
1
0
6524
0.2769
0.7872
0.5510
-0.0047
-0.12
-0.06
-0.06
-0.05
-0.03
0.03
0
3
1
0
6535
0.2769
0.7872
0.5510
-0.0047
0.00
-0.19
0.00
-0.05
-0.03
0.00
0
3
1
0
6544
0.2769
0.7872
0.5510
-0.0047
0.06
-0.12
0.06
-0.04
-0.03
0.04
0
3
1
0
6554
0.2769
0.7872
0.5510
-0.0047
-0.06
0.06
0.06
-0.06
-0.05
0.03
0
3
1
0
6564
0.2769
0.7872
0.5510
-0.0047
0.00
0.00
0.19
-0.06
-0.04
0.02
0
3
1
0
6575
0.2769
0.7872
0.5510
-0.0047
0.00
0.19
0.06
-0.05
-0.03
0.01
0
3
1
0
6585
0.2769
0.7872
0.5510
-0.0047
-0.12
-0.12
0.19
-0.05
-0.07
0.03
0
3
1
0
6594
0.2769
0.7872
0.5510
-0.0047
-0.19
-0.12
0.12
-0.04
-0.06
0.05
0
3
1
0
6604
0.2769
0.7872
0.5510
-0.0047
0.12
0.00
0.06
-0.05
-0.04
0.00
0
3
1
0
6615
0.2769
0.7872
0.5510
-0.0047
-0.06
-0.12
0.00
-0.05
-0.04
0.03
0
3
1
0
6625
0.2769
0.7872
0.5510
-0.0047
-0.06
-0.06
0.12
-0.06
-0.04
0.03
0
3
1
0
6634
0.2769
0.7872
0.5510
-0.0047
-0.19
-0.06
0.25
-0.05
-0.05
0.00
0
3
1
0
6644
0.2769
0.7872
0.5510
-0.0047
0.06
-0.06
0.06
-0.03
-0.05
0.03
0
3
1
0
6654
0.2769
0.7872
0.5510
-0.0047
0.06
-0.19
-0.06
-0.05
-0.03
-0.01
0
3
1
0
6665
0.2769
0.7872
0.5510
-0.0047
-0.06
-0.25
0.12
-0.06
-0.05
0.04
0
3
1
0
6675
0.2769
0.7872
0.5510
-0.0047
-0.19
0.00
0.00
-0.05
-0.05
0.03
0
3
1
0
6684
0.2769
0.7872
0.5510
-0.0047
-0.12
-0.12
0.00
-0.05
-0.03
0.03
0
3
1
0
6694
0.2769
0.7872
0.5510
-0.0047
0.00
-0.12
0.25
-0.06
-0.05
0.01
0
3
1
0
6705
0.2769
0.7872
0.5510
-0.0047
-0.06
0.12
0.12
-0.06
-0.06
0.03
0
3
1
0
6714
0.2769
0.7872
0.5510
-0.0047
-0.06
0.06
0.06
-0.06
-0.04
0.05
0
3
1
0
6724
0.2769
0.7872
0.5510
-0.0047
0.00
0.00
0.06
-0.05
-0.05
0.03
0
3
1
0
6734
0.2769
0.7872
0.5510
-0.0047
0.06
0.00
-0.06
-0.05
-0.04
0.00
0
3
1
0
6745
0.2769
0.7872
0.5510
-0.0047
0.12
-0.06
0.06
-0.05
-0.04
0.03
0
3
1
0
6754
0.2769
0.7872
0.5510
-0.0047
0.00
-0.06
0.00
-0.05
-0.05
0.01
0
3
1
0
6764
0.2769
0.7872
0.5510
-0.0047
0.12
-0.19
0.00
-0.05
-0.03
0.03
0
3
1
0
6774
0.2769
0.7872
0.5510
-0.0047
0.00
0.06
0.00
-0.06
-0.05
0.01
0
3
1
0
6785
0.2769
0.7872
0.5510
-0.0047
0.12
0.06
0.06
-0.04
-0.02
0.03
0
3
1
0
6794
0.2769
0.7872
0.5510
-0.0047
0.19
0.00
0.00
-0.04
0.00
0.01
0
3
1
0
6804
0.2769
0.7872
0.5510
-0.0047
0.12
-0.12
0.06
-0.06
-0.08
0.02
0
3
1
0
6814
0.2769
0.7872
0.5510
-0.0047
0.19
-0.12
0.00
-0.06
-0.03
0.03
0
3
1
0
6824
0.2769
0.7872
0.5510
-0.0047
0.06
0.06
-0.12
-0.05
-0.05
0.03
0
3
1
0
6834
0.2769
0.7872
0.5510
-0.0047
0.06
0.25
0.00
-0.04
-0.06
0.00
0
3
1
0
6844
0.2769
0.7872
0.5510
-0.0047
0.00
0.06
0.06
-0.05
-0.02
0.01
0
3
1
0
6854
0.2769
0.7872
0.5510
-0.0047
0.19
-0.19
0.12
-0.06
-0.05
0.03
0
3
1
0
6864
0.2769
0.7872
0.5510
-0.0047
0.06
0.06
-0.06
-0.06
-0.03
0.03
0
3
1
0
6874
0.2769
0.7872
0.5510
-0.0047
0.06
0.00
-0.06
-0.05
-0.03
0.06
0
3
1
0
6884
0.2769
0.7872
0.5510
-0.0047
0.12
0.19
0.12
-0.04
-0.05
0.00
0
3
1
0
6894
0.2769
0.7872
0.5510
-0.0047
0.12
0.12
0.00
-0.06
-0.04
0.03
0
3
1
0
6904
0.2769
0.7872
0.5510
-0.0047
0.12
0.00
-0.06
-0.05
-0.03
0.02
0
3
1
0
6915
0.2769
0.7872
0.5510
-0.0047
0.00
0.00
0.06
-0.06
-0.05
0.02
0
3
1
0
6924
0.2769
0.7872
0.5510
-0.0047
-0.06
0.00
-0.06
-0.05
-0.03
0.01
0
3
1
0
6934
0.2769
0.7872
0.5510
-0.0047
0.12
0.00
0.06
-0.03
-0.05
0.02
0
3
1
0
6944
0.2769
0.7872
0.5510
-0.0047
0.00
0.06
0.06
-0.08
-0.05
0.03
0
3
1
0
6953
0.2769
0.7872
0.5510
-0.0047
0.06
0.12
0.06
-0.05
-0.03
0.03
0
3
1
0
6964
0.2769
0.7872
0.5510
-0.0047
0.06
0.25
0.00
-0.06
-0.06
0.02
0
3
1
0
6974
0.2769
0.7872
0.5510
-0.0047
0.12
0.12
-0.12
-0.07
-0.05
0.05
0
3
1
0
6984
0.2769
0.7872
0.5510
-0.0047
0.12
0.06
-0.12
-0.05
-0.02
0.03
0
3
1
0
6993
0.2769
0.7872
0.5510
-0.0047
0.12
-0.19
-0.06
-0.07
-0.04
0.01
0
3
1
0
7004
0.2769
0.7872
0.5510
-0.0047
0.12
0.00
-0.06
-0.07
-0.03
0.02
0
3
1
0
7014
0.2769
0.7872
0.5510
-0.0047
0.19
0.19
0.00
-0.05
-0.03
0.04
0
3
1
0
7024
0.2769
0.7872
0.5510
-0.0047
0.19
0.00
0.00
-0.07
-0.04
0.03
0
3
1
0
7033
0.2769
0.7872
0.5510
-0.0047
0.25
-0.06
0.00
-0.05
-0.04
0.00
0
3
1
0
7044
0.2769
0.7872
0.5510
-0.0047
0.19
-0.06
0.00
-0.06
-0.05
0.02
0
3
1
0
7054
0.2769
0.7872
0.5510
-0.0047
0.00
0.19
0.00
-0.06
-0.05
0.03
0
3
1
0
7064
0.2769
0.7872
0.5510
-0.0047
0.00
0.00
0.00
-0.06
-0.05
0.03
0
3
1
0
7073
0.2769
0.7872
0.5510
-0.0047
0.06
0.19
0.06
-0.04
-0.05
0.01
0
3
1
0
7084
0.2769
0.7872
0.5510
-0.0047
0.00
0.12
0.00
-0.06
-0.03
0.00
0
3
1
0
7094
0.2769
0.7872
0.5510
-0.0047
0.00
-0.06
0.00
-0.06
-0.04
0.03
0
3
1
0
7104
0.2769
0.7872
0.5510
-0.0047
0.12
-0.19
0.00
-0.05
-0.05
0.03
0
3
1
0
7114
0.2769
0.7872
0.5510
-0.0047
0.06
0.00
0.00
-0.06
-0.03
0.02
0
3
1
0
7123
0.2769
0.7872
0.5510
-0.0047
0.12
0.00
0.00
-0.06
-0.05
0.04
0
3
1
0
7134
0.2769
0.7872
0.5510
-0.0047
0.06
0.19
0.00
-0.06
-0.06
0.00
0
3
1
0
7144
0.2769
0.7872
0.5510
-0.0047
0.00
0.06
0.00
-0.03
-0.04
0.00
0
3
1
0
7153
0.2769
0.7872
0.5510
-0.0047
0.06
0.06
0.00
-0.06
-0.05
0.03
0
3
1
0
7163
0.2769
0.7872
0.5510
-0.0047
0.06
0.12
0.00
-0.05
-0.05
0.01
0
3
1
0
7174
0.2769
0.7872
0.5510
-0.0047
0.00
0.06
0.12
-0.03
-0.04
0.00
0
3
1
0
7184
0.2769
0.7872
0.5510
-0.0047
0.00
0.12
-0.06
-0.05
-0.06
0.03
0
3
1
0
7193
0.2769
0.7872
0.5510
-0.0047
0.12
0.19
0.00
-0.04
-0.04
0.02
0
3
1
0
7203
0.2769
0.7872
0.5510
-0.0047
0.06
0.12
-0.06
-0.05
-0.05
0.05
0
3
1
0
7214
0.2769
0.7872
0.5510
-0.0047
0.06
-0.06
-0.06
-0.06
-0.05
0.03
0
3
1
0
7224
0.2769
0.7872
0.5510
-0.0047
0.00
-0.12
0.00
-0.05
-0.04
0.03
0
3
1
0
7233
0.2769
0.7872
0.5510
-0.0047
-0.12
0.00
-0.06
-0.06
-0.07
0.02
0
3
1
0
7243
0.2769
0.7872
0.5510
-0.0047
0.00
0.00
0.00
-0.06
-0.05
0.01
0
3
1
0
7254
0.2769
0.7872
0.5510
-0.0047
0.06
0.00
-0.06
-0.05
-0.06
0.03
0
3
1
0
7264
0.2769
0.7872
0.5510
-0.0047
-0.06
0.12
-0.06
-0.04
-0.06
0.04
0
3
1
0
7274
0.2769
0.7872
0.5510
-0.0047
0.12
-0.12
0.00
-0.05
-0.04
0.03
0
3
1
0
7283
0.2769
0.7872
0.5510
-0.0047
-0.06
-0.19
-0.06
-0.06
-0.05
0.00
0
3
1
0
7293
0.2769
0.7872
0.5510
-0.0047
-0.12
-0.19
-0.06
-0.09
-0.05
0.04
0
3
1
0
7304
0.2769
0.7872
0.5510
-0.0047
0.00
-0.12
0.00
-0.06
-0.02
0.03
0
3
1
0
7314
0.2769
0.7872
0.5510
-0.0047
-0.12
0.00
0.00
-0.05
-0.04
0.03
0
3
1
0
7323
0.2769
0.7872
0.5510
-0.0047
0.00
-0.12
0.06
-0.07
-0.05
0.01
0
3
1
0
7333
0.2769
0.7872
0.5510
-0.0047
0.00
0.06
0.00
-0.06
-0.05
0.02
0
3
1
0
7344
0.2769
0.7872
0.5510
-0.0047
0.00
0.00
0.00
-0.07
-0.04
0.00
0
3
1
0
7353
0.2769
0.7872
0.5510
-0.0047
0.00
0.00
-0.06
-0.05
-0.05
0.00
0
3
1
0
7363
0.2769
0.7872
0.5510
-0.0047
0.06
-0.06
0.00
-0.07
-0.03
0.00
0
3
1
0
7373
0.2769
0.7872
0.5510
-0.0047
0.00
0.00
-0.06
-0.06
-0.05
0.00
0
3
1
0
7384
0.2769
0.7872
0.5510
-0.0047
-0.12
-0.06
0.06
-0.06
-0.05
0.03
0
3
1
0
7394
0.2769
0.7872
0.5510
-0.0047
-0.06
-0.06
0.06
-0.05
-0.05
0.04
0
3
1
0
7403
0.2769
0.7872
0.5510
-0.0047
0.12
-0.06
0.06
-0.07
-0.04
0.02
0
3
1
0
7413
0.2769
0.7872
0.5510
-0.0047
0.00
-0.06
0.00
-0.06
-0.04
0.03
0
3
1
0
7424
0.2769
0.7872
0.5510
-0.0047
0.12
-0.19
0.06
-0.04
-0.06
0.02
0
3
1
0
7433
0.2769
0.7872
0.5510
-0.0047
0.00
-0.06
0.19
-0.05
-0.04
0.00
0
3
1
0
7443
0.2769
0.7872
0.5510
-0.0047
0.00
0.06
-0.12
-0.05
-0.05
0.04
0
3
1
0
7453
0.2769
0.7872
0.5510
-0.0047
0.00
0.00
0.00
-0.07
-0.06
0.02
0
3
1
0
7463
0.2769
0.7872
0.5510
-0.0047
0.00
-0.06
0.00
-0.06
-0.03
0.02
0
3
1
0
7473
0.2769
0.7872
0.5510
-0.0047
-0.12
0.12
-0.06
-0.05
-0.04
0.03
0
3
1
0
7483
0.2769
0.7872
0.5510
-0.0047
-0.06
0.12
-0.06
-0.05
-0.06
0.00
0
3
1
0
7493
0.2769
0.7872
0.5510
-0.0047
0.06
0.12
-0.12
-0.05
-0.04
0.02
0
3
1
0
7503
0.2769
0.7872
0.5510
-0.0047
0.06
-0.19
-0.12
-0.05
-0.03
0.03
0
3
1
0
7514
0.2769
0.7872
0.5510
-0.0047
0.06
-0.06
-0.12
-0.05
-0.05
0.03
0
3
1
0
7523
0.2769
0.7872
0.5510
-0.0047
0.00
-0.12
0.00
-0.05
-0.04
0.03
0
3
1
0
7533
0.2769
0.7872
0.5510
-0.0047
0.00
0.00
0.00
-0.05
-0.05
0.00
0
3
1
0
7543
0.2769
0.7872
0.5510
-0.0047
-0.06
0.06
0.00
-0.06
-0.03
0.05
0
3
1
0
7553
0.2769
0.7872
0.5510
-0.0047
0.06
-0.06
0.00
-0.05
-0.04
0.02
0
3
1
0
7563
0.2769
0.7872
0.5510
-0.0047
0.06
-0.12
0.12
-0.05
-0.06
0.02
0
3
1
0
7573
0.2769
0.7872
0.5510
-0.0047
-0.06
-0.19
0.06
-0.06
-0.04
0.03
0
3
1
0
7583
0.2769
0.7872
0.5510
-0.0047
0.06
0.12
0.00
-0.05
-0.05
0.00
0
3
1
0
7592
0.2769
0.7872
0.5510
-0.0047
0.00
-0.06
0.19
-0.06
-0.05
0.01
0
3
1
0
7603
0.2769
0.7872
0.5510
-0.0047
0.06
-0.06
0.06
-0.04
-0.05
0.01
0
3
1
0
7613
0.2769
0.7872
0.5510
-0.0047
-0.06
0.00
-0.06
-0.06
-0.05
0.01
0
3
1
0
7623
0.2769
0.7872
0.5510
-0.0047
0.06
0.06
-0.12
-0.07
-0.02
0.02
0
3
1
0
7632
0.2769
0.7872
0.5510
-0.0047
0.00
0.06
0.00
-0.05
-0.03
0.01
0
3
1
0
7643
0.2769
0.7872
0.5510
-0.0047
-0.12
0.19
0.00
-0.04
-0.04
0.03
0
3
1
0
7653
0.2769
0.7872
0.5510
-0.0047
0.19
0.00
-0.12
-0.06
-0.05
0.05
0
3
1
0
7663
0.2769
0.7872
0.5510
-0.0047
0.00
0.06
-0.06
-0.05
-0.04
0.03
0
3
1
0
7673
0.2769
0.7872
0.5510
-0.0047
0.12
-0.06
0.00
-0.05
-0.04
0.01
0
3
1
0
7683
0.2769
0.7872
0.5510
-0.0047
0.06
-0.12
-0.06
-0.06
-0.04
0.00
0
3
1
0
7693
0.2769
0.7872
0.5510
-0.0047
0.06
-0.19
-0.06
-0.06
-0.05
0.01
0
3
1
0
7703
0.2769
0.7872
0.5510
-0.0047
-0.12
0.06
-0.06
-0.06
-0.05
0.03
0
3
1
0
7713
0.2769
0.7872
0.5510
-0.0047
-0.12
0.12
0.00
-0.03
-0.01
0.04
0
3
1
0
7723
0.2769
0.7872
0.5510
-0.0047
-0.06
0.25
-0.06
-0.05
-0.03
0.02
0
3
1
0
7733
0.2769
0.7872
0.5510
-0.0047
0.00
0.19
0.00
-0.06
-0.04
0.01
0
3
1
0
7743
0.2769
0.7872
0.5510
-0.0047
-0.06
-0.12
0.06
-0.04
-0.04
0.02
0
3
1
0
7753
0.2769
0.7872
0.5510
-0.0047
0.19
-0.37
0.00
-0.05
-0.06
0.04
0
3
1
0
7762
0.2769
0.7872
0.5510
-0.0047
0.19
-0.19
0.00
-0.05
-0.04
0.02
0
3
1
0
7773
0.2769
0.7872
0.5510
-0.0047
0.00
0.12
0.00
-0.05
-0.06
0.03
0
3
1
0
7783
0.2769
0.7872
0.5510
-0.0047
-0.06
0.12
0.00
-0.05
-0.06
0.02
0
3
1
0
7792
0.2769
0.7872
0.5510
-0.0047
0.00
0.00
0.00
-0.05
-0.01
0.03
0
3
1
0
7802
0.2769
0.7872
0.5510
-0.0047
0.06
-0.12
0.06
-0.05
-0.04
0.03
0
3
1
0
7813
0.2769
0.7872
0.5510
-0.0047
0.06
-0.19
-0.06
-0.07
-0.03
0.04
0
3
1
0
7823
0.2769
0.7872
0.5510
-0.0047
0.19
-0.19
0.06
-0.05
-0.02
0.02
0
3
1
0
7833
0.2769
0.7872
0.5510
-0.0047
0.00
-0.06
0.06
-0.06
-0.05
0.02
0
3
1
0
7842
0.2769
0.7872
0.5510
-0.0047
-0.06
0.06
0.06
-0.07
-0.04
0.03
0
3
1
0
7853
0.2769
0.7872
0.5510
-0.0047
0.00
0.06
0.00
-0.06
-0.03
0.05
0
3
1
0
7863
0.2769
0.7872
0.5510
-0.0047
-0.12
0.00
-0.12
-0.06
-0.06
0.03
0
3
1
0
7873
0.2769
0.7872
0.5510
-0.0047
0.00
-0.12
-0.06
-0.07
-0.03
0.03
0
3
1
0
7882
0.2769
0.7872
0.5510
-0.0047
-0.06
-0.06
0.12
-0.07
-0.04
0.00
0
3
1
0
7892
0.2769
0.7872
0.5510
-0.0047
0.00
0.12
0.06
-0.07
-0.06
0.03
0
3
1
0
7903
0.2769
0.7872
0.5510
-0.0047
0.06
0.00
0.06
-0.06
-0.03
0.03
0
3
1
0
7913
0.2769
0.7872
0.5510
-0.0047
0.06
0.12
0.00
-0.03
-0.05
0.00
0
3
1
0
7922
0.2769
0.7872
0.5510
-0.0047
0.00
0.00
-0.06
-0.05
-0.04
0.02
0
3
1
0
7932
0.2769
0.7872
0.5510
-0.0047
0.12
-0.25
0.00
-0.06
-0.05
0.03
0
3
1
0
7943
0.2769
0.7872
0.5510
-0.0047
0.00
-0.25
0.00
-0.04
-0.06
0.03
0
3
1
0
7952
0.2769
0.7872
0.5510
-0.0047
0.06
0.06
-0.12
-0.05
-0.02
0.03
0
3
1
0
7962
0.2769
0.7872
0.5510
-0.0047
-0.06
0.12
-0.12
-0.05
-0.05
0.01
0
3
1
0
7972
0.2769
0.7872
0.5510
-0.0047
-0.06
0.06
-0.12
-0.08
-0.07
0.03
0
3
1
0
7983
0.2769
0.7872
0.5510
-0.0047
-0.12
-0.06
0.12
-0.05
-0.04
0.00
0
3
1
0
7992
0.2769
0.7872
0.5510
-0.0047
0.00
0.00
0.00
-0.05
-0.05
0.02
0
3
1
0
8002
0.2769
0.7872
0.5510
-0.0047
0.06
0.00
-0.19
-0.07
-0.04
0.01
0
3
1
0
8012
0.2769
0.7872
0.5510
-0.0047
0.00
-0.25
-0.06
-0.05
-0.05
0.01
0
3
1
0
8023
0.2769
0.7872
0.5510
-0.0047
-0.06
-0.06
0.12
-0.07
-0.05
0.03
0
3
1
0
8033
0.2769
0.7872
0.5510
-0.0047
-0.06
0.25
0.00
-0.06
-0.03
0.00
0
3
1
0
8042
0.2769
0.7872
0.5510
-0.0047
0.00
0.00
0.12
-0.05
-0.03
0.02
0
3
1
0
8052
0.2769
0.7872
0.5510
-0.0047
0.06
-0.06
0.00
-0.04
-0.05
0.01
0
3
1
0
8062
0.2769
0.7872
0.5510
-0.0047
-0.06
-0.06
0.00
-0.06
-0.04
0.02
0
3
1
0
8073
0.2769
0.7872
0.5510
-0.0047
0.06
-0.06
-0.12
-0.07
-0.05
0.01
0
3
1
0
8082
0.2769
0.7872
0.5510
-0.0047
-0.06
-0.06
0.00
-0.05
-0.04
0.02
0
3
1
0
8092
0.2769
0.7872
0.5510
-0.0047
-0.06
0.06
-0.06
-0.04
-0.05
0.01
0
3
1
0
8102
0.2769
0.7872
0.5510
-0.0047
0.06
0.25
-0.12
-0.05
-0.05
0.03
0
3
1
0
8113
0.2769
0.7872
0.5510
-0.0047
-0.12
-0.19
-0.06
-0.06
-0.03
0.02
0
3
1
0
8122
0.2769
0.7872
0.5510
-0.0047
0.12
-0.06
-0.06
-0.10
-0.03
0.04
0
3
1
0
8132
0.2769
0.7872
0.5510
-0.0047
-0.06
0.12
-0.06
-0.05
-0.05
0.00
0
3
1
0
8142
0.2769
0.7872
0.5510
-0.0047
-0.12
0.19
-0.12
-0.09
-0.02
0.04
0
3
1
0
8152
0.2769
0.7872
0.5510
-0.0047
-0.12
0.12
0.00
-0.07
-0.05
0.02
0
3
1
0
8162
0.2769
0.7872
0.5510
-0.0047
-0.06
0.06
-0.06
-0.06
-0.05
0.03
0
3
1
0
8172
0.2769
0.7872
0.5510
-0.0047
0.06
-0.12
0.00
-0.05
-0.05
0.03
0
3
1
0
8182
0.2769
0.7872
0.5510
-0.0047
-0.06
-0.06
-0.06
-0.06
-0.05
0.02
0
3
1
0
8192
0.2769
0.7872
0.5510
-0.0047
0.06
-0.12
0.00
-0.07
-0.05
0.01
0
3
1
0
8202
0.0000
0.0000
0.0000
0.0000
0.00
-0.06
-0.06
-0.08
-0.04
0.03
0
3
1
0
8211
0.2769
0.7872
0.5510
-0.0047
0.00
0.00
0.00
-0.05
-0.06
0.02
0
3
1
0
8221
0.2769
0.7872
0.5510
-0.0047
0.00
0.06
0.00
-0.07
-0.04
0.01
0
3
1
0
8231
0.2769
0.7872
0.5510
-0.0047
-0.06
-0.06
0.00
-0.07
-0.03
0.01
0
3
1
0
8242
0.2769
0.7872
0.5510
-0.0047
0.12
-0.12
0.06
-0.05
-0.05
0.00
0
3
1
0
8252
0.2769
0.7872
0.5510
-0.0047
0.06
-0.31
0.06
-0.07
-0.04
0.03
0
3
1
0
8262
0.2769
0.7872
0.5510
-0.0047
0.00
-0.19
0.12
-0.05
-0.04
0.04
0
3
1
0
8272
0.2769
0.7872
0.5510
-0.0047
-0.12
0.00
0.00
-0.05
-0.06
0.01
0
3
1
0
8282
0.2769
0.7872
0.5510
-0.0047
-0.19
0.12
0.19
-0.05
-0.04
0.02
0
3
1
0
8292
0.2769
0.7872
0.5510
-0.0047
0.00
0.06
0.06
-0.06
-0.05
0.03
0
3
1
0
8302
0.2769
0.7872
0.5510
-0.0047
0.12
0.00
-0.12
-0.07
-0.04
0.03
0
3
1
0
8312
0.2769
0.7872
0.5510
-0.0047
0.12
-0.19
-0.19
-0.05
-0.03
0.03
0
3
1
0
8322
0.2769
0.7872
0.5510
-0.0047
0.06
0.00
0.06
-0.07
-0.05
0.02
0
3
1
0
8332
0.2769
0.7872
0.5510
-0.0047
0.06
0.00
0.00
-0.06
-0.05
0.00
0
3
1
0
8342
0.2769
0.7872
0.5510
-0.0047
0.06
0.00
0.12
-0.05
-0.02
0.00
0
3
1
0
8352
0.2769
0.7872
0.5510
-0.0047
-0.06
0.06
0.12
-0.06
-0.05
0.02
0
3
1
0
8361
0.2769
0.7872
0.5510
-0.0047
-0.06
-0.06
0.12
-0.06
-0.04
0.04
0
3
1
0
8372
0.2769
0.7872
0.5510
-0.0047
-0.06
0.06
-0.12
-0.05
-0.04
0.00
0
3
1
0
8382
0.2769
0.7872
0.5510
-0.0047
0.06
0.19
0.00
-0.08
-0.05
0.01
0
3
1
0
8391
0.2769
0.7872
0.5510
-0.0047
-0.19
-0.12
0.06
-0.07
-0.03
0.00
0
3
1
0
8401
0.2769
0.7872
0.5510
-0.0047
0.00
-0.06
0.00
-0.04
-0.06
0.03
0
3
1
0
8412
0.2769
0.7872
0.5510
-0.0047
0.06
0.19
0.06
-0.05
-0.05
0.01
0
3
1
0
8422
0.2769
0.7872
0.5510
-0.0047
0.12
0.12
0.06
-0.06
-0.05
0.03
0
3
1
0
8431
0.2769
0.7872
0.5510
-0.0047
0.06
-0.06
0.00
-0.05
-0.05
0.01
0
3
1
0
8441
0.2769
0.7872
0.5510
-0.0047
0.00
-0.19
0.00
-0.07
-0.05
0.03
0
3
1
0
8452
0.2769
0.7872
0.5510
-0.0047
0.00
-0.19
0.06
-0.05
-0.05
0.01
0
3
1
0
8462
0.2769
0.7872
0.5510
-0.0047
0.00
0.06
0.19
-0.07
-0.05
0.03
0
3
1
0
8472
0.2769
0.7872
0.5510
-0.0047
0.00
-0.06
0.06
-0.06
-0.04
0.00
0
3
1
0
8481
0.2769
0.7872
0.5510
-0.0047
0.06
-0.12
0.00
-0.06
-0.04
0.00
0
3
1
0
8492
0.2769
0.7872
0.5510
-0.0047
-0.06
0.00
0.00
-0.09
-0.07
0.01
0
3
1
0
8502
0.2769
0.7872
0.5510
-0.0047
0.06
0.00
0.00
-0.07
-0.03
0.04
0
3
1
0
8512
0.2769
0.7872
0.5510
-0.0047
-0.06
-0.06
0.06
-0.06
-0.06
0.05
0
3
1
0
8521
0.2769
0.7872
0.5510
-0.0047
-0.06
0.00
0.00
-0.06
-0.03
0.02
0
3
1
0
8531
0.2769
0.7872
0.5510
-0.0047
-0.06
-0.12
0.06
-0.07
-0.01
0.00
0
3
1
0
8542
0.2769
0.7872
0.5510
-0.0047
0.00
-0.19
0.06
-0.06
-0.05
0.02
0
3
1
0
8551
0.2769
0.7872
0.5510
-0.0047
-0.12
-0.06
0.12
-0.05
-0.04
0.02
0
3
1
0
8561
0.2769
0.7872
0.5510
-0.0047
-0.06
0.00
0.12
-0.07
-0.05
0.01
0
3
1
0
8571
0.2769
0.7872
0.5510
-0.0047
-0.06
-0.25
0.19
-0.09
-0.06
0.03
0
3
1
0
8582
0.2769
0.7872
0.5510
-0.0047
0.00
-0.06
0.19
-0.06
-0.03
0.03
0
3
1
0
8591
0.2769
0.7872
0.5510
-0.0047
0.06
-0.06
0.06
-0.05
-0.06
0.02
0
3
1
0
8601
0.2769
0.7872
0.5510
-0.0047
0.06
-0.19
-0.06
-0.05
-0.06
0.01
0
3
1
0
8611
0.2769
0.7872
0.5510
-0.0047
-0.06
-0.06
0.00
-0.06
-0.04
0.04
0
3
1
0
8622
0.2769
0.7872
0.5510
-0.0047
0.06
0.06
-0.06
-0.08
-0.07
0.01
0
3
1
0
8632
0.2769
0.7872
0.5510
-0.0047
-0.06
-0.12
0.19
-0.05
-0.05
0.02
0
3
1
0
8641
0.2769
0.7872
0.5510
-0.0047
0.00
-0.06
0.00
-0.08
-0.03
0.05
0
3
1
0
8651
0.2769
0.7872
0.5510
-0.0047
0.00
0.19
-0.06
-0.07
-0.06
0.01
0
3
1
0
8662
0.2769
0.7872
0.5510
-0.0047
0.00
0.12
0.06
-0.05
-0.04
0.03
0
3
1
0
8672
0.2769
0.7872
0.5510
-0.0047
0.00
-0.25
0.00
-0.07
-0.04
0.02
0
3
1
0
8681
0.2769
0.7872
0.5510
-0.0047
0.06
0.00
0.12
-0.09
-0.06
0.03
0
3
1
0
8691
0.2769
0.7872
0.5510
-0.0047
0.06
-0.19
-0.06
-0.06
-0.06
0.03
0
3
1
0
8701
0.2769
0.7872
0.5510
-0.0047
0.06
-0.12
0.00
-0.06
-0.04
0.02
0
3
1
0
8711
0.2769
0.7872
0.5510
-0.0047
0.06
0.06
0.00
-0.08
-0.06
0.02
0
3
1
0
8721
0.2769
0.7872
0.5510
-0.0047
0.00
0.25
0.06
-0.07
-0.04
0.03
0
3
1
0
8731
0.2769
0.7872
0.5510
-0.0047
0.00
0.25
-0.12
-0.07
-0.07
0.03
0
3
1
0
8741
0.2769
0.7872
0.5510
-0.0047
0.06
0.12
0.06
-0.06
-0.04
0.02
0
3
1
0
8751
0.2769
0.7872
0.5510
-0.0047
-0.06
-0.06
0.00
-0.06
-0.04
0.01
0
3
1
0
8761
0.2769
0.7872
0.5510
-0.0047
0.06
-0.06
0.00
-0.07
-0.05
0.02
0
3
1
0
8771
0.2769
0.7872
0.5510
-0.0047
-0.06
0.06
-0.06
-0.05
-0.04
0.00
0
3
1
0
8781
0.2769
0.7872
0.5510
-0.0047
-0.12
0.25
0.00
-0.04
-0.06
0.00
0
3
1
0
8791
0.2769
0.7872
0.5510
-0.0047
-0.12
0.06
-0.06
-0.08
-0.05
0.05
0
3
1
0
8801
0.2769
0.7872
0.5510
-0.0047
-0.06
0.12
0.06
-0.08
-0.04
0.01
0
3
1
0
8811
0.2769
0.7872
0.5510
-0.0047
-0.06
0.19
-0.06
-0.06
-0.07
0.02
0
3
1
0
8821
0.2769
0.7872
0.5510
-0.0047
-0.06
-0.06
0.00
-0.05
-0.04
0.02
0
3
1
0
8832
0.2769
0.7872
0.5510
-0.0047
0.00
-0.06
0.00
-0.05
-0.05
0.00
0
3
1
0
8841
0.2769
0.7872
0.5510
-0.0047
-0.12
0.00
-0.06
-0.08
-0.05
0.02
0
3
1
0
8851
0.2769
0.7872
0.5510
-0.0047
-0.06
0.19
0.12
-0.05
-0.03
0.00
0
3
1
0
8861
0.2769
0.7872
0.5510
-0.0047
-0.12
0.12
0.00
-0.05
-0.05
0.02
0
3
1
0
8871
0.2769
0.7872
0.5510
-0.0047
0.00
0.12
0.06
-0.06
-0.07
0.04
0
3
1
0
8881
0.2769
0.7872
0.5510
-0.0047
0.00
-0.06
0.06
-0.07
-0.04
-0.02
0
3
1
0
8891
0.2769
0.7872
0.5510
-0.0047
0.00
-0.12
-0.06
-0.06
-0.06
0.01
0
3
1
0
8901
0.2769
0.7872
0.5510
-0.0047
0.00
0.00
0.12
-0.05
-0.07
0.01
0
3
1
0
8911
0.2769
0.7872
0.5510
-0.0047
0.00
0.00
-0.06
-0.04
-0.04
0.03
0
3
1
0
8921
0.2769
0.7872
0.5510
-0.0047
-0.06
-0.12
0.06
-0.06
-0.05
0.03
0
3
1
0
8931
0.2769
0.7872
0.5510
-0.0047
-0.06
-0.19
0.00
-0.07
-0.05
0.03
0
3
1
0
8941
0.2769
0.7872
0.5510
-0.0047
-0.06
-0.12
-0.06
-0.04
-0.03
0.00
0
3
1
0
8950
0.2769
0.7872
0.5510
-0.0047
-0.06
-0.12
0.00
-0.07
-0.05
0.03
0
3
1
0
8962
0.2769
0.7872
0.5510
-0.0047
-0.06
0.06
-0.06
-0.06
-0.02
0.03
0
3
1
0
8971
0.2769
0.7872
0.5510
-0.0047
-0.06
0.25
0.00
-0.06
-0.03
0.03
0
3
1
0
8981
0.2769
0.7872
0.5510
-0.0047
0.00
0.31
0.00
-0.07
-0.05
0.01
0
3
1
0
8990
0.2769
0.7872
0.5510
-0.0047
0.06
0.19
0.06
-0.04
-0.03
0.00
0
3
1
0
9000
0.2769
0.7872
0.5510
-0.0047
0.06
0.00
0.00
-0.07
-0.07
0.02
0
3
1
0
9011
0.2769
0.7872
0.5510
-0.0047
-0.06
-0.06
0.00
-0.06
-0.05
0.02
0
3
1
0
9021
0.2769
0.7872
0.5510
-0.0047
0.00
0.06
0.06
-0.05
-0.03
0.03
0
3
1
0
9030
0.2769
0.7872
0.5510
-0.0047
-0.19
0.06
0.06
-0.07
-0.06
0.03
0
3
1
0
9040
0.2769
0.7872
0.5510
-0.0047
-0.06
0.12
0.00
-0.05
-0.03
0.03
0
3
1
0
9051
0.2769
0.7872
0.5510
-0.0047
0.06
-0.06
-0.06
-0.05
-0.05
0.04
0
3
1
0
9061
0.2769
0.7872
0.5510
-0.0047
0.06
-0.06
-0.06
-0.07
-0.05
0.07
0
3
1
0
9071
0.2769
0.7872
0.5510
-0.0047
0.12
-0.06
-0.06
-0.08
-0.05
0.00
0
3
1
0
9080
0.2769
0.7872
0.5510
-0.0047
0.00
-0.06
0.00
-0.06
-0.06
0.00
0
3
1
0
9091
0.2769
0.7872
0.5510
-0.0047
-0.06
0.00
0.00
-0.08
-0.06
0.00
0
3
1
0
9101
0.2769
0.7872
0.5510
-0.0047
-0.06
0.06
0.00
-0.06
-0.04
0.03
0
3
1
0
9111
0.2769
0.7872
0.5510
-0.0047
0.00
0.06
-0.06
-0.06
-0.06
0.03
0
3
1
0
9120
0.2769
0.7872
0.5510
-0.0047
0.12
0.00
0.00
-0.07
-0.04
0.03
0
3
1
0
9131
0.2769
0.7872
0.5510
-0.0047
0.12
0.00
0.00
-0.07
-0.03
0.01
0
3
1
0
9141
0.2769
0.7872
0.5510
-0.0047
0.12
-0.12
-0.06
-0.08
-0.05
0.03
0
3
1
0
9151
0.2769
0.7872
0.5510
-0.0047
0.06
0.19
0.06
-0.05
-0.03
0.02
0
3
1
0
9160
0.2769
0.7872
0.5510
-0.0047
0.12
0.19
0.00
-0.05
-0.05
0.05
0
3
1
0
9170
0.2769
0.7872
0.5510
-0.0047
0.00
0.31
0.06
-0.05
-0.06
0.03
0
3
1
0
9181
0.2769
0.7872
0.5510
-0.0047
0.06
0.19
-0.06
-0.04
-0.03
0.03
0
3
1
0
9190
0.2769
0.7872
0.5510
-0.0047
0.06
-0.25
-0.06
-0.07
-0.05
0.01
0
3
1
0
9200
0.2769
0.7872
0.5510
-0.0047
0.00
0.06
0.06
-0.06
-0.04
0.01
0
3
1
0
9210
0.2769
0.7872
0.5510
-0.0047
0.00
0.00
-0.12
-0.07
-0.06
0.03
0
3
1
0
9221
0.2769
0.7872
0.5510
-0.0047
0.12
0.00
0.00
-0.07
-0.05
0.00
0
3
1
0
9230
0.2769
0.7872
0.5510
-0.0047
0.00
-0.06
0.06
-0.07
-0.05
0.01
0
3
1
0
9240
0.2769
0.7872
0.5510
-0.0047
0.06
0.06
0.06
-0.05
-0.05
0.01
0
3
1
0
9250
0.2769
0.7872
0.5510
-0.0047
-0.06
-0.37
-0.06
-0.09
-0.06
0.03
0
3
1
0
9261
0.2769
0.7872
0.5510
-0.0047
0.06
0.12
0.06
-0.06
-0.04
0.01
0
3
1
0
9271
0.2769
0.7872
0.5510
-0.0047
-0.06
0.06
-0.06
-0.07
-0.06
0.03
0
3
1
0
9280
0.2769
0.7872
0.5510
-0.0047
-0.12
0.06
0.00
-0.09
-0.05
0.00
0
3
1
0
9290
0.2769
0.7872
0.5510
-0.0047
0.00
-0.06
0.00
-0.06
-0.04
0.02
0
3
1
0
9300
0.2769
0.7872
0.5510
-0.0047
-0.12
0.06
0.06
-0.06
-0.06
0.01
0
3
1
0
9311
0.2769
0.7872
0.5510
-0.0047
-0.12
-0.12
-0.06
-0.08
-0.05
0.03
0
3
1
0
9320
0.2769
0.7872
0.5510
-0.0047
0.00
-0.06
0.00
-0.05
-0.04
0.05
0
3
1
0
9330
0.2769
0.7872
0.5510
-0.0047
0.06
-0.25
0.00
-0.07
-0.05
0.00
0
3
1
0
9340
0.2769
0.7872
0.5510
-0.0047
0.12
-0.06
-0.06
-0.06
-0.05
0.06
0
3
1
0
9351
0.2769
0.7872
0.5510
-0.0047
-0.12
-0.06
0.00
-0.07
-0.04
0.02
0
3
1
0
9360
0.2769
0.7872
0.5510
-0.0047
-0.06
-0.06
0.00
-0.05
-0.05
0.03
0
3
1
0
9370
0.2769
0.7872
0.5510
-0.0047
0.00
0.00
-0.12
-0.05
-0.04
0.03
0
3
1
0
9380
0.2769
0.7872
0.5510
-0.0047
-0.06
-0.06
-0.06
-0.08
-0.06
0.00
0
3
1
0
9391
0.2769
0.7872
0.5510
-0.0047
0.12
0.06
-0.19
-0.08
-0.08
0.02
0
3
1
0
9400
0.2769
0.7872
0.5510
-0.0047
0.12
0.06
-0.06
-0.05
-0.05
0.03
0
3
1
0
9410
0.2769
0.7872
0.5510
-0.0047
-0.12
-0.06
0.00
-0.09
-0.08
0.02
0
3
1
0
9420
0.2769
0.7872
0.5510
-0.0047
0.00
0.06
0.00
-0.07
-0.04
0.01
0
3
1
0
9431
0.2769
0.7872
0.5510
-0.0047
0.00
0.19
0.00
-0.05
-0.04
-0.01
0
3
1
0
9440
0.2769
0.7872
0.5510
-0.0047
0.00
-0.19
-0.06
-0.07
-0.07
0.01
0
3
1
0
9450
0.2769
0.7872
0.5510
-0.0047
-0.12
-0.12
-0.06
-0.05
-0.05
0.02
0
3
1
0
9460
0.2769
0.7872
0.5510
-0.0047
-0.19
-0.06
0.00
-0.08
-0.06
0.03
0
3
1
0
9470
0.2769
0.7872
0.5510
-0.0047
-0.19
0.00
-0.25
-0.06
-0.04
0.03
0
3
1
0
9480
0.2769
0.7872
0.5510
-0.0047
0.00
0.12
-0.06
-0.07
-0.02
0.00
0
3
1
0
9490
0.2769
0.7872
0.5510
-0.0047
0.00
0.06
-0.06
-0.07
-0.06
0.02
0
3
1
0
9500
0.2769
0.7872
0.5510
-0.0047
0.00
-0.06
0.00
-0.06
-0.05
0.04
0
3
1
0
9510
0.2769
0.7872
0.5510
-0.0047
0.12
0.06
-0.06
-0.05
-0.03
0.05
0
3
1
0
9520
0.2769
0.7872
0.5510
-0.0047
-0.06
-0.06
-0.19
-0.06
-0.05
0.01
0
3
1
0
9530
0.2769
0.7872
0.5510
-0.0047
-0.06
-0.12
-0.06
-0.09
-0.05
0.03
0
3
1
0
9540
0.2769
0.7872
0.5510
-0.0047
-0.12
0.06
0.06
-0.07
-0.04
0.00
0
3
1
0
9550
0.2769
0.7872
0.5510
-0.0047
0.00
0.12
0.00
-0.07
-0.04
0.01
0
3
1
0
9560
0.2769
0.7872
0.5510
-0.0047
0.12
0.06
0.00
-0.08
-0.05
0.04
0
3
1
0
9570
0.2769
0.7872
0.5510
-0.0047
0.00
0.06
-0.12
-0.05
-0.05
0.02
0
3
1
0
9580
0.2769
0.7872
0.5510
-0.0047
0.06
-0.19
0.00
-0.09
-0.06
0.03
0
3
1
0
9590
0.2769
0.7872
0.5510
-0.0047
0.12
-0.12
0.06
-0.08
-0.05
0.03
0
3
1
0
9600
0.2769
0.7872
0.5510
-0.0047
-0.06
0.00
0.06
-0.07
-0.06
0.03
0
3
1
0
9610
0.2769
0.7872
0.5510
-0.0047
-0.06
-0.06
-0.06
-0.08
-0.05
0.02
0
3
1
0
9620
0.2769
0.7872
0.5510
-0.0047
0.00
0.00
0.00
-0.04
-0.05
0.00
0
3
1
0
9629
0.2769
0.7872
0.5510
-0.0047
-0.06
-0.06
-0.06
-0.08
-0.07
0.00
0
3
1
0
9639
0.2769
0.7872
0.5510
-0.0047
0.06
-0.19
-0.12
-0.07
-0.04
0.02
0
3
1
0
9650
0.2769
0.7872
0.5510
-0.0047
0.06
-0.19
-0.12
-0.06
-0.05
0.01
0
3
1
0
9660
0.2769
0.7872
0.5510
-0.0047
0.00
0.00
-0.12
-0.06
-0.05
0.04
0
3
1
0
9670
0.2769
0.7872
0.5510
-0.0047
0.00
0.19
-0.06
-0.09
-0.03
0.01
0
3
1
0
9679
0.2769
0.7872
0.5510
-0.0047
-0.06
0.25
0.06
-0.06
-0.04
0.02
0
3
1
0
9690
0.2769
0.7872
0.5510
-0.0047
-0.12
0.12
0.00
-0.07
-0.05
0.00
0
3
1
0
9700
0.2769
0.7872
0.5510
-0.0047
0.00
0.00
-0.06
-0.05
-0.03
0.02
0
3
1
0
9709
0.2769
0.7872
0.5510
-0.0047
0.00
0.06
-0.06
-0.09
-0.08
0.03
0
3
1
0
9719
0.2769
0.7872
0.5510
-0.0047
0.00
-0.06
-0.06
-0.05
-0.04
0.01
0
3
1
0
9730
0.2769
0.7872
0.5510
-0.0047
0.00
-0.25
0.12
-0.07
-0.04
0.00
0
3
1
0
9740
0.2769
0.7872
0.5510
-0.0047
0.06
-0.06
-0.06
-0.08
-0.05
0.03
0
3
1
0
9749
0.2769
0.7872
0.5510
-0.0047
0.12
-0.06
0.06
-0.06
-0.02
0.02
0
3
1
0
9760
0.2769
0.7872
0.5510
-0.0047
0.00
-0.06
0.00
-0.04
-0.05
0.01
0
3
1
0
9769
0.2769
0.7872
0.5510
-0.0047
-0.06
-0.19
0.12
-0.09
-0.04
0.02
0
3
1
0
9780
0.2769
0.7872
0.5510
-0.0047
0.06
0.06
-0.06
-0.06
-0.04
0.03
0
3
1
0
9790
0.2769
0.7872
0.5510
-0.0047
0.00
0.00
-0.06
-0.07
-0.03
0.00
0
3
1
0
9799
0.2769
0.7872
0.5510
-0.0047
0.00
-0.06
0.19
-0.08
-0.06
0.03
0
3
1
0
9809
0.2769
0.7872
0.5510
-0.0047
0.06
0.06
0.06
-0.06
-0.04
0.03
0
3
1
0
9820
0.2769
0.7872
0.5510
-0.0047
0.06
-0.06
0.06
-0.06
-0.05
0.00
0
3
1
0
9829
0.2769
0.7872
0.5510
-0.0047
-0.06
-0.06
0.06
-0.07
-0.07
0.00
0
3
1
0
9839
0.2769
0.7872
0.5510
-0.0047
0.06
0.00
-0.06
-0.07
-0.06
0.00
0
3
1
0
9849
0.2769
0.7872
0.5510
-0.0047
0.00
-0.06
-0.06
-0.06
-0.06
0.01
0
3
1
0
9860
0.2769
0.7872
0.5510
-0.0047
-0.12
-0.06
0.06
-0.05
-0.04
0.02
0
3
1
0
9870
0.2769
0.7872
0.5510
-0.0047
0.06
0.06
0.00
-0.06
-0.03
0.02
0
3
1
0
9879
0.2769
0.7872
0.5510
-0.0047
0.06
-0.12
0.00
-0.09
-0.07
0.01
0
3
1
0
9889
0.2769
0.7872
0.5510
-0.0047
0.06
0.00
0.06
-0.08
-0.05
0.00
0
3
1
0
9900
0.2769
0.7872
0.5510
-0.0047
-0.12
-0.19
-0.06
-0.06
-0.05
0.03
0
3
1
0
9910
0.2769
0.7872
0.5510
-0.0047
-0.06
-0.06
0.00
-0.09
-0.06
0.02
0
3
1
0
9919
0.2769
0.7872
0.5510
-0.0047
-0.06
0.06
0.19
-0.07
-0.05
0.02
0
3
1
0
9929
0.2769
0.7872
0.5510
-0.0047
-0.19
0.12
0.00
-0.07
-0.08
0.02
0
3
1
0
9939
0.2769
0.7872
0.5510
-0.0047
0.00
0.06
0.25
-0.08
-0.05
0.06
0
3
1
0
9949
0.2769
0.7872
0.5510
-0.0047
0.12
0.00
-0.06
-0.06
-0.04
0.03
0
3
1
0
9960
0.2769
0.7872
0.5510
-0.0047
0.00
-0.06
0.19
-0.05
-0.06
0.03
0
3
1
0
9969
0.2769
0.7872
0.5510
-0.0047
0.00
-0.31
0.06
-0.08
-0.05
0.03
0
3
1
0
9979
0.2769
0.7872
0.5510
-0.0047
0.06
-0.19
0.00
-0.07
-0.04
0.00
0
3
1
0
9989
0.2769
0.7872
0.5510
-0.0047
0.06
0.00
0.12
-0.09
-0.07
0.01
0
3
1
0
9999
0.2769
0.7872
0.5510
-0.0047
0.00
-0.12
0.00
-0.05
-0.03
0.01
0
3
1
0
10009
0.2769
0.7872
0.5510
-0.0047
0.00
-0.06
0.06
-0.06
-0.07
0.04
0
3
1
0
10019
0.2769
0.7872
0.5510
-0.0047
-0.06
-0.06
-0.12
-0.06
-0.07
0.05
0
3
1
0
10030
0.2769
0.7872
0.5510
-0.0047
-0.06
-0.19
0.06
-0.07
-0.01
0.02
0
3
1
0
10039
0.2769
0.7872
0.5510
-0.0047
0.06
-0.12
0.00
-0.07
-0.05
0.03
0
3
1
0
10049
0.2769
0.7872
0.5510
-0.0047
0.00
-0.19
0.12
-0.07
-0.06
0.02
0
3
1
0
10059
0.2769
0.7872
0.5510
-0.0047
-0.06
0.06
0.06
-0.06
-0.05
0.03
0
3
1
0
10070
0.2769
0.7872
0.5510
-0.0047
0.00
-0.06
0.00
-0.07
-0.08
0.03
0
3
1
0
10079
0.2769
0.7872
0.5510
-0.0047
-0.06
0.00
0.12
-0.06
-0.04
0.00
0
3
1
0
10089
0.2769
0.7872
0.5510
-0.0047
-0.06
-0.12
0.12
-0.06
-0.04
0.02
0
3
1
0
10099
0.2769
0.7872
0.5510
-0.0047
0.00
-0.19
0.06
-0.08
-0.07
0.02
0
3
1
0
10109
0.2769
0.7872
0.5510
-0.0047
-0.06
-0.12
0.06
-0.05
-0.05
0.02
0
3
1
0
10119
0.2769
0.7872
0.5510
-0.0047
0.00
0.00
-0.06
-0.08
-0.05
0.03
0
3
1
0
10129
0.2769
0.7872
0.5510
-0.0047
-0.12
-0.06
0.06
-0.07
-0.06
0.03
0
3
1
0
10139
0.2769
0.7872
0.5510
-0.0047
0.12
-0.12
0.12
-0.07
-0.05
0.01
0
3
1
0
10149
0.2769
0.7872
0.5510
-0.0047
0.06
-0.12
0.00
-0.08
-0.05
0.04
0
3
1
0
10160
0.2769
0.7872
0.5510
-0.0047
0.06
-0.06
0.00
-0.07
-0.05
0.01
0
3
1
0
10169
0.2769
0.7872
0.5510
-0.0047
-0.12
0.00
0.00
-0.07
-0.02
0.04
0
3
1
0
10179
0.2769
0.7872
0.5510
-0.0047
-0.06
-0.06
0.00
-0.08
-0.07
0.01
0
3
1
0
10189
0.2769
0.7872
0.5510
-0.0047
-0.12
-0.06
-0.06
-0.08
-0.04
0.03
0
3
1
0
10200
0.2769
0.7872
0.5510
-0.0047
0.06
-0.06
-0.12
-0.07
-0.06
0.04
0
3
1
0
10209
0.2769
0.7872
0.5510
-0.0047
-0.06
0.06
0.06
-0.10
-0.05
0.02
0
3
1
0
10219
0.2769
0.7872
0.5510
-0.0047
0.06
0.31
0.06
-0.08
-0.04
0.02
0
3
1
0
10229
0.2769
0.7872
0.5510
-0.0047
0.06
0.00
0.00
-0.06
-0.05
0.02
0
3
1
0
10238
0.2769
0.7872
0.5510
-0.0047
0.00
-0.06
-0.06
-0.08
-0.05
0.02
0
3
1
0
10249
0.2769
0.7872
0.5510
-0.0047
0.00
-0.19
0.00
-0.07
-0.04
0.03
0
3
1
0
10259
0.2769
0.7872
0.5510
-0.0047
0.06
-0.12
0.00
-0.07
-0.05
0.01
0
3
1
0
10269
0.2769
0.7872
0.5510
-0.0047
0.00
0.12
0.06
-0.07
-0.04
0.02
0
3
1
0
10278
0.2769
0.7872
0.5510
-0.0047
0.00
0.12
0.00
-0.07
-0.02
0.01
0
3
1
0
10289
0.2769
0.7872
0.5510
-0.0047
0.00
-0.06
0.12
-0.08
-0.08
0.05
0
3
1
0
10299
0.2769
0.7872
0.5510
-0.0047
0.00
0.12
0.00
-0.07
-0.05
0.03
0
3
1
0
10309
0.2769
0.7872
0.5510
-0.0047
-0.12
0.06
0.00
-0.08
-0.05
0.02
0
3
1
0
10318
0.2769
0.7872
0.5510
-0.0047
0.06
0.00
0.12
-0.07
-0.06
0.04
0
3
1
0
10329
0.2769
0.7872
0.5510
-0.0047
0.12
-0.06
0.00
-0.07
-0.04
0.00
0
3
1
0
10339
0.2769
0.7872
0.5510
-0.0047
-0.19
-0.06
0.19
-0.05
-0.04
0.02
0
3
1
0
10349
0.2769
0.7872
0.5510
-0.0047
-0.06
-0.12
0.06
-0.08
-0.05
0.03
0
3
1
0
10359
0.2769
0.7872
0.5510
-0.0047
0.06
0.12
0.00
-0.06
-0.04
0.03
0
3
1
0
10369
0.2769
0.7872
0.5510
-0.0047
-0.06
0.06
0.06
-0.08
-0.07
0.01
0
3
1
0
10379
0.2769
0.7872
0.5510
-0.0047
0.06
0.19
0.06
-0.08
-0.07
0.03
0
3
1
0
10389
0.2769
0.7872
0.5510
-0.0047
0.12
-0.06
0.19
-0.06
-0.05
0.04
0
3
1
0
10398
0.2769
0.7872
0.5510
-0.0047
0.31
0.12
0.00
