
00
0.00
0.02
0
3
1
0
211772
0.1281
0.9861
-
0
3
1
0
211762
0.1281
0.9861
-0.1058
0.0001
-0.06
0.00
0.12
0.00
0.00
0.02
0
3
1
0
211772
0.1281
0.9861
-0.10NC¡1575
0.0000
0.0000
0.0000
0.0000
0.00
0.00
0.00
0.00
0.00
0.00
0
0
0
0
1585
0.0000
0.0000
0.0000
0.0000
0.00
0.00
0.00
0.00
0.00
0.00
0
0
0
0
1593
0.0000
0.0000
0.0000
0.0000
0.00
0.00
0.00
0.00
0.00
0.00
0
0
0
0
1602
0.0000
0.0000
0.0000
0.0000
0.00
0.00
0.00
0.00
0.00
0.00
0
0
0
0
1611
0.0000
0.0000
0.0000
0.0000
0.00
0.00
0.00
0.00
0.00
0.00
0
0
0
0
1619
0.0000
0.0000
0.0000
0.0000
0.00
0.00
0.00
0.00
0.00
0.00
0
0
0
0
1629
0.0000
0.0000
0.0000
0.0000
0.00
0.00
0.00
0.00
0.00
0.00
0
0
0
0
1637
0.0000
0.0000
0.0000
0.0000
0.00
0.00
0.00
0.00
0.00
0.00
0
0
0
0
1646
0.0000
0.0000
0.0000
0.0000
0.00
0.00
0.00
0.00
0.00
0.00
0
0
0
0
1654
0.0000
0.0000
0.0000
0.0000
0.00
0.00
0.00
0.00
0.00
0.00
0
0
0
0
1664
0.0000
0.0000
0.0000
0.0000
0.00
0.00
0.00
0.00
0.00
0.00
0
0
0
0
1672
0.0000
0.0000
0.0000
0.0000
0.00
0.00
0.00
0.00
0.00
0.00
0
0
0
0
1681
0.0000
0.0000
0.0000
0.0000
0.00
0.00
0.00
0.00
0.00
0.00
0
0
0
0
1690
0.0000
0.0000
0.0000
0.0000
0.00
0.00
0.00
0.00
0.00
0.00
0
0
0
0
1698
0.0000
0.0000
0.0000
0.0000
0.00
0.00
0.00
0.00
0.00
0.00
0
0
0
0
1708
0.0000
0.0000
0.0000
0.0000
0.00
0.00
0.00
0.00
0.00
0.00
0
0
0
0
1716
0.0000
0.0000
0.0000
0.0000
0.00
0.00
0.00
0.00
0.00
0.00
0
0
0
0
1725
0.0000
0.0000
0.0000
0.0000
0.00
0.00
0.00
0.00
0.00
0.00
0
0
0
0
1733
0.0000
0.0000
0.0000
0.0000
0.00
0.00
0.00
0.00
0.00
0.00
0
0
0
0
1742
0.0000
0.0000
0.0000
0.0000
0.00
0.00
0.00
0.00
0.00
0.00
0
0
0
0
1751
0.0000
0.0000
0.0000
0.0000
0.00
0.00
0.00
0.00
0.00
0.00
0
0
0
0
1760
0.0000
0.0000
0.0000
0.0000
0.00
0.00
0.00
0.00
0.00
0.00
0
0
0
0
1768
0.0000
0.0000
0.0000
0.0000
0.00
0.00
0.00
0.00
0.00
0.00
0
0
0
0
1777
0.0000
0.0000
0.0000
0.0000
0.00
0.00
0.00
0.00
0.00
0.00
0
0
0
0
1786
0.0000
0.0000
0.0000
0.0000
0.00
0.00
0.00
0.00
0.00
0.00
0
0
0
0
1795
0.0000
0.0000
0.0000
0.0000
0.00
0.00
0.00
0.00
0.00
0.00
0
0
0
0
1804
0.0000
0.0000
0.0000
0.0000
0.00
0.00
0.00
0.00
0.00
0.00
0
0
0
0
1812
0.0000
0.0000
0.0000
0.0000
0.00
0.00
0.00
0.00
0.00
0.00
0
0
0
0
1821
0.0000
0.0000
0.0000
0.0000
0.00
0.00
0.00
0.00
0.00
0.00
0
0
0
0
1829
0.0000
0.0000
0.0000
0.0000
0.00
0.00
0.00
0.00
0.00
0.00
0
0
0
0
1839
0.0000
0.0000
0.0000
0.0000
0.00
0.00
0.00
0.00
0.00
0.00
0
0
0
0
1847
0.0000
0.0000
0.0000
0.0000
0.00
0.00
0.00
0.00
0.00
0.00
0
0
0
0
1856
0.0000
0.0000
0.0000
0.0000
0.00
0.00
0.00
0.00
0.00
0.00
0
0
0
0
1865
0.0000
0.0000
0.0000
0.0000
0.00
0.00
0.00
0.00
0.00
0.00
0
0
0
0
1873
0.0000
0.0000
0.0000
0.0000
0.00
0.00
0.00
0.00
0.00
0.00
0
0
0
0
1883
0.0000
0.0000
0.0000
0.0000
0.00
0.00
0.00
0.00
0.00
0.00
0
0
0
0
1891
0.0000
0.0000
0.0000
0.0000
0.00
0.00
0.00
0.00
0.00
0.00
0
0
0
0
1900
0.0000
0.0000
0.0000
0.0000
0.00
0.00
0.00
0.00
0.00
0.00
0
0
0
0
1908
0.0000
0.0000
0.0000
0.0000
0.00
0.00
0.00
0.00
0.00
0.00
0
0
0
0
1917
0.0000
0.0000
0.0000
0.0000
0.00
0.00
0.00
0.00
0.00
0.00
0
0
0
0
1926
0.0000
0.0000
0.0000
0.0000
0.00
0.00
0.00
0.00
0.00
0.00
0
0
0
0
1935
0.0000
0.0000
0.0000
0.0000
0.00
0.00
0.00
0.00
0.00
0.00
0
0
0
0
1944
0.0000
0.0000
0.0000
0.0000
0.00
0.00
0.00
0.00
0.00
0.00
0
0
0
0
1952
0.0000
0.0000
0.0000
0.0000
0.00
0.00
0.00
0.00
0.00
0.00
0
0
0
0
1961
0.0000
0.0000
0.0000
0.0000
0.00
0.00
0.00
0.00
0.00
0.00
0
0
0
0
1970
0.0000
0.0000
0.0000
0.0000
0.00
0.00
0.00
0.00
0.00
0.00
0
0
0
0
1979
0.0000
0.0000
0.0000
0.0000
0.00
0.00
0.00
0.00
0.00
0.00
0
0
0
0
1987
0.0000
0.0000
0.0000
0.0000
0.00
0.00
0.00
0.00
0.00
0.00
0
0
0
0
1996
0.0000
0.0000
0.0000
0.0000
0.00
0.00
0.00
0.00
0.00
0.00
0
0
0
0
2004
0.0000
0.0000
0.0000
0.0000
0.00
0.00
0.00
0.00
0.00
0.00
0
0
0
0
2014
0.0000
0.0000
0.0000
0.0000
0.00
0.00
0.00
0.00
0.00
0.00
0
0
0
0
2023
0.0000
0.0000
0.0000
0.0000
0.00
0.00
0.00
0.00
0.00
0.00
0
0
0
0
2031
0.0000
0.0000
0.0000
0.0000
0.00
0.00
0.00
0.00
0.00
0.00
0
0
0
0
2040
0.0000
0.0000
0.0000
0.0000
0.00
0.00
0.00
0.00
0.00
0.00
0
0
0
0
2051
0.0000
0.0000
0.0000
0.0000
0.00
0.00
0.00
0.00
0.00
0.00
0
0
0
0
2060
0.0000
0.0000
0.0000
0.0000
0.00
0.00
0.00
0.00
0.00
0.00
0
0
0
0
2072
0.0000
0.0000
0.0000
0.0000
0.00
0.00
0.00
0.00
0.00
0.00
0
3
0
0
2081
0.0000
0.0000
0.0000
0.0000
0.12
0.12
0.00
0.00
0.00
0.00
0
3
0
0
2092
0.0000
0.0000
0.0000
0.0000
0.00
0.19
-0.06
0.00
0.00
0.00
0
3
0
0
2103
0.0000
0.0000
0.0000
0.0000
-0.06
-0.06
-0.06
0.00
0.00
0.00
0
3
0
0
2115
0.0000
0.0000
0.0000
0.0000
-0.06
-0.06
0.00
0.00
0.00
0.00
0
3
0
0
2127
0.0000
0.0000
0.0000
0.0000
-0.06
0.06
0.00
0.01
-0.06
0.17
0
3
0
0
2139
0.1288
0.9870
-0.0001
-0.0001
0.12
-0.06
0.00
0.00
-0.06
0.15
0
3
0
0
2149
0.1288
0.9870
-0.0001
-0.0001
0.06
0.06
-0.06
0.02
-0.05
0.16
0
3
0
0
2159
0.1288
0.9870
-0.0960
0.0001
-0.06
-0.25
0.00
0.02
-0.05
0.15
0
3
0
0
2169
0.1288
0.9870
-0.0960
0.0001
-0.06
-0.06
-0.12
0.00
-0.08
0.17
0
3
0
0
2180
0.1288
0.9870
-0.0960
0.0001
0.00
0.00
0.06
0.01
-0.06
0.14
0
3
0
0
2190
0.1288
0.9870
-0.0960
0.0001
-0.12
0.00
-0.06
0.01
-0.05
0.15
0
3
0
0
2200
0.1288
0.9870
-0.0960
0.0001
-0.12
0.00
0.19
0.01
-0.05
0.15
0
3
0
0
2210
0.1288
0.9870
-0.0960
0.0001
0.12
0.06
0.19
0.01
-0.06
0.17
0
3
0
0
2220
0.1288
0.9870
-0.0960
0.0001
0.19
-0.06
0.12
0.01
-0.05
0.16
0
3
1
0
2230
0.1288
0.9870
-0.0960
0.0001
-0.19
-0.12
-0.06
0.00
-0.01
-0.01
0
3
1
0
2240
0.1288
0.9870
-0.0960
0.0001
-0.12
-0.19
0.00
0.02
-0.02
-0.02
0
3
1
0
2250
0.1288
0.9870
-0.0960
0.0001
0.06
-0.12
0.06
0.00
0.00
-0.01
0
3
1
0
2259
0.1288
0.9870
-0.0960
0.0001
0.00
0.06
0.06
0.01
0.00
0.02
0
3
1
0
2270
0.1288
0.9870
-0.0960
0.0001
0.00
0.06
-0.06
0.00
-0.01
0.00
0
3
1
0
2280
0.1288
0.9870
-0.0960
0.0001
0.25
0.12
0.12
0.00
0.01
0.01
0
3
1
0
2290
0.1288
0.9870
-0.0960
0.0001
-0.12
0.00
0.00
0.00
-0.01
-0.03
0
3
1
0
2299
0.1288
0.9870
-0.0960
0.0001
-0.06
0.19
-0.19
0.00
0.00
0.00
0
3
1
0
2310
0.1288
0.9870
-0.0960
0.0001
0.00
-0.12
0.12
0.02
0.00
0.00
0
3
1
0
2320
0.1288
0.9870
-0.0960
0.0001
0.12
-0.06
0.00
0.02
0.00
0.00
0
3
1
0
2330
0.1288
0.9870
-0.0960
0.0001
0.00
0.00
0.06
0.01
0.00
-0.01
0
3
1
0
2339
0.1288
0.9870
-0.0960
0.0001
-0.12
-0.06
0.00
0.01
-0.02
-0.01
0
3
1
0
2350
0.1288
0.9870
-0.0960
0.0001
-0.06
-0.06
0.12
0.00
-0.01
-0.01
0
3
1
0
2360
0.1288
0.9870
-0.0960
0.0001
-0.06
-0.12
0.19
0.03
0.00
-0.02
0
3
1
0
2370
0.1288
0.9870
-0.0960
0.0001
-0.12
-0.12
-0.06
0.04
0.00
0.00
0
3
1
0
2379
0.1288
0.9870
-0.0960
0.0001
0.12
0.00
0.00
0.00
0.00
0.00
0
3
1
0
2390
0.1288
0.9870
-0.0960
0.0001
0.19
-0.12
0.12
0.02
-0.02
-0.02
0
3
1
0
2400
0.1288
0.9870
-0.0960
0.0001
0.06
0.06
-0.12
0.02
0.00
0.00
0
3
1
0
2410
0.1288
0.9870
-0.0960
0.0001
-0.06
-0.06
-0.06
0.00
0.00
0.00
0
3
1
0
2420
0.1288
0.9870
-0.0960
0.0001
-0.19
-0.12
0.06
0.02
0.00
0.00
0
3
1
0
2429
0.1288
0.9870
-0.0960
0.0001
-0.06
-0.12
0.00
0.00
-0.01
0.02
0
3
1
0
2440
0.1288
0.9870
-0.0960
0.0001
-0.12
-0.19
0.00
0.02
-0.01
0.00
0
3
1
0
2450
0.1288
0.9870
-0.0960
0.0001
-0.06
-0.12
0.00
0.01
0.00
0.00
0
3
1
0
2459
0.1288
0.9870
-0.0960
0.0001
0.00
0.00
0.06
0.02
0.00
-0.01
0
3
1
0
2469
0.1288
0.9870
-0.0960
0.0001
0.06
0.00
0.00
0.04
0.00
0.00
0
3
1
0
2480
0.1288
0.9870
-0.0960
0.0001
0.00
0.06
0.06
0.03
0.01
0.00
0
3
1
0
2490
0.1288
0.9870
-0.0960
0.0001
0.00
-0.06
-0.06
0.00
0.00
0.00
0
3
1
0
2499
0.1288
0.9870
-0.0960
0.0001
0.19
0.00
0.06
0.00
0.00
-0.02
0
3
1
0
2509
0.1288
0.9870
-0.0960
0.0001
0.00
0.00
0.12
0.01
0.00
0.01
0
3
1
0
2520
0.1288
0.9870
-0.0960
0.0001
0.00
0.06
-0.06
0.00
0.00
-0.01
0
3
1
0
2530
0.1288
0.9870
-0.0960
0.0001
-0.06
-0.06
0.06
0.00
-0.03
0.04
0
3
1
0
2539
0.1288
0.9870
-0.0960
0.0001
0.00
-0.25
0.00
0.00
-0.01
-0.03
0
3
1
0
2549
0.1288
0.9870
-0.0960
0.0001
0.00
-0.06
0.00
0.00
-0.02
-0.03
0
3
1
0
2560
0.1288
0.9870
-0.0960
0.0001
0.00
0.06
-0.12
0.00
0.00
0.01
0
3
1
0
2570
0.1288
0.9870
-0.0960
0.0001
-0.06
0.12
0.06
0.00
0.00
0.00
0
3
1
0
2579
0.1288
0.9870
-0.0960
0.0001
-0.06
-0.12
0.06
0.00
0.00
0.01
0
3
1
0
2589
0.1288
0.9870
-0.0960
0.0001
-0.06
0.00
0.06
0.01
0.00
-0.01
0
3
1
0
2599
0.1288
0.9870
-0.0960
0.0001
0.06
-0.06
0.12
0.02
0.00
0.01
0
3
1
0
2610
0.1288
0.9870
-0.0960
0.0001
0.06
0.06
0.06
0.00
0.00
-0.03
0
3
1
0
2620
0.1288
0.9870
-0.0960
0.0001
-0.12
-0.19
0.00
0.02
0.00
0.00
0
3
1
0
2629
0.1288
0.9870
-0.0960
0.0001
0.00
0.00
0.06
0.01
0.01
-0.02
0
3
1
0
2639
0.1288
0.9870
-0.0960
0.0001
0.12
0.06
0.12
0.01
-0.04
0.00
0
3
1
0
2650
0.1288
0.9870
-0.0960
0.0001
0.06
-0.12
0.00
0.03
0.00
-0.01
0
3
1
0
2660
0.1288
0.9870
-0.0960
0.0001
0.00
0.31
-0.19
0.01
0.01
0.00
0
3
1
0
2670
0.1288
0.9870
-0.0960
0.0001
0.00
0.12
0.12
0.03
0.00
0.00
0
3
1
0
2679
0.1288
0.9870
-0.0960
0.0001
0.12
-0.12
0.12
0.00
-0.02
0.02
0
3
1
0
2690
0.1288
0.9870
-0.0960
0.0001
-0.12
0.12
-0.06
0.00
-0.01
0.00
0
3
1
0
2700
0.1288
0.9870
-0.0960
0.0001
-0.12
-0.12
-0.06
0.00
0.01
0.00
0
3
1
0
2709
0.1288
0.9870
-0.0960
0.0001
0.06
-0.06
0.19
0.00
0.00
0.00
0
3
1
0
2719
0.1288
0.9870
-0.0960
0.0001
0.06
0.06
0.12
0.02
-0.01
-0.01
0
3
1
0
2729
0.1288
0.9870
-0.0960
0.0001
0.00
0.19
-0.06
0.00
-0.01
0.00
0
3
1
0
2740
0.1288
0.9870
-0.0960
0.0001
0.00
-0.06
-0.25
0.01
0.00
-0.02
0
3
1
0
2749
0.1288
0.9870
-0.0960
0.0001
0.06
-0.06
0.12
0.00
-0.01
0.00
0
3
1
0
2759
0.1288
0.9870
-0.0960
0.0001
0.00
-0.06
0.00
0.01
-0.01
0.00
0
3
1
0
2769
0.1288
0.9870
-0.0960
0.0001
-0.12
0.00
0.00
0.00
0.00
0.01
0
3
1
0
2780
0.1288
0.9870
-0.0960
0.0001
0.00
-0.12
0.12
0.00
-0.01
0.00
0
3
1
0
2789
0.1288
0.9870
-0.0960
0.0001
0.25
-0.12
0.19
0.00
-0.01
-0.01
0
3
1
0
2799
0.1288
0.9870
-0.0960
0.0001
-0.12
-0.06
0.12
0.01
0.00
-0.01
0
3
1
0
2809
0.1288
0.9870
-0.0960
0.0001
-0.06
-0.06
-0.12
0.02
-0.01
-0.01
0
3
1
0
2820
0.1288
0.9870
-0.0960
0.0001
0.06
-0.06
-0.06
0.02
-0.02
-0.01
0
3
1
0
2829
0.1288
0.9870
-0.0960
0.0001
0.00
-0.19
0.06
0.03
0.00
0.00
0
3
1
0
2839
0.1288
0.9870
-0.0960
0.0001
0.00
0.00
-0.19
0.00
0.01
0.00
0
3
1
0
2849
0.1288
0.9870
-0.0960
0.0001
0.06
0.00
-0.06
0.00
0.00
-0.01
0
3
1
0
2860
0.1288
0.9870
-0.0960
0.0001
0.12
-0.12
0.00
0.02
-0.02
0.01
0
3
1
0
2870
0.1288
0.9870
-0.0960
0.0001
-0.12
0.06
-0.12
0.03
0.01
0.00
0
3
1
0
2879
0.1288
0.9870
-0.0960
0.0001
-0.06
-0.12
-0.12
0.00
-0.01
0.01
0
3
1
0
2889
0.1288
0.9870
-0.0960
0.0001
-0.12
0.06
0.00
0.00
0.00
0.01
0
3
1
0
2899
0.1288
0.9870
-0.0960
0.0001
0.00
0.06
0.00
0.00
0.00
-0.02
0
3
1
0
2909
0.1288
0.9870
-0.0960
0.0001
0.00
0.00
-0.12
0.00
0.00
0.02
0
3
1
0
2919
0.1288
0.9870
-0.0960
0.0001
0.00
-0.19
-0.06
0.02
0.00
0.01
0
3
1
0
2929
0.1288
0.9870
-0.0960
0.0001
0.06
0.06
-0.06
0.00
-0.02
0.00
0
3
1
0
2939
0.1288
0.9870
-0.0960
0.0001
0.12
-0.06
0.00
0.02
-0.01
0.00
0
3
1
0
2949
0.1288
0.9870
-0.0960
0.0001
-0.06
-0.06
0.06
0.01
-0.01
0.00
0
3
1
0
2959
0.1288
0.9870
-0.0960
0.0001
0.00
-0.31
0.06
0.02
-0.02
0.01
0
3
1
0
2969
0.1288
0.9870
-0.0960
0.0001
0.06
0.06
-0.12
0.00
0.00
-0.01
0
3
1
0
2979
0.1288
0.9870
-0.0960
0.0001
-0.12
0.00
-0.19
0.00
0.01
-0.01
0
3
1
0
2990
0.1288
0.9870
-0.0960
0.0001
-0.19
0.06
0.00
0.01
0.00
0.01
0
3
1
0
2999
0.1288
0.9870
-0.0960
0.0001
0.00
0.00
-0.06
0.01
-0.02
0.00
0
3
1
0
3009
0.1288
0.9870
-0.0960
0.0001
-0.06
0.00
-0.06
0.01
0.00
-0.01
0
3
1
0
3019
0.1288
0.9870
-0.0960
0.0001
-0.06
-0.12
0.00
0.01
-0.02
0.02
0
3
1
0
3030
0.1288
0.9870
-0.0960
0.0001
0.19
-0.12
-0.12
0.02
0.01
0.02
0
3
1
0
3039
0.1288
0.9870
-0.0960
0.0001
-0.06
-0.31
-0.12
0.00
0.00
0.00
0
3
1
0
3049
0.1288
0.9870
-0.0960
0.0001
0.00
-0.19
0.00
0.00
-0.01
-0.03
0
3
1
0
3059
0.1288
0.9870
-0.0960
0.0001
0.00
0.00
-0.19
0.00
0.00
0.00
0
3
1
0
3069
0.1288
0.9870
-0.0960
0.0001
-0.06
-0.19
-0.12
0.01
0.00
-0.01
0
3
1
0
3079
0.1288
0.9870
-0.0960
0.0001
0.00
0.06
-0.12
0.00
0.00
-0.01
0
3
1
0
3089
0.1288
0.9870
-0.0960
0.0001
0.12
0.06
-0.06
0.01
-0.02
0.00
0
3
1
0
3099
0.1288
0.9870
-0.0960
0.0001
0.00
-0.06
0.06
0.01
0.00
-0.01
0
3
1
0
3108
0.1288
0.9870
-0.0960
0.0001
-0.19
0.00
0.00
0.02
0.00
-0.03
0
3
1
0
3119
0.1288
0.9870
-0.0960
0.0001
-0.06
-0.06
-0.06
0.00
0.00
0.01
0
3
1
0
3129
0.1288
0.9870
-0.0960
0.0001
0.06
-0.12
0.00
0.00
0.01
0.00
0
3
1
0
3139
0.1288
0.9870
-0.0960
0.0001
0.06
-0.12
-0.12
0.00
-0.01
0.00
0
3
1
0
3149
0.1288
0.9870
-0.0960
0.0001
0.06
0.00
-0.19
0.03
0.00
0.00
0
3
1
0
3159
0.1288
0.9870
-0.0960
0.0001
0.06
0.06
-0.06
0.01
0.00
-0.01
0
3
1
0
3169
0.1288
0.9870
-0.0960
0.0001
0.00
0.19
0.06
0.02
0.00
0.01
0
3
1
0
3179
0.1288
0.9870
-0.0960
0.0001
-0.06
0.06
-0.06
0.02
0.00
0.00
0
3
1
0
3189
0.1288
0.9870
-0.0960
0.0001
-0.06
-0.12
-0.19
0.00
0.00
-0.01
0
3
1
0
3198
0.1288
0.9870
-0.0960
0.0001
0.06
-0.19
0.00
0.00
0.00
0.00
0
3
1
0
3209
0.1288
0.9870
-0.0960
0.0001
0.00
0.06
0.06
0.01
-0.01
-0.01
0
3
1
0
3219
0.1288
0.9870
-0.0960
0.0001
0.00
0.00
-0.06
0.00
-0.01
0.01
0
3
1
0
3229
0.1288
0.9870
-0.0960
0.0001
-0.06
-0.25
-0.12
0.01
0.00
-0.01
0
3
1
0
3238
0.1288
0.9870
-0.0960
0.0001
0.06
0.00
0.00
0.03
0.00
-0.04
0
3
1
0
3249
0.1288
0.9870
-0.0960
0.0001
0.00
0.00
-0.12
0.02
-0.01
0.01
0
3
1
0
3259
0.1288
0.9870
-0.0960
0.0001
-0.12
0.06
-0.06
0.01
-0.01
0.00
0
3
1
0
3269
0.1288
0.9870
-0.0960
0.0001
0.06
0.06
0.06
0.01
0.00
0.00
0
3
1
0
3278
0.1288
0.9870
-0.0960
0.0001
0.00
0.12
0.19
-0.01
-0.02
0.02
0
3
1
0
3289
0.1288
0.9870
-0.0960
0.0001
-0.06
0.06
-0.06
0.00
-0.01
-0.01
0
3
1
0
3299
0.1288
0.9870
-0.0960
0.0001
-0.06
0.06
-0.06
0.01
-0.01
0.00
0
3
1
0
3309
0.1288
0.9870
-0.0960
0.0001
-0.06
0.12
-0.06
0.01
-0.01
0.00
0
3
1
0
3319
0.1288
0.9870
-0.0960
0.0001
0.00
0.00
-0.06
0.03
-0.01
-0.01
0
3
1
0
3329
0.1288
0.9870
-0.0960
0.0001
-0.06
-0.06
0.00
0.00
0.00
0.00
0
3
1
0
3339
0.1288
0.9870
-0.0960
0.0001
-0.06
0.00
0.00
0.00
0.00
0.00
0
3
1
0
3348
0.1288
0.9870
-0.0960
0.0001
0.06
-0.25
0.25
0.02
0.00
-0.01
0
3
1
0
3358
0.1288
0.9870
-0.0960
0.0001
0.12
0.06
0.19
0.01
0.01
-0.01
0
3
1
0
3368
0.1288
0.9870
-0.0960
0.0001
-0.06
0.00
0.06
0.00
0.00
0.02
0
3
1
0
3379
0.1288
0.9870
-0.0960
0.0001
0.00
0.00
0.12
0.02
0.00
-0.02
0
3
1
0
3389
0.1288
0.9870
-0.0960
0.0001
-0.06
-0.12
-0.06
0.00
0.00
-0.01
0
3
1
0
3398
0.1288
0.9870
-0.0960
0.0001
-0.25
-0.06
0.00
0.00
-0.01
0.00
0
3
1
0
3408
0.1288
0.9870
-0.0960
0.0001
0.00
-0.12
0.06
0.02
-0.01
0.00
0
3
1
0
3419
0.1288
0.9870
-0.0960
0.0001
0.06
-0.19
0.12
0.02
-0.01
0.00
0
3
1
0
3429
0.1288
0.9870
-0.0960
0.0001
0.00
-0.12
0.06
0.00
0.00
0.03
0
3
1
0
3438
0.1288
0.9870
-0.0960
0.0001
0.00
-0.06
0.06
0.00
0.00
0.00
0
3
1
0
3448
0.1288
0.9870
-0.0960
0.0001
0.06
-0.12
0.19
0.01
0.00
0.00
0
3
1
0
3459
0.1288
0.9870
-0.0960
0.0001
-0.06
0.00
0.00
0.01
0.00
0.00
0
3
1
0
3469
0.1288
0.9870
-0.0960
0.0001
0.06
-0.06
-0.12
0.01
0.00
0.00
0
3
1
0
3479
0.1288
0.9870
-0.0960
0.0001
-0.12
-0.12
0.00
0.01
0.00
-0.01
0
3
1
0
3488
0.1288
0.9870
-0.0960
0.0001
0.06
-0.19
0.25
0.02
-0.03
0.00
0
3
1
0
3499
0.1288
0.9870
-0.0960
0.0001
0.06
0.06
0.06
0.00
0.00
0.01
0
3
1
0
3509
0.1288
0.9870
-0.0960
0.0001
0.00
-0.12
0.19
0.01
-0.01
0.00
0
3
1
0
3519
0.1288
0.9870
-0.0960
0.0001
0.00
0.00
0.12
0.00
0.00
0.00
0
3
1
0
3528
0.1288
0.9870
-0.0960
0.0001
0.00
0.06
0.00
0.04
-0.01
0.00
0
3
1
0
3538
0.1288
0.9870
-0.0960
0.0001
-0.06
-0.12
-0.06
0.01
0.00
-0.02
0
3
1
0
3549
0.1288
0.9870
-0.0960
0.0001
-0.06
0.12
0.00
0.00
-0.01
0.02
0
3
1
0
3558
0.1288
0.9870
-0.0960
0.0001
0.06
0.19
0.19
0.01
0.00
0.01
0
3
1
0
3568
0.1288
0.9870
-0.0960
0.0001
-0.12
0.12
0.00
0.00
0.00
0.01
0
3
1
0
3578
0.1288
0.9870
-0.0960
0.0001
0.00
0.00
-0.12
0.01
0.00
0.01
0
3
1
0
3589
0.1288
0.9870
-0.0960
0.0001
-0.06
0.06
0.00
0.01
-0.01
-0.01
0
3
1
0
3599
0.1288
0.9870
-0.0960
0.0001
0.06
-0.06
0.19
0.00
0.00
0.00
0
3
1
0
3608
0.1288
0.9870
-0.0960
0.0001
-0.19
-0.06
0.00
0.00
-0.01
0.02
0
3
1
0
3618
0.1288
0.9870
-0.0960
0.0001
-0.06
-0.19
-0.06
0.01
0.00
0.02
0
3
1
0
3629
0.1288
0.9870
-0.0960
0.0001
-0.06
0.06
0.19
0.01
-0.01
0.00
0
3
1
0
3639
0.1288
0.9870
-0.0960
0.0001
-0.06
0.00
0.06
0.01
0.00
0.00
0
3
1
0
3648
0.1288
0.9870
-0.0960
0.0001
0.00
0.00
-0.06
0.00
0.00
0.00
0
3
1
0
3658
0.1288
0.9870
-0.0960
0.0001
0.00
0.00
0.06
0.00
-0.01
0.00
0
3
1
0
3668
0.1288
0.9870
-0.0960
0.0001
0.12
0.06
0.19
0.00
0.00
0.00
0
3
1
0
3679
0.1288
0.9870
-0.0960
0.0001
-0.06
0.06
-0.06
0.00
-0.01
0.01
0
3
1
0
3688
0.1288
0.9870
-0.0960
0.0001
0.00
-0.06
-0.19
0.02
0.00
-0.01
0
3
1
0
3698
0.1288
0.9870
-0.0960
0.0001
0.06
-0.06
0.06
0.03
0.00
0.00
0
3
1
0
3708
0.1288
0.9870
-0.0960
0.0001
0.00
-0.06
0.12
0.00
0.00
0.01
0
3
1
0
3719
0.1288
0.9870
-0.0960
0.0001
-0.06
0.00
-0.06
0.01
0.00
0.01
0
3
1
0
3728
0.1288
0.9870
-0.0960
0.0001
-0.12
0.00
0.06
0.00
-0.01
0.01
0
3
1
0
3738
0.1288
0.9870
-0.0960
0.0001
-0.06
0.12
0.12
0.02
0.00
-0.01
0
3
1
0
3748
0.1288
0.9870
-0.0960
0.0001
0.00
0.12
-0.06
0.02
0.00
-0.02
0
3
1
0
3759
0.1288
0.9870
-0.0960
0.0001
-0.06
-0.06
-0.06
0.01
0.00
0.01
0
3
1
0
3769
0.1288
0.9870
-0.0960
0.0001
-0.06
0.06
0.06
0.00
0.00
0.00
0
3
1
0
3778
0.1288
0.9870
-0.0960
0.0001
0.12
-0.06
0.06
0.03
0.00
-0.01
0
3
1
0
3788
0.1288
0.9870
-0.0960
0.0001
0.00
-0.12
0.00
0.01
-0.01
0.00
0
3
1
0
3799
0.1288
0.9870
-0.0960
0.0001
0.00
0.00
-0.12
0.01
-0.01
0.00
0
3
1
0
3808
0.1288
0.9870
-0.0960
0.0001
0.12
0.19
0.00
0.02
0.01
0.00
0
3
1
0
3818
0.1288
0.9870
-0.0960
0.0001
-0.12
0.19
0.12
0.02
0.00
0.00
0
3
1
0
3828
0.1288
0.9870
-0.0960
0.0001
-0.12
0.06
-0.06
0.02
0.00
-0.01
0
3
1
0
3838
0.1288
0.9870
-0.0960
0.0001
0.00
-0.19
0.06
0.02
0.00
-0.02
0
3
1
0
3848
0.1288
0.9870
-0.0960
0.0001
0.00
0.00
0.06
0.00
0.00
0.00
0
3
1
0
3858
0.1288
0.9870
-0.0960
0.0001
0.00
-0.06
0.06
0.02
0.00
0.00
0
3
1
0
3868
0.1288
0.9870
-0.0960
0.0001
-0.06
-0.06
0.00
-0.01
-0.01
0.00
0
3
1
0
3878
0.1288
0.9870
-0.0960
0.0001
0.12
-0.06
0.19
0.02
0.00
0.00
0
3
1
0
3888
0.1288
0.9870
-0.0960
0.0001
0.00
-0.12
0.00
0.02
0.00
-0.01
0
3
1
0
3898
0.1288
0.9870
-0.0960
0.0001
-0.06
-0.12
-0.12
0.00
0.00
0.01
0
3
1
0
3908
0.1288
0.9870
-0.0960
0.0001
0.06
-0.12
0.06
0.00
0.01
0.00
0
3
1
0
3918
0.1288
0.9870
-0.0960
0.0001
0.00
0.00
0.06
0.00
-0.01
0.00
0
3
1
0
3928
0.1288
0.9870
-0.0960
0.0001
-0.06
-0.06
0.06
0.02
0.00
0.00
0
3
1
0
3938
0.1288
0.9870
-0.0960
0.0001
-0.12
-0.12
-0.06
0.01
0.00
-0.02
0
3
1
0
3948
0.1288
0.9870
-0.0960
0.0001
-0.06
0.06
0.06
0.01
0.00
0.01
0
3
1
0
3958
0.1288
0.9870
-0.0960
0.0001
-0.06
0.12
-0.06
0.00
0.00
0.00
0
3
1
0
3969
0.1288
0.9870
-0.0960
0.0001
-0.12
-0.06
0.00
0.00
0.00
0.02
0
3
1
0
3978
0.1288
0.9870
-0.0960
0.0001
-0.06
-0.12
0.12
0.01
0.00
-0.01
0
3
1
0
3988
0.1288
0.9870
-0.0960
0.0001
-0.06
0.00
0.00
0.01
0.00
0.00
0
3
1
0
3998
0.1288
0.9870
-0.0960
0.0001
-0.06
0.12
0.12
0.00
0.00
0.01
0
3
1
0
4008
0.1288
0.9870
-0.0960
0.0001
-0.06
-0.19
0.06
0.00
0.00
0.01
0
3
1
0
4019
0.1288
0.9870
-0.0960
0.0001
0.06
-0.12
0.06
0.02
-0.01
0.00
0
3
1
0
4028
0.1288
0.9870
-0.0960
0.0001
0.00
0.06
0.06
0.02
0.00
0.00
0
3
1
0
4038
0.1288
0.9870
-0.0960
0.0001
-0.12
-0.06
0.00
0.00
0.00
0.00
0
3
1
0
4047
0.1288
0.9870
-0.0960
0.0001
0.00
-0.12
0.06
0.00
0.00
-0.03
0
3
1
0
4058
0.1288
0.9870
-0.0960
0.0001
-0.06
-0.12
0.19
0.01
-0.01
0.00
0
3
1
0
4068
0.1288
0.9870
-0.0960
0.0001
0.00
-0.06
0.00
0.01
0.00
0.00
0
3
1
0
4078
0.1288
0.9870
-0.0960
0.0001
0.00
0.06
-0.06
0.01
-0.01
-0.02
0
3
1
0
4087
0.1288
0.9870
-0.0960
0.0001
0.06
0.06
0.00
0.01
0.00
-0.01
0
3
1
0
4098
0.1288
0.9870
-0.0960
0.0001
0.00
0.19
-0.19
0.02
0.00
-0.02
0
3
1
0
4108
0.1288
0.9870
-0.0960
0.0001
-0.19
-0.06
-0.06
0.02
0.00
-0.02
0
3
1
0
4118
0.1288
0.9870
-0.0960
0.0001
-0.06
0.06
0.06
0.01
0.00
-0.01
0
3
1
0
4128
0.1288
0.9870
-0.0960
0.0001
0.00
0.00
0.12
0.00
-0.01
0.00
0
3
1
0
4137
0.1288
0.9870
-0.0960
0.0001
-0.06
-0.06
0.12
0.00
0.00
-0.01
0
3
1
0
4148
0.1288
0.9870
-0.0960
0.0001
0.19
-0.06
-0.12
0.01
0.00
0.00
0
3
1
0
4158
0.1288
0.9870
-0.0960
0.0001
0.06
0.00
0.06
0.01
-0.01
0.00
0
3
1
0
4168
0.1288
0.9870
-0.0960
0.0001
0.06
-0.12
0.06
0.03
0.00
0.00
0
3
1
0
4177
0.1288
0.9870
-0.0960
0.0001
-0.19
-0.06
-0.06
0.02
-0.02
0.01
0
3
1
0
4188
0.1288
0.9870
-0.0960
0.0001
-0.06
0.00
0.12
0.01
0.00
0.00
0
3
1
0
4198
0.1288
0.9870
-0.0960
0.0001
0.00
0.00
0.06
0.00
0.00
0.00
0
3
1
0
4207
0.1288
0.9870
-0.0960
0.0001
0.00
0.06
0.00
0.01
-0.01
0.00
0
3
1
0
4217
0.1288
0.9870
-0.0960
0.0001
-0.12
0.25
0.00
0.02
-0.01
0.00
0
3
1
0
4228
0.1288
0.9870
-0.0960
0.0001
0.12
0.06
0.06
0.01
-0.02
0.01
0
3
1
0
4238
0.1288
0.9870
-0.0960
0.0001
-0.12
-0.12
0.12
0.01
0.00
0.00
0
3
1
0
4248
0.1288
0.9870
-0.0960
0.0001
-0.25
-0.12
-0.19
0.02
0.03
0.00
0
3
1
0
4257
0.1288
0.9870
-0.0960
0.0001
0.06
-0.06
0.19
0.02
0.00
0.00
0
3
1
0
4268
0.1288
0.9870
-0.0960
0.0001
0.19
0.00
0.06
0.00
-0.01
0.00
0
3
1
0
4278
0.1288
0.9870
-0.0960
0.0001
0.00
0.31
-0.19
0.01
0.01
0.00
0
3
1
0
4288
0.1288
0.9870
-0.0960
0.0001
-0.12
0.12
0.00
0.00
-0.01
-0.01
0
3
1
0
4297
0.1288
0.9870
-0.0960
0.0001
0.12
-0.06
0.25
0.01
0.01
-0.01
0
3
1
0
4307
0.1288
0.9870
-0.0960
0.0001
-0.06
-0.06
0.06
0.01
0.00
0.01
0
3
1
0
4318
0.1288
0.9870
-0.0960
0.0001
-0.06
0.06
0.00
0.01
0.02
0.00
0
3
1
0
4328
0.1288
0.9870
-0.0960
0.0001
0.00
-0.12
0.00
0.00
0.00
0.01
0
3
1
0
4337
0.1288
0.9870
-0.0960
0.0001
0.12
0.00
0.06
0.01
0.00
-0.01
0
3
1
0
4347
0.1288
0.9870
-0.0960
0.0001
-0.06
0.25
0.00
0.00
0.00
0.01
0
3
1
0
4358
0.1288
0.9870
-0.0960
0.0001
-0.06
0.12
-0.06
0.03
0.00
0.00
0
3
1
0
4368
0.1288
0.9870
-0.0960
0.0001
0.00
0.06
0.12
0.00
0.00
0.00
0
3
1
0
4377
0.1288
0.9870
-0.0960
0.0001
-0.06
-0.06
0.00
0.02
0.01
-0.01
0
3
1
0
4387
0.1288
0.9870
-0.0960
0.0001
-0.06
-0.06
-0.12
0.01
0.01
0.00
0
3
1
0
4398
0.1288
0.9870
-0.0960
0.0001
0.00
-0.12
0.12
0.00
0.00
0.00
0
3
1
0
4408
0.1288
0.9870
-0.0960
0.0001
0.12
0.00
0.00
0.02
0.00
-0.01
0
3
1
0
4418
0.1288
0.9870
-0.0960
0.0001
0.00
0.06
0.00
0.00
0.00
0.00
0
3
1
0
4427
0.1288
0.9870
-0.0960
0.0001
-0.06
0.06
-0.06
0.03
0.00
-0.04
0
3
1
0
4438
0.1288
0.9870
-0.0960
0.0001
0.12
0.06
0.06
0.02
-0.01
-0.01
0
3
1
0
4448
0.1288
0.9870
-0.0960
0.0001
0.12
-0.06
0.00
0.01
0.00
0.00
0
3
1
0
4457
0.1288
0.9870
-0.0960
0.0001
0.06
0.25
-0.06
0.02
-0.01
0.01
0
3
1
0
4467
0.1288
0.9870
-0.0960
0.0001
-0.06
0.12
0.00
0.00
-0.02
0.03
0
3
1
0
4477
0.1288
0.9870
-0.0960
0.0001
-0.12
-0.12
0.06
0.00
0.01
0.01
0
3
1
0
4488
0.1288
0.9870
-0.0960
0.0001
-0.06
-0.12
0.00
0.00
-0.01
-0.02
0
3
1
0
4498
0.1288
0.9870
-0.0960
0.0001
0.06
-0.37
0.00
0.01
-0.01
0.00
0
3
1
0
4507
0.1288
0.9870
-0.0960
0.0001
0.06
-0.06
-0.06
0.02
0.01
0.02
0
3
1
0
4517
0.1288
0.9870
-0.0960
0.0001
-0.06
-0.12
0.12
0.00
-0.01
0.02
0
3
1
0
4528
0.1288
0.9870
-0.0960
0.0001
-0.12
-0.19
-0.06
0.01
0.00
-0.01
0
3
1
0
4537
0.1288
0.9870
-0.0960
0.0001
0.00
-0.12
0.00
0.00
0.01
0.00
0
3
1
0
4547
0.1288
0.9870
-0.0960
0.0001
0.06
0.00
0.00
0.02
-0.01
0.00
0
3
1
0
4557
0.1288
0.9870
-0.0960
0.0001
0.06
0.00
-0.06
0.00
0.01
0.00
0
3
1
0
4568
0.1288
0.9870
-0.0960
0.0001
0.12
0.12
0.12
0.00
0.00
0.01
0
3
1
0
4577
0.1288
0.9870
-0.0960
0.0001
0.06
0.06
0.06
0.01
-0.03
0.00
0
3
1
0
4587
0.1288
0.9870
-0.0960
0.0001
-0.06
0.00
0.00
0.00
-0.01
0.01
0
3
1
0
4597
0.1288
0.9870
-0.0960
0.0001
-0.12
-0.12
0.00
0.00
-0.01
0.02
0
3
1
0
4608
0.1288
0.9870
-0.0960
0.0001
-0.12
-0.12
-0.06
0.01
0.00
0.00
0
3
1
0
4618
0.1288
0.9870
-0.0960
0.0001
0.00
-0.06
0.06
0.01
0.00
0.00
0
3
1
0
4627
0.1288
0.9870
-0.0960
0.0001
0.00
0.00
0.12
0.00
0.00
0.00
0
3
1
0
4637
0.1288
0.9870
-0.0960
0.0001
0.12
-0.19
0.06
0.03
-0.02
-0.02
0
3
1
0
4647
0.1288
0.9870
-0.0960
0.0001
0.00
-0.19
0.00
0.00
-0.02
0.00
0
3
1
0
4657
0.1288
0.9870
-0.0960
0.0001
-0.06
-0.25
0.06
0.01
-0.01
0.00
0
3
1
0
4667
0.1288
0.9870
-0.0960
0.0001
-0.06
0.00
0.06
0.01
0.00
0.01
0
3
1
0
4677
0.1288
0.9870
-0.0960
0.0001
-0.06
-0.06
0.06
0.03
0.00
-0.01
0
3
1
0
4687
0.1288
0.9870
-0.0960
0.0001
0.12
-0.25
0.12
0.00
0.00
-0.02
0
3
1
0
4697
0.1288
0.9870
-0.0960
0.0001
0.00
-0.06
-0.06
0.00
0.00
0.01
0
3
1
0
4707
0.1288
0.9870
-0.0960
0.0001
0.06
-0.12
0.00
0.02
-0.01
0.00
0
3
1
0
4717
0.1288
0.9870
-0.0960
0.0001
0.06
-0.12
-0.06
0.00
0.00
0.02
0
3
1
0
4727
0.1288
0.9870
-0.0960
0.0001
-0.12
0.12
0.06
0.00
-0.02
0.00
0
3
1
0
4738
0.1288
0.9870
-0.0960
0.0001
-0.06
0.00
-0.06
0.00
0.00
-0.02
0
3
1
0
4747
0.1288
0.9870
-0.0960
0.0001
0.00
-0.19
0.06
0.00
0.01
0.00
0
3
1
0
4757
0.1288
0.9870
-0.0960
0.0001
0.06
0.12
0.06
0.02
0.00
0.00
0
3
1
0
4767
0.1288
0.9870
-0.0960
0.0001
0.06
0.00
0.06
0.01
0.00
0.00
0
3
1
0
4777
0.1288
0.9870
-0.0960
0.0001
0.00
0.00
-0.06
0.00
0.00
0.00
0
3
1
0
4787
0.1288
0.9870
-0.0960
0.0001
0.00
0.19
0.12
0.02
-0.01
-0.01
0
3
1
0
4797
0.1288
0.9870
-0.0960
0.0001
0.06
0.00
0.06
0.01
0.00
0.01
0
3
1
0
4807
0.1288
0.9870
-0.0960
0.0001
-0.06
-0.06
0.00
0.00
0.01
0.00
0
3
1
0
4817
0.1288
0.9870
-0.0960
0.0001
0.00
-0.06
-0.12
0.02
-0.02
0.00
0
3
1
0
4827
0.1288
0.9870
-0.0960
0.0001
0.12
-0.12
0.19
0.02
-0.02
0.00
0
3
1
0
4837
0.1288
0.9870
-0.0960
0.0001
-0.06
-0.12
0.12
0.01
0.00
-0.04
0
3
1
0
4847
0.1288
0.9870
-0.0960
0.0001
-0.06
0.00
0.00
0.02
0.00
0.00
0
3
1
0
4857
0.1288
0.9870
-0.0960
0.0001
0.06
0.00
0.12
0.01
-0.01
0.00
0
3
1
0
4868
0.1288
0.9870
-0.0960
0.0001
0.06
0.19
0.06
0.00
-0.01
0.00
0
3
1
0
4877
0.1288
0.9870
-0.0960
0.0001
-0.06
-0.06
-0.12
0.01
0.00
0.01
0
3
1
0
4887
0.1288
0.9870
-0.0960
0.0001
-0.06
-0.12
0.00
0.02
0.00
0.00
0
3
1
0
4897
0.1288
0.9870
-0.0960
0.0001
-0.06
-0.06
0.06
0.00
0.00
0.00
0
3
1
0
4907
0.1288
0.9870
-0.0960
0.0001
0.19
-0.06
0.12
0.01
-0.01
0.00
0
3
1
0
4917
0.1288
0.9870
-0.0960
0.0001
0.06
0.25
0.06
0.02
-0.01
-0.01
0
3
1
0
4927
0.1288
0.9870
-0.0960
0.0001
0.00
0.19
0.00
0.00
-0.01
0.00
0
3
1
0
4936
0.1288
0.9870
-0.0960
0.0001
-0.06
0.12
0.25
0.01
-0.01
-0.02
0
3
1
0
4946
0.1288
0.9870
-0.0960
0.0001
-0.06
0.00
0.00
0.01
0.00
0.02
0
3
1
0
4957
0.1288
0.9870
-0.0960
0.0001
0.00
-0.06
-0.12
0.02
-0.02
0.01
0
3
1
0
4967
0.1288
0.9870
-0.0960
0.0001
-0.06
0.06
0.12
0.00
0.00
0.00
0
3
1
0
4977
0.1288
0.9870
-0.0960
0.0001
0.06
0.06
0.06
0.00
-0.01
0.00
0
3
1
0
4986
0.1288
0.9870
-0.0960
0.0001
-0.06
0.00
0.00
0.01
0.00
-0.03
0
3
1
0
4997
0.1288
0.9870
-0.0960
0.0001
-0.12
-0.06
0.00
0.02
0.00
0.00
0
3
1
0
5007
0.1288
0.9870
-0.0960
0.0001
-0.19
0.12
0.06
0.01
0.00
0.00
0
3
1
0
5017
0.1288
0.9870
-0.0960
0.0001
-0.06
0.00
0.00
0.01
0.00
0.01
0
3
1
0
5026
0.1288
0.9870
-0.0960
0.0001
-0.12
0.06
-0.06
0.01
0.00
0.03
0
3
1
0
5037
0.1288
0.9870
-0.0960
0.0001
0.06
-0.06
0.12
0.01
0.00
0.00
0
3
1
0
5047
0.1288
0.9870
-0.0960
0.0001
0.00
0.12
0.12
0.01
0.00
0.00
0
3
1
0
5057
0.1288
0.9870
-0.0960
0.0001
-0.12
0.25
-0.06
0.01
0.00
0.00
0
3
1
0
5067
0.1288
0.9870
-0.0960
0.0001
-0.06
0.06
0.06
0.01
0.00
-0.02
0
3
1
0
5076
0.1288
0.9870
-0.0960
0.0001
0.00
0.12
0.19
0.02
0.00
0.00
0
3
1
0
5087
0.1288
0.9870
-0.0960
0.0001
-0.12
0.12
-0.06
0.02
0.01
0.00
0
3
1
0
5097
0.1288
0.9870
-0.0960
0.0001
-0.06
0.12
-0.06
0.01
0.01
-0.02
0
3
1
0
5107
0.1288
0.9870
-0.0960
0.0001
0.06
-0.06
0.06
0.00
0.00
0.02
0
3
1
0
5116
0.1288
0.9870
-0.0960
0.0001
0.00
0.19
0.06
0.03
-0.01
0.00
0
3
1
0
5127
0.1288
0.9870
-0.0960
0.0001
0.00
0.25
0.06
0.01
0.01
0.01
0
3
1
0
5137
0.1288
0.9870
-0.0960
0.0001
-0.06
-0.25
0.06
0.00
0.00
0.00
0
3
1
0
5146
0.1288
0.9870
-0.0960
0.0001
0.12
-0.19
0.06
0.02
0.01
0.00
0
3
1
0
5156
0.1288
0.9870
-0.0960
0.0001
-0.19
0.00
-0.12
0.00
0.01
0.02
0
3
1
0
5167
0.1288
0.9870
-0.0960
0.0001
-0.12
0.06
-0.12
0.01
0.02
0.00
0
3
1
0
5177
0.1288
0.9870
-0.0960
0.0001
0.00
-0.06
0.06
0.00
0.00
-0.02
0
3
1
0
5186
0.1288
0.9870
-0.0960
0.0001
0.12
0.00
0.12
0.02
0.00
0.00
0
3
1
0
5196
0.1288
0.9870
-0.0960
0.0001
-0.06
0.25
0.06
0.01
-0.01
-0.02
0
3
1
0
5207
0.1288
0.9870
-0.0960
0.0001
-0.06
0.00
0.00
0.00
0.00
0.00
0
3
1
0
5217
0.1288
0.9870
-0.0960
0.0001
0.06
0.12
0.12
0.01
-0.01
0.00
0
3
1
0
5227
0.1288
0.9870
-0.0960
0.0001
-0.12
-0.06
0.00
0.01
-0.01
-0.01
0
3
1
0
5236
0.1288
0.9870
-0.0960
0.0001
-0.19
0.00
0.00
0.02
0.00
-0.01
0
3
1
0
5246
0.1288
0.9870
-0.0960
0.0001
0.00
0.06
0.00
0.03
0.00
0.00
0
3
1
0
5257
0.1288
0.9870
-0.0960
0.0001
0.00
-0.12
0.19
0.00
-0.01
0.00
0
3
1
0
5267
0.1288
0.9870
-0.0960
0.0001
-0.12
0.00
-0.06
0.02
0.00
0.00
0
3
1
0
5276
0.1288
0.9870
-0.0960
0.0001
-0.12
-0.06
-0.12
0.00
-0.02
0.01
0
3
1
0
5286
0.1288
0.9870
-0.0960
0.0001
0.19
0.00
0.12
0.00
0.00
0.00
0
3
1
0
5297
0.1288
0.9870
-0.0960
0.0001
-0.06
0.00
0.12
0.01
0.00
0.00
0
3
1
0
5306
0.1288
0.9870
-0.0960
0.0001
-0.12
-0.06
-0.06
0.00
-0.01
0.00
0
3
1
0
5316
0.1288
0.9870
-0.0960
0.0001
-0.12
0.00
-0.06
0.01
0.00
0.01
0
3
1
0
5326
0.1288
0.9870
-0.0960
0.0001
0.19
0.00
0.19
0.02
-0.02
0.01
0
3
1
0
5337
0.1288
0.9870
-0.0960
0.0001
-0.06
0.00
0.00
0.01
0.00
-0.01
0
3
1
0
5347
0.1288
0.9870
-0.0960
0.0001
0.00
0.06
-0.06
0.00
0.00
0.00
0
3
1
0
5356
0.1288
0.9870
-0.0960
0.0001
0.12
0.06
0.00
0.01
0.00
0.00
0
3
1
0
5366
0.1288
0.9870
-0.0960
0.0001
0.19
-0.06
0.00
0.01
0.00
0.00
0
3
1
0
5377
0.1288
0.9870
-0.0960
0.0001
-0.06
-0.06
-0.12
0.00
-0.01
0.00
0
3
1
0
5387
0.1288
0.9870
-0.0960
0.0001
-0.06
-0.19
0.06
0.02
-0.03
0.00
0
3
1
0
5396
0.1288
0.9870
-0.0960
0.0001
0.12
-0.06
0.19
0.02
0.00
-0.01
0
3
1
0
5406
0.1288
0.9870
-0.0960
0.0001
0.19
-0.06
0.06
0.00
0.00
-0.01
0
3
1
0
5416
0.1288
0.9870
-0.0960
0.0001
0.06
0.12
0.06
0.00
-0.01
0.02
0
3
1
0
5427
0.1288
0.9870
-0.0960
0.0001
0.06
0.25
0.06
0.01
0.01
0.00
0
3
1
0
5436
0.1288
0.9870
-0.0960
0.0001
0.06
0.12
0.12
0.04
0.00
0.00
0
3
1
0
5446
0.1288
0.9870
-0.0960
0.0001
0.06
0.06
-0.12
0.00
0.00
-0.01
0
3
1
0
5456
0.1288
0.9870
-0.0960
0.0001
-0.12
-0.06
0.00
0.01
-0.01
0.00
0
3
1
0
5467
0.1288
0.9870
-0.0960
0.0001
0.00
0.00
0.12
0.00
-0.02
0.02
0
3
1
0
5476
0.1288
0.9870
-0.0960
0.0001
0.12
0.06
0.06
0.01
-0.03
0.00
0
3
1
0
5486
0.1288
0.9870
-0.0960
0.0001
0.00
-0.19
-0.06
0.01
0.00
0.00
0
3
1
0
5496
0.1288
0.9870
-0.0960
0.0001
0.00
-0.06
0.00
0.01
0.00
0.00
0
3
1
0
5506
0.1288
0.9870
-0.0960
0.0001
0.12
0.06
0.12
0.02
-0.02
0.02
0
3
1
0
5517
0.1288
0.9870
-0.0960
0.0001
0.06
0.06
0.06
0.01
-0.02
0.01
0
3
1
0
5526
0.1288
0.9870
-0.0960
0.0001
-0.12
-0.12
0.00
0.00
0.00
-0.01
0
3
1
0
5536
0.1288
0.9870
-0.0960
0.0001
0.00
-0.12
-0.06
0.01
-0.01
-0.01
0
3
1
0
5547
0.1288
0.9870
-0.0960
0.0001
0.06
0.06
0.06
0.01
-0.01
0.01
0
3
1
0
5556
0.1288
0.9870
-0.0960
0.0001
0.06
0.00
-0.06
0.03
-0.01
0.00
0
3
1
0
5566
0.1288
0.9870
-0.0960
0.0001
0.06
0.12
0.00
0.00
-0.01
0.00
0
3
1
0
5576
0.1288
0.9870
-0.0960
0.0001
0.12
0.19
0.00
0.01
0.00
0.00
0
3
1
0
5586
0.1288
0.9870
-0.0960
0.0001
0.00
-0.06
0.00
0.00
-0.01
0.01
0
3
1
0
5596
0.1288
0.9870
-0.0960
0.0001
0.06
0.19
0.00
0.01
0.00
-0.01
0
3
1
0
5606
0.1288
0.9870
-0.0960
0.0001
0.19
0.12
0.00
0.03
0.00
0.00
0
3
1
0
5616
0.1288
0.9870
-0.0960
0.0001
0.00
0.12
0.19
0.00
0.00
0.01
0
3
1
0
5626
0.1288
0.9870
-0.0960
0.0001
0.12
0.12
0.00
0.01
0.00
-0.01
0
3
1
0
5636
0.1288
0.9870
-0.0960
0.0001
0.12
0.25
0.06
0.00
-0.01
0.00
0
3
1
0
5646
0.1288
0.9870
-0.0960
0.0001
0.12
0.12
0.00
0.03
0.00
-0.01
0
3
1
0
5656
0.1288
0.9870
-0.0960
0.0001
0.00
0.12
0.00
0.04
0.00
0.00
0
3
1
0
5666
0.1288
0.9870
-0.0960
0.0001
0.06
0.12
-0.06
0.01
0.00
-0.01
0
3
1
0
5676
0.1288
0.9870
-0.0960
0.0001
0.00
-0.06
-0.12
0.03
0.00
-0.02
0
3
1
0
5686
0.1288
0.9870
-0.0960
0.0001
0.06
0.00
0.00
0.01
-0.02
0.01
0
3
1
0
5696
0.1288
0.9870
-0.0960
0.0001
0.06
0.06
0.00
0.01
0.00
0.00
0
3
1
0
5706
0.1288
0.9870
-0.0960
0.0001
0.06
-0.12
0.19
0.02
0.00
0.00
0
3
1
0
5716
0.1288
0.9870
-0.0960
0.0001
0.06
0.06
0.06
0.00
0.00
0.01
0
3
1
0
5726
0.1288
0.9870
-0.0960
0.0001
-0.06
0.00
0.06
0.01
0.00
0.00
0
3
1
0
5736
0.1288
0.9870
-0.0960
0.0001
-0.06
-0.19
0.19
0.00
0.00
0.00
0
3
1
0
5746
0.1288
0.9870
-0.0960
0.0001
0.12
0.12
0.12
0.02
0.00
-0.01
0
3
1
0
5756
0.1288
0.9870
-0.0960
0.0001
0.06
0.12
-0.06
0.00
-0.01
0.01
0
3
1
0
5766
0.1288
0.9870
-0.0960
0.0001
0.00
0.19
0.00
0.00
0.00
0.02
0
3
1
0
5776
0.1288
0.9870
-0.0960
0.0001
0.12
0.12
0.19
0.02
-0.02
0.02
0
3
1
0
5786
0.1288
0.9870
-0.0960
0.0001
0.06
-0.06
0.00
0.01
-0.01
-0.01
0
3
1
0
5795
0.1288
0.9870
-0.0960
0.0001
0.12
-0.12
0.00
0.00
0.00
-0.01
0
3
1
0
5806
0.1288
0.9870
-0.0960
0.0001
0.00
-0.06
0.00
0.00
0.02
0.01
0
3
1
0
5816
0.1288
0.9870
-0.0960
0.0001
0.06
-0.06
0.12
0.00
0.01
-0.01
0
3
1
0
5826
0.1288
0.9870
-0.0960
0.0001
-0.12
0.06
-0.06
0.00
-0.01
-0.02
0
3
1
0
5836
0.1288
0.9870
-0.0960
0.0001
0.06
-0.12
0.06
0.01
0.00
-0.04
0
3
1
0
5846
0.1288
0.9870
-0.0960
0.0001
0.12
0.00
-0.06
0.00
0.00
-0.02
0
3
1
0
5856
0.1288
0.9870
-0.0960
0.0001
-0.12
0.12
-0.12
0.01
0.00
0.00
0
3
1
0
5866
0.1288
0.9870
-0.0960
0.0001
0.00
-0.12
0.00
0.00
0.00
0.00
0
3
1
0
5875
0.1288
0.9870
-0.0960
0.0001
0.00
0.00
0.00
0.00
0.00
0.00
0
3
1
0
5885
0.1288
0.9870
-0.0960
0.0001
-0.06
-0.12
-0.06
0.01
0.00
0.00
0
3
1
0
5896
0.1288
0.9870
-0.0960
0.0001
0.12
-0.19
-0.06
0.01
-0.01
0.00
0
3
1
0
5906
0.1288
0.9870
-0.0960
0.0001
0.12
-0.19
0.00
0.00
-0.01
0.02
0
3
1
0
5916
0.1288
0.9870
-0.0960
0.0001
0.06
0.00
0.00
0.02
0.00
0.00
0
3
1
0
5925
0.1288
0.9870
-0.0960
0.0001
0.06
0.06
-0.12
0.00
0.00
0.00
0
3
1
0
5936
0.1288
0.9870
-0.0960
0.0001
-0.06
-0.06
-0.06
0.00
-0.02
0.00
0
3
1
0
5946
0.1288
0.9870
-0.0960
0.0001
0.12
-0.12
0.00
0.00
-0.01
0.01
0
3
1
0
5956
0.1288
0.9870
-0.0960
0.0001
0.06
-0.12
0.06
0.02
-0.03
-0.01
0
3
1
0
5966
0.1288
0.9870
-0.0960
0.0001
0.00
0.00
-0.25
0.01
0.00
0.01
0
3
1
0
5976
0.1288
0.9870
-0.0960
0.0001
0.06
0.12
-0.06
0.02
-0.01
0.00
0
3
1
0
5986
0.1288
0.9870
-0.0960
0.0001
0.06
0.06
-0.12
0.01
0.00
-0.01
0
3
1
0
5996
0.1288
0.9870
-0.0960
0.0001
-0.06
-0.06
0.00
0.00
-0.01
-0.01
0
3
1
0
6005
0.1288
0.9870
-0.0960
0.0001
0.06
-0.12
-0.12
0.00
0.01
0.00
0
3
1
0
6016
0.1288
0.9870
-0.0960
0.0001
0.00
-0.12
0.00
0.00
0.00
0.00
0
3
1
0
6026
0.1288
0.9870
-0.0960
0.0001
0.06
-0.06
-0.12
0.00
0.00
0.00
0
3
1
0
6036
0.1288
0.9870
-0.0960
0.0001
0.06
0.00
0.00
0.00
0.00
0.00
0
3
1
0
6045
0.1288
0.9870
-0.0960
0.0001
0.06
-0.19
-0.12
0.02
0.02
0.01
0
3
1
0
6055
0.1288
0.9870
-0.0960
0.0001
0.12
0.06
-0.06
0.01
0.00
0.01
0
3
1
0
6066
0.1288
0.9870
-0.0960
0.0001
-0.06
-0.06
-0.06
0.01
0.00
0.01
0
3
1
0
6076
0.1288
0.9870
-0.0960
0.0001
-0.06
-0.12
0.00
0.00
0.00
0.01
0
3
1
0
6085
0.1288
0.9870
-0.0960
0.0001
-0.06
-0.06
0.00
0.02
0.00
0.00
0
3
1
0
6095
0.1288
0.9870
-0.0960
0.0001
-0.06
0.00
0.00
0.02
-0.01
0.00
0
3
1
0
6106
0.1288
0.9870
-0.0960
0.0001
0.00
0.25
0.00
0.00
0.00
0.01
0
3
1
0
6116
0.1288
0.9870
-0.0960
0.0001
0.00
0.12
-0.06
0.02
-0.02
0.01
0
3
1
0
6125
0.1288
0.9870
-0.0960
0.0001
0.12
0.06
0.00
0.00
-0.01
0.00
0
3
1
0
6135
0.1288
0.9870
-0.0960
0.0001
0.06
-0.06
-0.12
0.01
-0.01
-0.01
0
3
1
0
6146
0.1288
0.9870
-0.0960
0.0001
0.00
-0.19
-0.12
0.04
0.00
0.00
0
3
1
0
6156
0.1288
0.9870
-0.0960
0.0001
-0.06
0.00
0.00
0.02
0.00
0.00
0
3
1
0
6165
0.1288
0.9870
-0.0960
0.0001
0.06
-0.12
0.06
0.02
0.00
0.02
0
3
1
0
6175
0.1288
0.9870
-0.0960
0.0001
0.12
-0.06
0.12
0.01
-0.01
0.02
0
3
1
0
6185
0.1288
0.9870
-0.0960
0.0001
0.12
0.00
-0.06
0.01
0.00
0.00
0
3
1
0
6196
0.1288
0.9870
-0.0960
0.0001
0.00
0.12
0.00
0.00
0.00
0.00
0
3
1
0
6205
0.1288
0.9870
-0.0960
0.0001
-0.06
-0.19
-0.06
0.01
