
0
3
1
0
16492
0.2969
0.9086
0.2939
-0.0001
0.00
-0.12
-0.NC!0.2939
-0.0001
-0.06
-0.25
-0.63
0.02
-0.01
0.00
0
3
1
0
16492
0.2969
0.9086
0.2939
-0.0001
0.00
-0.12
-0.NC!1575
0.0000
0.0000
0.0000
0.0000
0.00
0.00
0.00
0.00
0.00
0.00
0
0
0
0
1584
0.0000
0.0000
0.0000
0.0000
0.00
0.00
0.00
0.00
0.00
0.00
0
0
0
0
1593
0.0000
0.0000
0.0000
0.0000
0.00
0.00
0.00
0.00
0.00
0.00
0
0
0
0
1601
0.0000
0.0000
0.0000
0.0000
0.00
0.00
0.00
0.00
0.00
0.00
0
0
0
0
1610
0.0000
0.0000
0.0000
0.0000
0.00
0.00
0.00
0.00
0.00
0.00
0
0
0
0
1619
0.0000
0.0000
0.0000
0.0000
0.00
0.00
0.00
0.00
0.00
0.00
0
0
0
0
1628
0.0000
0.0000
0.0000
0.0000
0.00
0.00
0.00
0.00
0.00
0.00
0
0
0
0
1637
0.0000
0.0000
0.0000
0.0000
0.00
0.00
0.00
0.00
0.00
0.00
0
0
0
0
1645
0.0000
0.0000
0.0000
0.0000
0.00
0.00
0.00
0.00
0.00
0.00
0
0
0
0
1654
0.0000
0.0000
0.0000
0.0000
0.00
0.00
0.00
0.00
0.00
0.00
0
0
0
0
1662
0.0000
0.0000
0.0000
0.0000
0.00
0.00
0.00
0.00
0.00
0.00
0
0
0
0
1672
0.0000
0.0000
0.0000
0.0000
0.00
0.00
0.00
0.00
0.00
0.00
0
0
0
0
1680
0.0000
0.0000
0.0000
0.0000
0.00
0.00
0.00
0.00
0.00
0.00
0
0
0
0
1689
0.0000
0.0000
0.0000
0.0000
0.00
0.00
0.00
0.00
0.00
0.00
0
0
0
0
1698
0.0000
0.0000
0.0000
0.0000
0.00
0.00
0.00
0.00
0.00
0.00
0
0
0
0
1707
0.0000
0.0000
0.0000
0.0000
0.00
0.00
0.00
0.00
0.00
0.00
0
0
0
0
1716
0.0000
0.0000
0.0000
0.0000
0.00
0.00
0.00
0.00
0.00
0.00
0
0
0
0
1724
0.0000
0.0000
0.0000
0.0000
0.00
0.00
0.00
0.00
0.00
0.00
0
0
0
0
1733
0.0000
0.0000
0.0000
0.0000
0.00
0.00
0.00
0.00
0.00
0.00
0
0
0
0
1741
0.0000
0.0000
0.0000
0.0000
0.00
0.00
0.00
0.00
0.00
0.00
0
0
0
0
1751
0.0000
0.0000
0.0000
0.0000
0.00
0.00
0.00
0.00
0.00
0.00
0
0
0
0
1759
0.0000
0.0000
0.0000
0.0000
0.00
0.00
0.00
0.00
0.00
0.00
0
0
0
0
1768
0.0000
0.0000
0.0000
0.0000
0.00
0.00
0.00
0.00
0.00
0.00
0
0
0
0
1777
0.0000
0.0000
0.0000
0.0000
0.00
0.00
0.00
0.00
0.00
0.00
0
0
0
0
1785
0.0000
0.0000
0.0000
0.0000
0.00
0.00
0.00
0.00
0.00
0.00
0
0
0
0
1795
0.0000
0.0000
0.0000
0.0000
0.00
0.00
0.00
0.00
0.00
0.00
0
0
0
0
1803
0.0000
0.0000
0.0000
0.0000
0.00
0.00
0.00
0.00
0.00
0.00
0
0
0
0
1812
0.0000
0.0000
0.0000
0.0000
0.00
0.00
0.00
0.00
0.00
0.00
0
0
0
0
1820
0.0000
0.0000
0.0000
0.0000
0.00
0.00
0.00
0.00
0.00
0.00
0
0
0
0
1829
0.0000
0.0000
0.0000
0.0000
0.00
0.00
0.00
0.00
0.00
0.00
0
0
0
0
1838
0.0000
0.0000
0.0000
0.0000
0.00
0.00
0.00
0.00
0.00
0.00
0
0
0
0
1847
0.0000
0.0000
0.0000
0.0000
0.00
0.00
0.00
0.00
0.00
0.00
0
0
0
0
1856
0.0000
0.0000
0.0000
0.0000
0.00
0.00
0.00
0.00
0.00
0.00
0
0
0
0
1864
0.0000
0.0000
0.0000
0.0000
0.00
0.00
0.00
0.00
0.00
0.00
0
0
0
0
1873
0.0000
0.0000
0.0000
0.0000
0.00
0.00
0.00
0.00
0.00
0.00
0
0
0
0
1882
0.0000
0.0000
0.0000
0.0000
0.00
0.00
0.00
0.00
0.00
0.00
0
0
0
0
1891
0.0000
0.0000
0.0000
0.0000
0.00
0.00
0.00
0.00
0.00
0.00
0
0
0
0
1899
0.0000
0.0000
0.0000
0.0000
0.00
0.00
0.00
0.00
0.00
0.00
0
0
0
0
1908
0.0000
0.0000
0.0000
0.0000
0.00
0.00
0.00
0.00
0.00
0.00
0
0
0
0
1916
0.0000
0.0000
0.0000
0.0000
0.00
0.00
0.00
0.00
0.00
0.00
0
0
0
0
1926
0.0000
0.0000
0.0000
0.0000
0.00
0.00
0.00
0.00
0.00
0.00
0
0
0
0
1935
0.0000
0.0000
0.0000
0.0000
0.00
0.00
0.00
0.00
0.00
0.00
0
0
0
0
1943
0.0000
0.0000
0.0000
0.0000
0.00
0.00
0.00
0.00
0.00
0.00
0
0
0
0
1952
0.0000
0.0000
0.0000
0.0000
0.00
0.00
0.00
0.00
0.00
0.00
0
0
0
0
1960
0.0000
0.0000
0.0000
0.0000
0.00
0.00
0.00
0.00
0.00
0.00
0
0
0
0
1970
0.0000
0.0000
0.0000
0.0000
0.00
0.00
0.00
0.00
0.00
0.00
0
0
0
0
1978
0.0000
0.0000
0.0000
0.0000
0.00
0.00
0.00
0.00
0.00
0.00
0
0
0
0
1987
0.0000
0.0000
0.0000
0.0000
0.00
0.00
0.00
0.00
0.00
0.00
0
0
0
0
1995
0.0000
0.0000
0.0000
0.0000
0.00
0.00
0.00
0.00
0.00
0.00
0
0
0
0
2004
0.0000
0.0000
0.0000
0.0000
0.00
0.00
0.00
0.00
0.00
0.00
0
0
0
0
2014
0.0000
0.0000
0.0000
0.0000
0.00
0.00
0.00
0.00
0.00
0.00
0
0
0
0
2022
0.0000
0.0000
0.0000
0.0000
0.00
0.00
0.00
0.00
0.00
0.00
0
0
0
0
2031
0.0000
0.0000
0.0000
0.0000
0.00
0.00
0.00
0.00
0.00
0.00
0
0
0
0
2039
0.0000
0.0000
0.0000
0.0000
0.00
0.00
0.00
0.00
0.00
0.00
0
0
0
0
2051
0.0000
0.0000
0.0000
0.0000
0.00
0.00
0.00
0.00
0.00
0.00
0
0
0
0
2060
0.0000
0.0000
0.0000
0.0000
0.00
0.00
0.00
0.00
0.00
0.00
0
0
0
0
2072
0.0000
0.0000
0.0000
0.0000
-0.12
0.06
0.25
0.00
0.00
0.00
0
0
0
0
2081
0.0000
0.0000
0.0000
0.0000
-0.12
0.06
0.25
0.00
0.00
0.00
0
0
0
0
2094
0.0000
0.0000
0.0000
0.0000
-0.06
-0.06
0.25
0.00
0.00
0.00
0
0
0
0
2106
0.0000
0.0000
0.0000
0.0000
-0.12
-0.12
0.12
0.00
0.00
0.00
0
0
0
0
2116
0.0000
0.0000
0.0000
0.0000
0.00
-0.19
-0.06
0.00
0.00
0.00
0
0
0
0
2127
0.0000
0.0000
0.0000
0.0000
-0.06
-0.31
-0.50
0.07
-0.22
0.33
0
0
0
0
2138
0.2963
0.9109
0.2870
0.0001
-0.06
-0.37
-0.31
0.04
-0.20
0.31
0
0
0
0
2148
0.2963
0.9109
0.2870
0.0001
-0.25
-0.31
-0.12
0.06
-0.21
0.28
0
0
0
0
2157
0.2963
0.9109
0.2870
0.0001
-0.06
-0.25
0.19
0.03
-0.21
0.33
0
0
0
0
2168
0.2963
0.9109
0.2870
0.0001
-0.25
-0.12
0.37
0.05
-0.21
0.34
0
0
0
0
2178
0.2963
0.9109
0.2870
0.0001
-0.06
0.31
0.37
0.06
-0.22
0.32
0
0
0
0
2188
0.2963
0.9109
0.2870
0.0001
-0.12
0.06
0.31
0.08
-0.20
0.32
0
0
0
0
2197
0.2963
0.9109
0.2870
0.0001
-0.12
0.06
0.25
0.06
-0.21
0.28
0
0
0
0
2207
0.2963
0.9109
0.2870
0.0001
-0.12
-0.12
0.19
0.07
-0.21
0.30
0
0
0
0
2217
0.2963
0.9109
0.2870
0.0001
-0.06
0.00
0.06
0.08
-0.22
0.32
0
0
1
0
2228
0.2963
0.9109
0.2870
0.0001
-0.25
-0.19
-0.06
-0.01
-0.02
0.00
0
0
1
0
2237
0.2963
0.9109
0.2870
0.0001
-0.12
-0.25
-0.12
0.00
0.01
-0.02
0
0
1
0
2247
0.2963
0.9109
0.2870
0.0001
0.06
-0.31
-0.12
-0.01
0.00
0.00
0
0
1
0
2257
0.2963
0.9109
0.2870
0.0001
-0.12
-0.31
-0.25
0.00
0.00
0.00
0
0
1
0
2268
0.2963
0.9109
0.2870
0.0001
0.00
-0.12
-0.19
0.00
-0.03
-0.01
0
0
1
0
2278
0.2963
0.9109
0.2870
0.0001
0.00
-0.19
0.00
0.00
0.00
0.00
0
0
1
0
2287
0.2963
0.9109
0.2870
0.0001
-0.06
0.12
0.12
0.01
0.00
-0.04
0
0
1
0
2297
0.2963
0.9109
0.2870
0.0001
-0.12
0.06
0.00
-0.03
-0.04
0.04
0
0
1
0
2308
0.2963
0.9109
0.2870
0.0001
0.00
-0.12
0.25
0.00
-0.02
0.01
0
0
1
0
2318
0.2963
0.9109
0.2870
0.0001
0.00
-0.19
0.12
-0.01
0.00
0.00
0
0
1
0
2327
0.2963
0.9109
0.2870
0.0001
-0.19
-0.12
0.06
0.00
0.00
0.02
0
0
1
0
2337
0.2963
0.9109
0.2870
0.0001
-0.06
-0.12
0.06
0.00
-0.02
0.00
0
0
1
0
2348
0.2963
0.9109
0.2870
0.0001
-0.06
-0.12
-0.12
-0.01
0.00
0.00
0
0
1
0
2357
0.2963
0.9109
0.2870
0.0001
0.00
-0.19
-0.25
-0.02
-0.01
0.00
0
0
1
0
2368
0.2963
0.9109
0.2870
0.0001
-0.12
-0.12
-0.19
-0.02
-0.01
0.00
0
0
1
0
2377
0.2963
0.9109
0.2870
0.0001
0.06
-0.19
-0.06
0.00
-0.02
-0.01
0
0
1
0
2387
0.2963
0.9109
0.2870
0.0001
-0.12
-0.37
0.06
0.01
0.00
0.00
0
0
1
0
2397
0.2963
0.9109
0.2870
0.0001
0.00
-0.06
0.25
-0.01
-0.01
0.00
0
0
1
0
2407
0.2963
0.9109
0.2870
0.0001
0.06
0.00
0.31
0.00
0.01
0.01
0
0
1
0
2417
0.2963
0.9109
0.2870
0.0001
-0.06
0.06
0.25
-0.02
0.01
0.04
0
0
1
0
2427
0.2963
0.9109
0.2870
0.0001
-0.06
0.00
0.19
-0.02
-0.01
0.00
0
0
1
0
2437
0.2963
0.9109
0.2870
0.0001
-0.06
-0.12
0.19
-0.02
0.00
-0.01
0
0
1
0
2447
0.2963
0.9109
0.2870
0.0001
-0.06
-0.06
0.25
0.00
-0.01
0.00
0
0
1
0
2457
0.2963
0.9109
0.2870
0.0001
-0.06
0.00
0.00
0.00
-0.02
0.03
0
0
1
0
2467
0.2963
0.9109
0.2870
0.0001
-0.06
-0.25
-0.12
0.00
-0.01
0.03
0
0
1
0
2478
0.2963
0.9109
0.2870
0.0001
-0.06
-0.19
-0.12
-0.01
0.00
0.02
0
0
1
0
2487
0.2963
0.9109
0.2870
0.0001
0.00
-0.31
-0.12
0.00
0.00
0.01
0
0
1
0
2497
0.2963
0.9109
0.2870
0.0001
-0.25
-0.25
-0.06
0.00
-0.03
0.00
0
0
1
0
2507
0.2963
0.9109
0.2870
0.0001
-0.06
-0.12
0.00
-0.01
0.00
0.00
0
0
1
0
2518
0.2963
0.9109
0.2870
0.0001
-0.06
-0.06
0.00
-0.01
-0.02
0.00
0
0
1
0
2527
0.2963
0.9109
0.2870
0.0001
-0.06
0.00
-0.06
-0.01
0.00
0.00
0
0
1
0
2537
0.2963
0.9109
0.2870
0.0001
-0.12
-0.12
0.00
0.00
-0.01
0.00
0
0
1
0
2547
0.2963
0.9109
0.2870
0.0001
-0.06
-0.25
0.12
0.00
0.00
0.00
0
0
1
0
2556
0.2963
0.9109
0.2870
0.0001
-0.12
0.00
0.06
0.00
-0.01
0.00
0
0
1
0
2567
0.2963
0.9109
0.2870
0.0001
0.00
0.19
0.06
0.00
-0.01
0.01
0
0
1
0
2577
0.2963
0.9109
0.2870
0.0001
-0.12
0.00
0.06
-0.01
-0.01
0.01
0
0
1
0
2587
0.2963
0.9109
0.2870
0.0001
-0.06
-0.12
0.06
0.00
-0.01
-0.01
0
0
1
0
2596
0.2963
0.9109
0.2870
0.0001
-0.06
-0.12
-0.25
-0.01
0.00
0.00
0
0
1
0
2607
0.2963
0.9109
0.2870
0.0001
-0.12
-0.19
-0.19
-0.01
-0.01
0.01
0
0
1
0
2617
0.2963
0.9109
0.2870
0.0001
-0.12
0.00
0.06
-0.01
0.00
0.00
0
0
1
0
2627
0.2963
0.9109
0.2870
0.0001
0.06
-0.06
-0.06
-0.02
0.00
0.02
0
0
1
0
2637
0.2963
0.9109
0.2870
0.0001
0.12
-0.19
0.06
-0.01
0.00
-0.01
0
0
1
0
2647
0.2963
0.9109
0.2870
0.0001
0.06
-0.19
-0.06
0.00
0.00
0.03
0
0
1
0
2657
0.2963
0.9109
0.2870
0.0001
0.00
-0.06
0.12
-0.02
0.01
0.01
0
0
1
0
2667
0.2963
0.9109
0.2870
0.0001
0.00
0.06
-0.19
0.00
0.00
0.01
0
0
1
0
2677
0.2963
0.9109
0.2870
0.0001
-0.12
-0.06
-0.06
-0.01
-0.02
0.01
0
0
1
0
2686
0.2963
0.9109
0.2870
0.0001
-0.19
-0.12
-0.19
-0.02
0.00
0.00
0
0
1
0
2697
0.2963
0.9109
0.2870
0.0001
-0.19
0.00
0.12
0.01
-0.02
0.00
0
0
1
0
2707
0.2963
0.9109
0.2870
0.0001
0.00
0.06
0.31
-0.02
0.00
0.04
0
0
1
0
2717
0.2963
0.9109
0.2870
0.0001
-0.12
0.19
0.31
-0.01
-0.01
0.02
0
0
1
0
2727
0.2963
0.9109
0.2870
0.0001
0.00
0.06
0.25
-0.01
0.00
0.01
0
0
1
0
2737
0.2963
0.9109
0.2870
0.0001
-0.06
-0.06
0.12
0.01
0.00
-0.03
0
0
1
0
2747
0.2963
0.9109
0.2870
0.0001
0.06
-0.06
0.12
0.00
-0.02
-0.02
0
0
1
0
2757
0.2963
0.9109
0.2870
0.0001
-0.19
-0.25
-0.06
0.00
-0.02
0.03
0
0
1
0
2766
0.2963
0.9109
0.2870
0.0001
0.00
-0.31
-0.19
0.01
0.00
0.03
0
0
1
0
2777
0.2963
0.9109
0.2870
0.0001
-0.12
-0.19
-0.19
0.00
0.00
0.00
0
0
1
0
2787
0.2963
0.9109
0.2870
0.0001
-0.19
-0.25
-0.25
-0.02
0.00
0.00
0
0
1
0
2797
0.2963
0.9109
0.2870
0.0001
-0.19
-0.12
-0.19
0.00
-0.02
0.02
0
0
1
0
2806
0.2963
0.9109
0.2870
0.0001
-0.06
-0.06
-0.12
-0.01
-0.02
0.03
0
3
1
0
2817
0.2963
0.9109
0.2870
0.0001
-0.06
-0.25
0.12
-0.02
0.00
0.00
0
3
1
0
2827
0.2963
0.9109
0.2870
0.0001
-0.12
-0.06
0.19
-0.01
0.00
0.02
0
3
1
0
2837
0.2963
0.9109
0.2870
0.0001
-0.19
0.06
0.31
0.00
-0.04
0.01
0
3
1
0
2846
0.2963
0.9109
0.2870
0.0001
-0.06
0.00
0.12
0.00
0.00
-0.01
0
3
1
0
2856
0.2963
0.9109
0.2870
0.0001
-0.12
-0.06
0.19
-0.01
0.00
0.02
0
3
1
0
2867
0.2963
0.9109
0.2870
0.0001
0.12
0.19
-0.12
-0.02
-0.02
0.03
0
3
1
0
2877
0.2963
0.9109
0.2870
0.0001
0.00
-0.12
-0.12
-0.01
-0.04
0.02
0
3
1
0
2886
0.2963
0.9109
0.2870
0.0001
-0.12
-0.06
-0.06
-0.01
0.00
0.01
0
3
1
0
2896
0.2963
0.9109
0.2870
0.0001
-0.12
-0.06
0.06
-0.01
-0.01
0.01
0
3
1
0
2907
0.2963
0.9109
0.2870
0.0001
0.00
-0.06
0.12
0.00
-0.02
0.01
0
3
1
0
2917
0.2963
0.9109
0.2870
0.0001
-0.06
0.06
0.06
-0.01
0.00
0.00
0
3
1
0
2926
0.2963
0.9109
0.2870
0.0001
-0.06
-0.19
0.00
0.00
0.00
0.00
0
3
1
0
2936
0.2963
0.9109
0.2870
0.0001
0.06
0.00
0.00
-0.01
0.00
-0.01
0
3
1
0
2947
0.2963
0.9109
0.2870
0.0001
0.00
0.12
0.06
0.00
0.01
0.00
0
3
1
0
2956
0.2963
0.9109
0.2870
0.0001
0.00
0.06
0.06
-0.02
-0.02
0.00
0
3
1
0
2966
0.2963
0.9109
0.2870
0.0001
0.06
0.12
0.06
0.00
0.00
0.00
0
3
1
0
2976
0.2963
0.9109
0.2870
0.0001
0.00
-0.06
0.00
0.00
-0.01
0.01
0
3
1
0
2987
0.2963
0.9109
0.2870
0.0001
-0.06
-0.19
-0.12
-0.01
-0.01
0.00
0
3
1
0
2997
0.2963
0.9109
0.2870
0.0001
-0.06
-0.19
-0.06
-0.02
-0.01
0.02
0
3
1
0
3006
0.2963
0.9109
0.2870
0.0001
0.06
-0.06
0.19
0.00
-0.01
0.01
0
3
1
0
3016
0.2963
0.9109
0.2870
0.0001
0.00
0.00
0.25
-0.01
-0.02
0.00
0
3
1
0
3026
0.2963
0.9109
0.2870
0.0001
0.06
0.19
0.31
0.00
-0.02
0.00
0
3
1
0
3037
0.2963
0.9109
0.2870
0.0001
0.19
-0.12
0.06
0.00
0.00
0.00
0
3
1
0
3046
0.2963
0.9109
0.2870
0.0001
0.00
-0.12
0.00
0.00
-0.02
0.00
0
3
1
0
3056
0.2963
0.9109
0.2870
0.0001
0.00
-0.25
-0.25
0.00
-0.02
0.00
0
3
1
0
3066
0.2963
0.9109
0.2870
0.0001
0.00
-0.12
-0.31
-0.01
-0.01
0.01
0
3
1
0
3077
0.2963
0.9109
0.2870
0.0001
-0.06
-0.19
-0.19
-0.01
-0.02
0.00
0
3
1
0
3086
0.2963
0.9109
0.2870
0.0001
0.00
-0.12
0.12
-0.02
-0.03
0.00
0
3
1
0
3096
0.2963
0.9109
0.2870
0.0001
0.12
-0.06
0.25
-0.02
-0.02
0.00
0
3
1
0
3106
0.2963
0.9109
0.2870
0.0001
0.06
-0.06
0.12
-0.01
0.00
0.00
0
3
1
0
3117
0.2963
0.9109
0.2870
0.0001
0.12
0.12
0.19
0.00
-0.02
0.01
0
3
1
0
3126
0.2963
0.9109
0.2870
0.0001
0.06
-0.12
0.06
0.00
-0.02
0.02
0
3
1
0
3136
0.2963
0.9109
0.2870
0.0001
0.00
-0.12
-0.06
0.00
-0.01
0.00
0
3
1
0
3146
0.2963
0.9109
0.2870
0.0001
0.00
-0.19
0.06
0.00
-0.02
0.00
0
3
1
0
3156
0.2963
0.9109
0.2870
0.0001
0.06
0.06
0.37
0.00
-0.01
0.00
0
3
1
0
3166
0.2963
0.9109
0.2870
0.0001
-0.06
0.12
0.12
-0.01
-0.01
0.01
0
3
1
0
3176
0.2963
0.9109
0.2870
0.0001
0.06
0.12
0.06
0.00
-0.01
0.02
0
3
1
0
3186
0.2963
0.9109
0.2870
0.0001
0.00
0.06
0.00
-0.01
-0.02
0.00
0
3
1
0
3196
0.2963
0.9109
0.2870
0.0001
0.00
-0.31
-0.06
0.00
-0.01
0.00
0
3
1
0
3206
0.2963
0.9109
0.2870
0.0001
-0.06
-0.19
-0.19
0.01
0.00
0.00
0
3
1
0
3216
0.2963
0.9109
0.2870
0.0001
0.00
-0.06
-0.25
0.00
-0.02
0.00
0
3
1
0
3226
0.2963
0.9109
0.2870
0.0001
-0.06
-0.12
-0.12
-0.01
0.00
0.01
0
3
1
0
3236
0.2963
0.9109
0.2870
0.0001
0.06
-0.12
0.06
0.00
-0.03
0.01
0
3
1
0
3246
0.2963
0.9109
0.2870
0.0001
0.00
-0.06
0.00
-0.01
-0.01
0.01
0
3
1
0
3256
0.2963
0.9109
0.2870
0.0001
0.00
-0.12
0.06
0.01
-0.01
0.01
0
3
1
0
3266
0.2963
0.9109
0.2870
0.0001
0.06
-0.19
0.06
0.00
-0.03
0.00
0
3
1
0
3276
0.2963
0.9109
0.2870
0.0001
-0.12
-0.12
0.12
0.00
-0.01
0.00
0
3
1
0
3286
0.2963
0.9109
0.2870
0.0001
-0.06
0.06
0.12
0.00
-0.01
-0.01
0
3
1
0
3296
0.2963
0.9109
0.2870
0.0001
0.06
-0.06
0.19
-0.01
-0.02
-0.02
0
3
1
0
3306
0.2963
0.9109
0.2870
0.0001
-0.06
-0.06
-0.06
0.00
-0.04
0.00
0
3
1
0
3316
0.2963
0.9109
0.2870
0.0001
0.06
0.06
-0.06
0.00
-0.04
0.02
0
3
1
0
3325
0.2963
0.9109
0.2870
0.0001
-0.06
0.06
-0.12
0.00
-0.04
0.00
0
3
1
0
3336
0.2963
0.9109
0.2870
0.0001
-0.06
0.00
-0.25
0.00
0.00
0.00
0
3
1
0
3346
0.2963
0.9109
0.2870
0.0001
-0.06
0.06
0.25
0.00
0.00
0.03
0
3
1
0
3356
0.2963
0.9109
0.2870
0.0001
-0.12
0.25
0.12
-0.01
0.00
0.00
0
3
1
0
3366
0.2963
0.9109
0.2870
0.0001
0.00
0.19
0.19
-0.01
0.00
0.02
0
3
1
0
3376
0.2963
0.9109
0.2870
0.0001
0.00
0.25
0.19
-0.01
0.00
0.00
0
3
1
0
3386
0.2963
0.9109
0.2870
0.0001
0.06
0.12
-0.12
0.00
-0.02
-0.01
0
3
1
0
3396
0.2963
0.9109
0.2870
0.0001
0.00
0.00
-0.12
0.00
-0.01
0.01
0
3
1
0
3405
0.2963
0.9109
0.2870
0.0001
0.06
0.00
-0.19
0.00
0.00
0.00
0
3
1
0
3416
0.2963
0.9109
0.2870
0.0001
-0.06
-0.12
-0.19
0.00
-0.01
0.00
0
3
1
0
3426
0.2963
0.9109
0.2870
0.0001
0.00
0.06
-0.06
0.00
0.00
0.02
0
3
1
0
3436
0.2963
0.9109
0.2870
0.0001
-0.06
-0.06
0.06
0.00
-0.01
-0.02
0
3
1
0
3445
0.2963
0.9109
0.2870
0.0001
0.06
0.00
0.06
-0.01
-0.01
0.00
0
3
1
0
3456
0.2963
0.9109
0.2870
0.0001
-0.06
0.06
0.06
-0.01
-0.01
-0.02
0
3
1
0
3466
0.2963
0.9109
0.2870
0.0001
0.06
0.12
0.06
-0.01
-0.02
0.02
0
3
1
0
3476
0.2963
0.9109
0.2870
0.0001
0.12
0.12
0.06
0.00
0.00
0.03
0
3
1
0
3485
0.2963
0.9109
0.2870
0.0001
0.00
0.06
0.06
0.00
0.00
0.01
0
3
1
0
3495
0.2963
0.9109
0.2870
0.0001
0.00
0.00
-0.19
-0.01
-0.01
0.01
0
3
1
0
3506
0.2963
0.9109
0.2870
0.0001
-0.12
-0.12
-0.31
-0.01
-0.01
0.00
0
3
1
0
3516
0.2963
0.9109
0.2870
0.0001
0.12
-0.06
-0.19
-0.02
0.00
0.03
0
3
1
0
3525
0.2963
0.9109
0.2870
0.0001
-0.06
0.19
-0.12
0.00
0.00
0.02
0
3
1
0
3535
0.2963
0.9109
0.2870
0.0001
-0.12
0.06
-0.19
0.00
0.00
0.00
0
3
1
0
3546
0.2963
0.9109
0.2870
0.0001
-0.12
0.19
-0.06
-0.01
-0.01
0.02
0
3
1
0
3556
0.2963
0.9109
0.2870
0.0001
0.00
0.19
0.00
0.00
-0.01
-0.01
0
3
1
0
3565
0.2963
0.9109
0.2870
0.0001
-0.06
0.12
0.25
0.00
-0.01
0.03
0
3
1
0
3575
0.2963
0.9109
0.2870
0.0001
-0.12
0.06
0.00
0.00
-0.01
0.01
0
3
1
0
3586
0.2963
0.9109
0.2870
0.0001
-0.06
0.25
0.06
-0.01
-0.01
0.00
0
3
1
0
3596
0.2963
0.9109
0.2870
0.0001
0.00
0.00
0.00
0.00
-0.03
0.02
0
3
1
0
3605
0.2963
0.9109
0.2870
0.0001
-0.12
0.00
0.06
0.00
-0.02
0.01
0
3
1
0
3615
0.2963
0.9109
0.2870
0.0001
-0.06
-0.12
0.00
-0.01
0.00
0.01
0
3
1
0
3625
0.2963
0.9109
0.2870
0.0001
-0.06
0.12
-0.06
-0.01
-0.02
0.00
0
3
1
0
3636
0.2963
0.9109
0.2870
0.0001
0.00
-0.06
-0.25
0.00
-0.02
-0.01
0
3
1
0
3645
0.2963
0.9109
0.2870
0.0001
-0.06
0.06
-0.12
0.00
-0.01
0.03
0
3
1
0
3655
0.2963
0.9109
0.2870
0.0001
0.00
-0.12
-0.06
0.00
-0.04
0.00
0
3
1
0
3665
0.2963
0.9109
0.2870
0.0001
-0.06
-0.06
-0.06
-0.01
0.00
0.00
0
3
1
0
3676
0.2963
0.9109
0.2870
0.0001
-0.06
0.00
-0.06
0.00
0.01
-0.01
0
3
1
0
3685
0.2963
0.9109
0.2870
0.0001
0.06
0.12
0.12
-0.01
-0.01
0.02
0
3
1
0
3695
0.2963
0.9109
0.2870
0.0001
0.00
0.00
0.19
0.01
-0.03
0.01
0
3
1
0
3705
0.2963
0.9109
0.2870
0.0001
0.00
-0.06
0.00
0.00
0.00
0.00
0
3
1
0
3716
0.2963
0.9109
0.2870
0.0001
-0.06
0.00
0.00
-0.01
-0.02
0.03
0
3
1
0
3725
0.2963
0.9109
0.2870
0.0001
0.00
0.12
0.00
-0.02
0.00
0.00
0
3
1
0
3735
0.2963
0.9109
0.2870
0.0001
-0.12
-0.12
-0.31
0.00
0.00
0.00
0
3
1
0
3745
0.2963
0.9109
0.2870
0.0001
0.00
-0.12
-0.31
0.00
0.00
0.00
0
3
1
0
3756
0.2963
0.9109
0.2870
0.0001
-0.06
-0.25
-0.25
-0.02
-0.02
0.01
0
3
1
0
3766
0.2963
0.9109
0.2870
0.0001
0.00
0.06
-0.06
0.00
0.00
-0.01
0
3
1
0
3775
0.2963
0.9109
0.2870
0.0001
-0.06
0.00
0.06
0.01
-0.03
0.03
0
3
1
0
3785
0.2963
0.9109
0.2870
0.0001
0.06
0.12
0.31
0.00
0.00
0.00
0
3
1
0
3795
0.2963
0.9109
0.2870
0.0001
-0.06
0.19
0.12
0.00
-0.02
0.02
0
3
1
0
3805
0.2963
0.9109
0.2870
0.0001
0.00
0.06
0.12
0.00
0.00
0.02
0
3
1
0
3815
0.2963
0.9109
0.2870
0.0001
0.00
0.06
0.12
0.00
0.00
0.00
0
3
1
0
3825
0.2963
0.9109
0.2870
0.0001
0.06
0.12
-0.25
0.01
-0.02
0.01
0
3
1
0
3835
0.2963
0.9109
0.2870
0.0001
0.00
-0.06
-0.25
-0.02
0.00
0.02
0
3
1
0
3845
0.2963
0.9109
0.2870
0.0001
0.06
-0.12
-0.31
-0.03
-0.01
0.00
0
3
1
0
3855
0.2963
0.9109
0.2870
0.0001
0.12
-0.12
-0.19
0.00
-0.01
0.00
0
3
1
0
3865
0.2963
0.9109
0.2870
0.0001
0.06
0.19
-0.25
-0.01
-0.01
0.01
0
3
1
0
3875
0.2963
0.9109
0.2870
0.0001
0.06
0.19
-0.06
0.00
-0.04
0.00
0
3
1
0
3885
0.2963
0.9109
0.2870
0.0001
0.06
0.06
0.12
-0.01
-0.01
-0.01
0
3
1
0
3895
0.2963
0.9109
0.2870
0.0001
0.00
0.06
0.12
-0.02
-0.01
0.00
0
3
1
0
3905
0.2963
0.9109
0.2870
0.0001
0.06
0.00
0.25
0.00
0.00
0.01
0
3
1
0
3915
0.2963
0.9109
0.2870
0.0001
0.00
0.19
0.12
0.00
-0.01
0.01
0
3
1
0
3924
0.2963
0.9109
0.2870
0.0001
0.06
0.19
0.31
0.00
-0.01
0.03
0
3
1
0
3935
0.2963
0.9109
0.2870
0.0001
-0.06
0.12
-0.06
0.00
-0.01
-0.01
0
3
1
0
3945
0.2963
0.9109
0.2870
0.0001
0.00
0.06
-0.25
0.00
-0.01
0.00
0
3
1
0
3955
0.2963
0.9109
0.2870
0.0001
0.00
-0.06
-0.31
0.01
-0.01
-0.01
0
3
1
0
3965
0.2963
0.9109
0.2870
0.0001
0.06
0.00
-0.31
0.01
-0.02
-0.01
0
3
1
0
3975
0.2963
0.9109
0.2870
0.0001
0.06
-0.06
-0.19
-0.01
0.00
0.01
0
3
1
0
3985
0.2963
0.9109
0.2870
0.0001
0.00
-0.06
-0.25
-0.01
-0.02
0.00
0
3
1
0
3995
0.2963
0.9109
0.2870
0.0001
-0.06
0.12
-0.12
0.00
0.00
-0.02
0
3
1
0
4004
0.2963
0.9109
0.2870
0.0001
0.00
-0.19
0.00
-0.01
-0.02
0.02
0
3
1
0
4015
0.2963
0.9109
0.2870
0.0001
0.06
0.00
0.19
0.00
0.01
0.01
0
3
1
0
4025
0.2963
0.9109
0.2870
0.0001
0.00
0.19
0.31
-0.02
-0.02
0.01
0
3
1
0
4035
0.2963
0.9109
0.2870
0.0001
0.00
0.31
0.31
-0.01
-0.03
0.01
0
3
1
0
4044
0.2963
0.9109
0.2870
0.0001
0.12
0.12
0.19
0.00
0.00
0.00
0
3
1
0
4055
0.2963
0.9109
0.2870
0.0001
-0.12
-0.06
0.06
0.00
-0.01
0.03
0
3
1
0
4065
0.2963
0.9109
0.2870
0.0001
0.00
-0.06
0.06
0.00
-0.02
0.00
0
3
1
0
4075
0.2963
0.9109
0.2870
0.0001
0.12
-0.06
-0.19
0.00
-0.02
0.01
0
3
1
0
4084
0.2963
0.9109
0.2870
0.0001
0.06
-0.19
-0.19
-0.01
-0.01
-0.01
0
3
1
0
4094
0.2963
0.9109
0.2870
0.0001
0.12
-0.12
-0.19
-0.01
-0.02
0.02
0
3
1
0
4105
0.2963
0.9109
0.2870
0.0001
0.00
-0.06
-0.19
0.00
-0.03
0.03
0
3
1
0
4115
0.2963
0.9109
0.2870
0.0001
0.06
-0.06
-0.12
0.00
-0.02
0.01
0
3
1
0
4125
0.2963
0.9109
0.2870
0.0001
0.00
0.06
-0.06
0.00
0.00
0.00
0
3
1
0
4134
0.2963
0.9109
0.2870
0.0001
0.00
0.12
0.12
0.00
0.00
-0.01
0
3
1
0
4145
0.2963
0.9109
0.2870
0.0001
0.12
-0.12
0.19
0.00
0.00
0.00
0
3
1
0
4155
0.2963
0.9109
0.2870
0.0001
0.00
0.06
0.25
0.00
-0.01
0.00
0
3
1
0
4165
0.2963
0.9109
0.2870
0.0001
0.12
-0.06
0.12
0.00
0.00
0.01
0
3
1
0
4174
0.2963
0.9109
0.2870
0.0001
-0.06
0.25
0.12
0.00
-0.02
0.00
0
3
1
0
4185
0.2963
0.9109
0.2870
0.0001
0.06
0.06
0.25
0.01
-0.01
-0.02
0
3
1
0
4195
0.2963
0.9109
0.2870
0.0001
0.00
0.19
-0.06
-0.01
-0.01
0.00
0
3
1
0
4204
0.2963
0.9109
0.2870
0.0001
-0.06
-0.06
-0.25
0.00
-0.01
0.00
0
3
1
0
4214
0.2963
0.9109
0.2870
0.0001
0.12
0.25
-0.19
0.00
0.00
-0.01
0
3
1
0
4225
0.2963
0.9109
0.2870
0.0001
0.00
-0.06
-0.06
0.00
-0.02
0.01
0
3
1
0
4235
0.2963
0.9109
0.2870
0.0001
0.00
-0.06
-0.06
-0.02
-0.01
0.00
0
3
1
0
4244
0.2963
0.9109
0.2870
0.0001
0.00
0.06
-0.19
0.00
0.00
0.00
0
3
1
0
4254
0.2963
0.9109
0.2870
0.0001
0.06
0.00
0.00
-0.02
-0.01
0.02
0
3
1
0
4264
0.2963
0.9109
0.2870
0.0001
0.06
0.06
0.06
-0.01
-0.01
0.00
0
3
1
0
4275
0.2963
0.9109
0.2870
0.0001
0.06
0.06
0.06
0.00
-0.02
0.00
0
3
1
0
4284
0.2963
0.9109
0.2870
0.0001
0.00
0.25
0.00
-0.01
-0.01
0.00
0
3
1
0
4294
0.2963
0.9109
0.2870
0.0001
0.06
0.19
0.06
0.00
0.00
-0.01
0
3
1
0
4304
0.2963
0.9109
0.2870
0.0001
0.06
0.12
0.06
0.00
-0.01
0.00
0
3
1
0
4315
0.2963
0.9109
0.2870
0.0001
0.19
0.12
0.06
0.00
-0.02
0.02
0
3
1
0
4324
0.2963
0.9109
0.2870
0.0001
-0.06
0.06
0.00
0.00
-0.01
0.01
0
3
1
0
4334
0.2963
0.9109
0.2870
0.0001
0.00
-0.06
-0.06
-0.02
0.00
0.02
0
3
1
0
4344
0.2963
0.9109
0.2870
0.0001
0.00
-0.06
-0.19
-0.01
0.00
0.01
0
3
1
0
4355
0.2963
0.9109
0.2870
0.0001
-0.06
-0.19
-0.12
0.00
0.00
0.01
0
3
1
0
4365
0.2963
0.9109
0.2870
0.0001
0.00
-0.19
-0.19
-0.02
0.01
0.01
0
3
1
0
4374
0.2963
0.9109
0.2870
0.0001
0.00
-0.06
-0.19
-0.02
0.00
0.02
0
3
1
0
4384
0.2963
0.9109
0.2870
0.0001
0.00
-0.19
0.00
0.00
-0.02
-0.03
0
3
1
0
4395
0.2963
0.9109
0.2870
0.0001
0.12
0.19
0.00
-0.02
-0.01
0.01
0
3
1
0
4405
0.2963
0.9109
0.2870
0.0001
-0.06
-0.06
-0.06
0.00
-0.01
0.01
0
3
1
0
4414
0.2963
0.9109
0.2870
0.0001
-0.06
0.00
-0.19
0.00
0.00
0.01
0
3
1
0
4424
0.2963
0.9109
0.2870
0.0001
0.00
0.06
0.00
0.00
0.00
0.01
0
3
1
0
4434
0.2963
0.9109
0.2870
0.0001
0.06
0.00
0.00
0.00
0.00
-0.02
0
3
1
0
4444
0.2963
0.9109
0.2870
0.0001
0.06
-0.06
0.00
0.00
-0.02
0.00
0
3
1
0
4454
0.2963
0.9109
0.2870
0.0001
0.19
0.06
0.06
0.00
0.00
0.00
0
3
1
0
4464
0.2963
0.9109
0.2870
0.0001
0.06
0.12
0.06
0.00
-0.02
-0.02
0
3
1
0
4474
0.2963
0.9109
0.2870
0.0001
0.06
0.06
0.00
0.00
-0.03
-0.02
0
3
1
0
4484
0.2963
0.9109
0.2870
0.0001
-0.06
-0.06
-0.06
-0.01
0.00
0.00
0
3
1
0
4494
0.2963
0.9109
0.2870
0.0001
-0.12
-0.06
-0.06
-0.01
0.00
0.00
0
3
1
0
4504
0.2963
0.9109
0.2870
0.0001
0.06
-0.06
-0.19
0.01
0.00
0.00
0
3
1
0
4514
0.2963
0.9109
0.2870
0.0001
-0.06
0.00
0.00
0.00
-0.01
0.01
0
3
1
0
4524
0.2963
0.9109
0.2870
0.0001
-0.06
0.00
0.00
-0.02
-0.01
-0.01
0
3
1
0
4534
0.2963
0.9109
0.2870
0.0001
-0.06
0.06
0.12
0.00
0.00
0.00
0
3
1
0
4544
0.2963
0.9109
0.2870
0.0001
0.06
0.00
-0.06
0.00
-0.01
0.00
0
3
1
0
4554
0.2963
0.9109
0.2870
0.0001
0.12
-0.12
-0.19
-0.01
-0.02
0.00
0
3
1
0
4564
0.2963
0.9109
0.2870
0.0001
-0.12
-0.06
-0.25
0.01
-0.01
0.01
0
3
1
0
4574
0.2963
0.9109
0.2870
0.0001
-0.06
0.19
-0.06
0.00
-0.01
-0.01
0
3
1
0
4584
0.2963
0.9109
0.2870
0.0001
-0.06
-0.06
0.06
0.00
0.00
0.00
0
3
1
0
4594
0.2963
0.9109
0.2870
0.0001
-0.06
0.12
0.12
0.01
-0.02
0.02
0
3
1
0
4604
0.2963
0.9109
0.2870
0.0001
0.06
0.12
0.19
-0.01
0.00
0.00
0
3
1
0
4614
0.2963
0.9109
0.2870
0.0001
0.06
0.19
0.12
0.01
0.00
0.00
0
3
1
0
4624
0.2963
0.9109
0.2870
0.0001
0.12
0.12
0.06
0.00
-0.03
0.01
0
3
1
0
4634
0.2963
0.9109
0.2870
0.0001
-0.06
-0.12
-0.06
0.00
0.00
-0.02
0
3
1
0
4643
0.2963
0.9109
0.2870
0.0001
-0.06
-0.31
-0.37
0.00
-0.01
0.02
0
3
1
0
4654
0.2963
0.9109
0.2870
0.0001
-0.06
-0.31
-0.19
0.00
0.00
0.01
0
3
1
0
4664
0.2963
0.9109
0.2870
0.0001
-0.06
-0.50
-0.25
0.00
0.00
0.00
0
3
1
0
4674
0.2963
0.9109
0.2870
0.0001
-0.12
-0.19
-0.06
0.00
0.01
0.01
0
3
1
0
4683
0.2963
0.9109
0.2870
0.0001
0.06
0.00
0.06
0.00
-0.02
0.04
0
3
1
0
4694
0.2963
0.9109
0.2870
0.0001
0.00
0.06
0.19
0.00
-0.01
0.00
0
3
1
0
4704
0.2963
0.9109
0.2870
0.0001
-0.12
0.06
0.31
0.00
-0.03
0.03
0
3
1
0
4714
0.2963
0.9109
0.2870
0.0001
0.00
-0.06
0.31
0.00
-0.01
0.01
0
3
1
0
4724
0.2963
0.9109
0.2870
0.0001
-0.06
-0.06
0.06
0.00
0.00
0.01
0
3
1
0
4733
0.2963
0.9109
0.2870
0.0001
0.06
-0.31
0.00
0.00
0.00
-0.03
0
3
1
0
4744
0.2963
0.9109
0.2870
0.0001
0.00
0.00
-0.06
0.02
-0.01
0.00
0
3
1
0
4754
0.2963
0.9109
0.2870
0.0001
-0.12
-0.25
-0.12
0.00
-0.01
0.02
0
3
1
0
4764
0.2963
0.9109
0.2870
0.0001
-0.06
-0.19
-0.19
0.00
0.00
-0.01
0
3
1
0
4773
0.2963
0.9109
0.2870
0.0001
0.00
0.12
-0.12
0.01
0.00
0.02
0
3
1
0
4784
0.2963
0.9109
0.2870
0.0001
0.06
0.00
-0.25
0.00
-0.01
0.01
0
3
1
0
4794
0.2963
0.9109
0.2870
0.0001
0.12
-0.12
-0.25
0.00
0.00
0.00
0
3
1
0
4803
0.2963
0.9109
0.2870
0.0001
0.00
-0.25
-0.12
-0.01
-0.03
0.01
0
3
1
0
4813
0.2963
0.9109
0.2870
0.0001
0.00
-0.12
0.00
-0.01
-0.02
0.04
0
3
1
0
4824
0.2963
0.9109
0.2870
0.0001
0.00
0.06
0.06
0.00
-0.01
0.00
0
3
1
0
4834
0.2963
0.9109
0.2870
0.0001
-0.06
0.19
0.19
-0.02
-0.02
0.03
0
3
1
0
4843
0.2963
0.9109
0.2870
0.0001
0.06
0.00
0.06
-0.01
-0.01
0.00
0
3
1
0
4853
0.2963
0.9109
0.2870
0.0001
-0.12
0.06
0.12
0.00
0.00
0.00
0
3
1
0
4864
0.2963
0.9109
0.2870
0.0001
0.00
0.06
-0.06
0.00
-0.03
0.00
0
3
1
0
4874
0.2963
0.9109
0.2870
0.0001
0.06
0.12
0.06
0.00
-0.02
-0.01
0
3
1
0
4883
0.2963
0.9109
0.2870
0.0001
0.00
0.00
-0.12
0.00
-0.03
0.02
0
3
1
0
4893
0.2963
0.9109
0.2870
0.0001
-0.12
0.00
-0.19
-0.01
-0.01
0.01
0
3
1
0
4903
0.2963
0.9109
0.2870
0.0001
0.06
-0.12
-0.25
0.00
0.00
0.00
0
3
1
0
4914
0.2963
0.9109
0.2870
0.0001
0.06
-0.25
-0.12
-0.02
-0.01
0.02
0
3
1
0
4924
0.2963
0.9109
0.2870
0.0001
-0.06
0.00
0.00
-0.02
-0.03
0.00
0
3
1
0
4933
0.2963
0.9109
0.2870
0.0001
-0.06
0.19
-0.06
-0.02
-0.02
0.00
0
3
1
0
4943
0.2963
0.9109
0.2870
0.0001
-0.06
0.06
-0.06
0.00
0.00
0.03
0
3
1
0
4954
0.2963
0.9109
0.2870
0.0001
0.00
0.12
-0.06
0.00
-0.02
-0.01
0
3
1
0
4964
0.2963
0.9109
0.2870
0.0001
0.12
0.06
-0.06
0.00
-0.01
0.00
0
3
1
0
4973
0.2963
0.9109
0.2870
0.0001
0.00
0.19
0.25
-0.01
-0.01
0.02
0
3
1
0
4983
0.2963
0.9109
0.2870
0.0001
0.00
0.19
0.12
0.00
0.00
-0.01
0
3
1
0
4994
0.2963
0.9109
0.2870
0.0001
-0.06
0.00
0.06
-0.01
-0.01
0.00
0
3
1
0
5003
0.2963
0.9109
0.2870
0.0001
-0.12
0.00
0.12
0.00
0.00
0.01
0
3
1
0
5013
0.2963
0.9109
0.2870
0.0001
0.00
0.00
0.06
-0.01
0.00
0.02
0
3
1
0
5023
0.2963
0.9109
0.2870
0.0001
0.06
-0.06
-0.06
-0.01
-0.02
0.00
0
3
1
0
5033
0.2963
0.9109
0.2870
0.0001
-0.06
-0.12
-0.19
0.00
-0.02
0.00
0
3
1
0
5044
0.2963
0.9109
0.2870
0.0001
0.06
0.06
-0.25
-0.01
0.00
0.00
0
3
1
0
5053
0.2963
0.9109
0.2870
0.0001
0.12
0.12
-0.50
0.00
-0.02
0.00
0
3
1
0
5063
0.2963
0.9109
0.2870
0.0001
0.06
-0.12
-0.19
-0.02
-0.05
0.03
0
3
1
0
5073
0.2963
0.9109
0.2870
0.0001
0.00
0.06
-0.12
-0.01
-0.02
0.00
0
3
1
0
5083
0.2963
0.9109
0.2870
0.0001
-0.06
0.19
0.00
0.01
-0.01
0.01
0
3
1
0
5093
0.2963
0.9109
0.2870
0.0001
0.00
-0.06
0.19
-0.01
0.00
0.00
0
3
1
0
5103
0.2963
0.9109
0.2870
0.0001
0.00
0.00
0.31
0.01
-0.02
0.00
0
3
1
0
5113
0.2963
0.9109
0.2870
0.0001
0.06
0.06
0.25
0.00
0.00
0.00
0
3
1
0
5123
0.2963
0.9109
0.2870
0.0001
0.12
0.19
0.19
0.00
-0.02
0.01
0
3
1
0
5133
0.2963
0.9109
0.2870
0.0001
-0.06
0.00
0.00
0.00
-0.03
-0.02
0
3
1
0
5143
0.2963
0.9109
0.2870
0.0001
-0.06
-0.06
0.00
0.00
-0.02
-0.03
0
3
1
0
5153
0.2963
0.9109
0.2870
0.0001
-0.06
-0.19
-0.19
0.00
-0.02
0.00
0
3
1
0
5164
0.2963
0.9109
0.2870
0.0001
0.12
-0.12
-0.44
-0.01
-0.01
0.00
0
3
1
0
5173
0.2963
0.9109
0.2870
0.0001
-0.06
-0.19
-0.25
0.00
-0.01
0.02
0
3
1
0
5183
0.2963
0.9109
0.2870
0.0001
0.12
-0.06
-0.12
0.00
-0.02
0.00
0
3
1
0
5193
0.2963
0.9109
0.2870
0.0001
0.00
0.19
-0.19
0.00
-0.03
0.01
0
3
1
0
5202
0.2963
0.9109
0.2870
0.0001
0.06
0.12
0.00
-0.01
-0.01
0.02
0
3
1
0
5213
0.2963
0.9109
0.2870
0.0001
-0.06
0.12
0.19
0.00
0.00
0.00
0
3
1
0
5223
0.2963
0.9109
0.2870
0.0001
-0.06
0.12
0.19
0.00
0.00
0.03
0
3
1
0
5233
0.2963
0.9109
0.2870
0.0001
0.00
0.25
0.25
0.00
0.00
0.00
0
3
1
0
5242
0.2963
0.9109
0.2870
0.0001
-0.06
0.06
0.12
-0.02
-0.01
0.01
0
3
1
0
5253
0.2963
0.9109
0.2870
0.0001
0.00
0.06
0.06
0.00
0.00
0.00
0
3
1
0
5263
0.2963
0.9109
0.2870
0.0001
0.06
0.19
-0.12
0.00
0.00
0.03
0
3
1
0
5273
0.2963
0.9109
0.2870
0.0001
0.06
0.12
0.00
0.00
-0.02
0.00
0
3
1
0
5282
0.2963
0.9109
0.2870
0.0001
-0.06
0.06
-0.12
-0.02
-0.01
-0.01
0
3
1
0
5293
0.2963
0.9109
0.2870
0.0001
0.00
-0.06
-0.31
0.00
-0.02
0.02
0
3
1
0
5303
0.2963
0.9109
0.2870
0.0001
0.00
-0.06
-0.12
-0.01
-0.02
0.02
0
3
1
0
5313
0.2963
0.9109
0.2870
0.0001
0.00
-0.19
-0.12
-0.02
-0.01
0.02
0
3
1
0
5322
0.2963
0.9109
0.2870
0.0001
0.00
-0.25
-0.19
0.00
-0.01
0.03
0
3
1
0
5332
0.2963
0.9109
0.2870
0.0001
0.06
-0.06
0.00
0.00
-0.02
-0.01
0
3
1
0
5343
0.2963
0.9109
0.2870
0.0001
-0.06
-0.06
0.19
0.01
0.00
0.00
0
3
1
0
5353
0.2963
0.9109
0.2870
0.0001
0.00
0.00
0.19
0.00
-0.01
0.01
0
3
1
0
5363
0.2963
0.9109
0.2870
0.0001
0.00
0.06
0.12
0.00
-0.02
0.00
0
3
1
0
5372
0.2963
0.9109
0.2870
0.0001
-0.06
-0.12
0.06
-0.02
-0.03
0.04
0
3
1
0
5383
0.2963
0.9109
0.2870
0.0001
-0.12
-0.06
-0.06
0.00
-0.01
0.00
0
3
1
0
5393
0.2963
0.9109
0.2870
0.0001
0.00
-0.06
0.06
0.00
-0.02
0.00
0
3
1
0
5402
0.2963
0.9109
0.2870
0.0001
0.00
-0.12
-0.12
0.00
0.00
0.02
0
3
1
0
5412
0.2963
0.9109
0.2870
0.0001
-0.06
-0.06
-0.19
0.00
-0.01
0.03
0
3
1
0
5423
0.2963
0.9109
0.2870
0.0001
-0.06
0.00
-0.19
0.00
0.00
0.01
0
3
1
0
5433
0.2963
0.9109
0.2870
0.0001
-0.06
0.12
-0.12
0.01
0.00
0.01
0
3
1
0
5442
0.2963
0.9109
0.2870
0.0001
0.06
0.06
0.06
-0.01
-0.01
0.00
0
3
1
0
5452
0.2963
0.9109
0.2870
0.0001
0.06
0.12
0.12
0.00
-0.01
0.00
0
3
1
0
5463
0.2963
0.9109
0.2870
0.0001
0.06
0.00
0.19
0.00
-0.02
0.00
0
3
1
0
5473
0.2963
0.9109
0.2870
0.0001
0.12
-0.06
-0.06
-0.02
0.00
0.00
0
3
1
0
5482
0.2963
0.9109
0.2870
0.0001
0.06
-0.19
-0.06
-0.01
0.01
0.02
0
3
1
0
5492
0.2963
0.9109
0.2870
0.0001
-0.06
-0.19
-0.06
0.00
0.00
0.00
0
3
1
0
5502
0.2963
0.9109
0.2870
0.0001
0.00
-0.25
-0.25
0.00
0.00
0.02
0
3
1
0
5513
0.2963
0.9109
0.2870
0.0001
0.06
-0.19
-0.06
-0.01
-0.01
0.00
0
3
1
0
5522
0.2963
0.9109
0.2870
0.0001
0.00
0.06
-0.06
0.00
0.00
0.00
0
3
1
0
5532
0.2963
0.9109
0.2870
0.0001
0.00
0.12
0.00
-0.01
-0.01
0.01
0
3
1
0
5542
0.2963
0.9109
0.2870
0.0001
0.06
0.00
0.12
0.00
-0.02
0.00
0
3
1
0
5553
0.2963
0.9109
0.2870
0.0001
-0.12
-0.06
0.12
0.00
-0.01
0.00
0
3
1
0
5563
0.2963
0.9109
0.2870
0.0001
0.00
0.06
0.25
0.00
0.00
0.02
0
3
1
0
5572
0.2963
0.9109
0.2870
0.0001
0.00
0.00
0.06
0.01
0.00
-0.01
0
3
1
0
5582
0.2963
0.9109
0.2870
0.0001
-0.06
0.06
0.06
-0.02
0.00
0.00
0
3
1
0
5593
0.2963
0.9109
0.2870
0.0001
-0.06
-0.12
0.06
0.00
-0.02
0.01
0
3
1
0
5602
0.2963
0.9109
0.2870
0.0001
0.00
-0.12
-0.19
-0.01
0.01
0.04
0
3
1
0
5612
0.2963
0.9109
0.2870
0.0001
0.00
-0.12
-0.31
0.00
0.00
0.03
0
3
1
0
5622
0.2963
0.9109
0.2870
0.0001
0.06
-0.06
-0.25
0.00
-0.02
0.03
0
3
1
0
5633
0.2963
0.9109
0.2870
0.0001
-0.06
-0.06
-0.31
0.00
-0.02
0.00
0
3
1
0
5642
0.2963
0.9109
0.2870
0.0001
0.00
-0.19
-0.19
-0.01
-0.01
-0.02
0
3
1
0
5652
0.2963
0.9109
0.2870
0.0001
-0.06
-0.06
-0.06
0.00
-0.02
0.00
0
3
1
0
5662
0.2963
0.9109
0.2870
0.0001
-0.06
0.25
0.00
0.00
-0.02
0.01
0
3
1
0
5672
0.2963
0.9109
0.2870
0.0001
0.00
0.06
0.31
-0.01
0.00
0.02
0
3
1
0
5682
0.2963
0.9109
0.2870
0.0001
-0.06
0.00
0.31
0.00
-0.01
0.01
0
3
1
0
5692
0.2963
0.9109
0.2870
0.0001
0.00
0.12
0.12
0.00
0.00
-0.01
0
3
1
0
5702
0.2963
0.9109
0.2870
0.0001
-0.12
0.00
0.19
0.00
-0.03
0.01
0
3
1
0
5712
0.2963
0.9109
0.2870
0.0001
0.00
0.19
0.06
0.00
-0.01
0.01
0
3
1
0
5722
0.2963
0.9109
0.2870
0.0001
-0.06
0.06
0.00
-0.01
-0.01
0.01
0
3
1
0
5732
0.2963
0.9109
0.2870
0.0001
-0.06
-0.31
-0.12
0.00
0.00
0.00
0
3
1
0
5742
0.2963
0.9109
0.2870
0.0001
-0.06
-0.12
-0.37
0.00
-0.02
0.00
0
3
1
0
5752
0.2963
0.9109
0.2870
0.0001
-0.06
-0.12
-0.37
-0.02
0.00
0.04
0
3
1
0
5763
0.2963
0.9109
0.2870
0.0001
0.06
-0.19
-0.25
-0.01
-0.02
0.01
0
3
1
0
5772
0.2963
0.9109
0.2870
0.0001
-0.06
0.00
0.00
0.00
-0.03
0.00
0
3
1
0
5782
0.2963
0.9109
0.2870
0.0001
-0.06
-0.06
0.12
-0.01
-0.01
-0.01
0
3
1
0
5792
0.2963
0.9109
0.2870
0.0001
-0.12
0.06
0.25
-0.01
-0.02
0.04
0
3
1
0
5803
0.2963
0.9109
0.2870
0.0001
0.06
0.12
0.25
0.00
-0.02
0.00
0
3
1
0
5812
0.2963
0.9109
0.2870
0.0001
-0.06
0.06
0.25
0.00
0.00
0.02
0
3
1
0
5822
0.2963
0.9109
0.2870
0.0001
0.00
0.12
0.25
0.00
0.00
0.00
0
3
1
0
5832
0.2963
0.9109
0.2870
0.0001
0.00
-0.06
0.06
-0.01
0.00
0.01
0
3
1
0
5841
0.2963
0.9109
0.2870
0.0001
0.00
0.00
-0.06
0.00
0.01
0.00
0
3
1
0
5852
0.2963
0.9109
0.2870
0.0001
0.06
0.06
-0.37
0.00
-0.01
0.01
0
3
1
0
5862
0.2963
0.9109
0.2870
0.0001
0.06
-0.19
-0.44
0.00
0.00
0.02
0
3
1
0
5872
0.2963
0.9109
0.2870
0.0001
0.00
-0.06
-0.31
0.00
-0.02
0.00
0
3
1
0
5881
0.2963
0.9109
0.2870
0.0001
0.12
-0.12
-0.12
0.00
0.00
0.00
0
3
1
0
5892
0.2963
0.9109
0.2870
0.0001
0.06
-0.06
0.00
0.00
-0.01
0.01
0
3
1
0
5902
0.2963
0.9109
0.2870
0.0001
0.06
-0.06
0.12
0.00
-0.01
0.01
0
3
1
0
5912
0.2963
0.9109
0.2870
0.0001
-0.12
0.00
0.19
0.00
-0.01
0.02
0
3
1
0
5921
0.2963
0.9109
0.2870
0.0001
0.06
-0.06
0.12
0.00
0.00
0.00
0
3
1
0
5932
0.2963
0.9109
0.2870
0.0001
0.06
-0.12
0.00
0.00
0.00
0.00
0
3
1
0
5942
0.2963
0.9109
0.2870
0.0001
0.06
0.06
0.00
0.00
-0.02
0.01
0
3
1
0
5952
0.2963
0.9109
0.2870
0.0001
0.06
-0.25
0.12
0.00
-0.01
0.01
0
3
1
0
5962
0.2963
0.9109
0.2870
0.0001
0.06
-0.19
0.06
0.00
-0.02
0.01
0
3
1
0
5971
0.2963
0.9109
0.2870
0.0001
-0.06
-0.06
-0.19
0.00
0.00
0.01
0
3
1
0
5982
0.2963
0.9109
0.2870
0.0001
0.06
-0.31
-0.06
0.00
-0.02
0.00
0
3
1
0
5992
0.2963
0.9109
0.2870
0.0001
0.06
-0.25
0.00
0.00
0.00
-0.01
0
3
1
0
6001
0.2963
0.9109
0.2870
0.0001
0.12
-0.19
-0.19
0.00
0.00
0.00
0
3
1
0
6011
0.2963
0.9109
0.2870
0.0001
0.06
0.00
-0.19
-0.02
0.00
0.01
0
3
1
0
6022
0.2963
0.9109
0.2870
0.0001
0.25
-0.06
-0.12
0.00
0.00
0.00
0
3
1
0
6032
0.2963
0.9109
0.2870
0.0001
0.06
-0.12
0.00
-0.01
-0.01
0.00
0
3
1
0
6041
0.2963
0.9109
0.2870
0.0001
-0.06
-0.06
0.12
0.00
-0.01
0.00
0
3
1
0
6051
0.2963
0.9109
0.2870
0.0001
0.06
0.00
0.06
0.00
-0.02
-0.01
0
3
1
0
6062
0.2963
0.9109
0.2870
0.0001
-0.12
0.00
0.12
0.01
-0.01
0.02
0
3
1
0
6072
0.2963
0.9109
0.2870
0.0001
0.06
-0.12
0.06
-0.02
-0.01
0.03
0
3
1
0
6081
0.2963
0.9109
0.2870
0.0001
0.06
0.25
-0.06
0.00
0.00
0.00
0
3
1
0
6091
0.2963
0.9109
0.2870
0.0001
0.06
0.00
0.00
0.00
0.00
-0.01
0
3
1
0
6102
0.2963
0.9109
0.2870
0.0001
0.06
0.00
-0.06
0.00
-0.01
0.01
0
3
1
0
6112
0.2963
0.9109
0.2870
0.0001
0.00
-0.06
-0.19
0.01
-0.01
0.01
0
3
1
0
6122
0.2963
0.9109
0.2870
0.0001
0.06
-0.12
-0.25
0.00
-0.02
0.00
0
3
1
0
6131
0.2963
0.9109
0.2870
0.0001
0.00
-0.12
-0.19
0.01
0.00
0.01
0
3
1
0
6141
0.2963
0.9109
0.2870
0.0001
0.12
-0.31
0.06
-0.01
-0.02
0.00
0
3
1
0
6152
0.2963
0.9109
0.2870
0.0001
-0.06
-0.06
0.19
0.02
-0.01
0.00
0
3
1
0
6162
0.2963
0.9109
0.2870
0.0001
0.06
-0.06
0.37
0.02
0.00
0.00
0
3
1
0
6171
0.2963
0.9109
0.2870
0.0001
0.12
0.06
0.19
-0.01
-0.01
0.00
0
3
1
0
6181
0.2963
0.9109
0.2870
0.0001
0.12
-0.06
0.06
0.00
-0.01
-0.02
0
3
1
0
6192
0.2963
0.9109
0.2870
0.0001
0.06
0.00
-0.12
0.00
0.00
0.00
0
3
1
0
6201
0.2963
0.9109
0.2870
0.0001
0.06
-0.19
-0.12
-0.02
-0.01
0.00
0
3
1
0
6211
0.2963
0.9109
0.2870
0.0001
0.12
-0.19
-0.06
0.00
-0.02
-0.01
0
3
1
0
6221
0.2963
0.9109
0.2870
0.0001
0.06
0.00
0.00
0.00
-0.01
-0.01
0
3
1
0
6232
0.2963
0.9109
0.2870
0.0001
-0.06
0.12
-0.12
0.00
0.00
0.00
0
3
1
0
6241
0.2963
0.9109
0.2870
0.0001
0.12
-0.12
-0.06
0.01
0.00
0.02
0
3
1
0
6251
0.2963
0.9109
0.2870
0.0001
-0.06
-0.06
0.12
-0.01
-0.01
0.01
0
3
1
0
6261
0.2963
0.9109
0.2870
0.0001
0.00
-0.12
-0.06
0.00
0.00
0.00
0
3
1
0
6272
0.2963
0.9109
0.2870
0.0001
0.00
-0.06
0.19
0.00
-0.01
0.00
0
3
1
0
6282
0.2963
0.9109
0.2870
0.0001
0.06
0.12
0.06
0.01
-0.01
0.00
0
3
1
0
6291
0.2963
0.9109
0.2870
0.0001
0.19
0.00
-0.06
0.00
-0.01
-0.02
0
3
1
0
6301
0.2963
0.9109
0.2870
0.0001
-0.19
-0.12
-0.25
0.00
0.00
0.02
0
3
1
0
6311
0.2963
0.9109
0.2870
0.0001
0.06
-0.19
-0.25
-0.01
0.00
-0.01
0
3
1
0
6322
0.2963
0.9109
0.2870
0.0001
-0.06
-0.12
-0.25
0.00
-0.01
0.04
0
3
1
0
6331
0.2963
0.9109
0.2870
0.0001
-0.12
-0.12
0.00
0.00
0.00
0.00
0
3
1
0
6341
0.2963
0.9109
0.2870
0.0001
0.06
-0.06
-0.12
-0.02
0.00
-0.01
0
3
1
0
6351
0.2963
0.9109
0.2870
0.0001
0.12
0.06
0.12
0.00
-0.01
0.02
0
3
1
0
6362
0.2963
0.9109
0.2870
0.0001
-0.06
0.06
0.31
-0.01
-0.02
0.00
0
3
1
0
6371
0.2963
0.9109
0.2870
0.0001
-0.19
0.06
0.06
0.00
-0.01
0.00
0
3
1
0
6381
0.2963
0.9109
0.2870
0.0001
0.00
0.06
0.12
0.01
-0.01
0.00
0
3
1
0
6391
0.2963
0.9109
0.2870
0.0001
-0.06
-0.06
0.00
-0.01
-0.03
0.00
0
3
1
0
6402
0.2963
0.9109
0.2870
0.0001
0.12
0.12
0.00
-0.01
-0.02
0.01
0
3
1
0
6411
0.2963
0.9109
0.2870
0.0001
0.06
0.06
-0.12
0.00
0.00
0.01
0
3
1
0
6421
0.2963
0.9109
0.2870
0.0001
0.00
-0.06
-0.06
0.00
0.00
0.00
0
3
1
0
6431
0.2963
0.9109
0.2870
0.0001
0.00
-0.12
0.00
0.01
-0.01
-0.01
0
3
1
0
6441
0.2963
0.9109
0.2870
0.0001
0.00
-0.25
-0.19
0.00
0.00
0.00
0
3
1
0
6451
0.2963
0.9109
0.2870
0.0001
0.00
-0.19
-0.19
-0.02
-0.02
0.00
0
3
1
0
6461
0.2963
0.9109
0.2870
0.0001
0.00
0.00
-0.25
0.00
-0.01
0.00
0
3
1
0
6471
0.2963
0.9109
0.2870
0.0001
0.00
0.12
-0.12
0.00
-0.03
0.00
0
3
1
0
6481
0.2963
0.9109
0.2870
0.0001
0.00
0.06
0.00
0.00
-0.01
-0.02
0
3
1
0
6491
0.2963
0.9109
0.2870
0.0001
0.06
0.06
0.12
-0.01
0.00
0.00
0
3
1
0
6501
0.2963
0.9109
0.2870
0.0001
0.06
0.19
0.19
0.00
-0.01
0.01
0
3
1
0
6511
0.2963
0.9109
0.2870
0.0001
-0.06
0.19
0.06
0.03
-0.01
-0.01
0
3
1
0
6521
0.2963
0.9109
0.2870
0.0001
-0.06
0.06
0.12
0.00
-0.01
0.01
0
3
1
0
6531
0.2963
0.9109
0.2870
0.0001
0.06
0.00
-0.06
0.00
-0.01
-0.01
0
3
1
0
6541
0.2963
0.9109
0.2870
0.0001
0.00
0.00
-0.06
0.00
-0.01
0.00
0
3
1
0
6551
0.2963
0.9109
0.2870
0.0001
0.06
0.00
-0.06
0.00
-0.02
0.01
0
3
1
0
6561
0.2963
0.9109
0.2870
0.0001
0.00
-0.19
0.00
0.00
-0.01
0.03
0
3
1
0
6571
0.2963
0.9109
0.2870
0.0001
-0.12
0.00
-0.06
0.00
0.00
0.00
0
3
1
0
6581
0.2963
0.9109
0.2870
0.0001
0.19
0.06
-0.25
-0.02
0.00
-0.02
0
3
1
0
6591
0.2963
0.9109
0.2870
0.0001
0.06
0.00
-0.06
-0.01
0.01
0.00
0
3
1
0
6601
0.2963
0.9109
0.2870
0.0001
0.00
0.00
-0.12
0.00
0.00
0.00
0
3
1
0
6610
0.2963
0.9109
0.2870
0.0001
0.00
-0.12
-0.25
0.00
-0.01
0.01
0
3
1
0
6621
0.2963
0.9109
0.2870
0.0001
0.00
0.06
-0.12
0.00
-0.04
0.00
0
3
1
0
6631
0.2963
0.9109
0.2870
0.0001
0.06
0.25
0.06
0.00
-0.01
0.00
0
3
1
0
6641
0.2963
0.9109
0.2870
0.0001
0.00
0.12
0.06
0.00
0.00
0.02
0
3
1
0
6650
0.2963
0.9109
0.2870
0.0001
0.00
-0.19
0.19
-0.02
-0.01
0.02
0
3
1
0
6661
0.2963
0.9109
0.2870
0.0001
0.00
0.06
0.12
0.00
-0.01
0.04
0
3
1
0
6671
0.2963
0.9109
0.2870
0.0001
0.12
0.00
-0.06
0.01
0.01
0.00
0
3
1
0
6680
0.2963
0.9109
0.2870
0.0001
0.12
0.06
0.00
0.00
-0.01
-0.01
0
3
1
0
6690
0.2963
0.9109
0.2870
0.0001
0.00
-0.12
-0.12
0.00
0.00
0.02
0
3
1
0
6701
0.2963
0.9109
0.2870
0.0001
0.00
0.12
-0.25
-0.01
-0.02
0.03
0
3
1
0
6711
0.2963
0.9109
0.2870
0.0001
0.00
0.00
-0.12
-0.02
-0.02
0.00
0
3
1
0
6721
0.2963
0.9109
0.2870
0.0001
0.06
0.06
-0.06
-0.01
-0.02
0.01
0
3
1
0
6730
0.2963
0.9109
0.2870
0.0001
-0.12
-0.12
0.00
0.00
-0.02
-0.01
0
3
1
0
6740
0.2963
0.9109
0.2870
0.0001
0.00
0.06
0.06
0.00
-0.02
0.00
0
3
1
0
6751
0.2963
0.9109
0.2870
0.0001
0.00
0.12
0.19
0.01
-0.01
0.01
0
3
1
0
6761
0.2963
0.9109
0.2870
0.0001
0.00
0.19
0.12
0.00
-0.01
0.02
0
3
1
0
6770
0.2963
0.9109
0.2870
0.0001
0.00
0.31
0.00
-0.01
-0.01
0.04
0
3
1
0
6780
0.2963
0.9109
0.2870
0.0001
0.06
0.06
0.00
0.00
0.00
0.00
0
3
1
0
6791
0.2963
0.9109
0.2870
0.0001
0.06
-0.12
-0.06
-0.02
0.00
0.00
0
3
1
0
6801
0.2963
0.9109
0.2870
0.0001
0.00
-0.12
-0.12
0.00
0.00
-0.01
0
3
1
0
6811
0.2963
0.9109
0.2870
0.0001
-0.06
-0.06
-0.19
0.00
0.00
0.01
0
3
1
0
6820
0.2963
0.9109
0.2870
0.0001
0.06
-0.12
0.00
0.00
-0.03
0.01
0
3
1
0
6831
0.2963
0.9109
0.2870
0.0001
0.06
-0.12
-0.06
0.00
0.00
0.01
0
3
1
0
6841
0.2963
0.9109
0.2870
0.0001
0.00
0.00
0.00
0.01
-0.01
0.00
0
3
1
0
6850
0.2963
0.9109
0.2870
0.0001
0.00
0.25
0.00
0.00
-0.01
0.01
0
3
1
0
6860
0.2963
0.9109
0.2870
0.0001
0.00
0.00
0.00
0.00
-0.02
0.01
0
3
1
0
6871
0.2963
0.9109
0.2870
0.0001
0.06
0.19
0.00
-0.02
-0.01
0.00
0
3
1
0
6880
0.2963
0.9109
0.2870
0.0001
0.12
0.19
-0.12
0.00
-0.01
0.00
0
3
1
0
6890
0.2963
0.9109
0.2870
0.0001
-0.06
-0.06
0.06
0.00
0.00
0.02
0
3
1
0
6900
0.2963
0.9109
0.2870
0.0001
-0.06
-0.19
0.12
0.00
-0.02
0.02
0
3
1
0
6910
0.2963
0.9109
0.2870
0.0001
0.00
0.12
0.06
0.00
-0.02
0.01
0
3
1
0
6921
0.2963
0.9109
0.2870
0.0001
0.00
0.00
0.12
-0.02
-0.02
0.03
0
3
1
0
6930
0.2963
0.9109
0.2870
0.0001
0.00
0.06
0.00
0.00
-0.02
0.00
0
3
1
0
6940
0.2963
0.9109
0.2870
0.0001
0.19
0.06
-0.06
0.02
0.00
0.00
0
3
1
0
6950
0.2963
0.9109
0.2870
0.0001
0.06
0.00
0.06
0.00
-0.03
0.02
0
3
1
0
6961
0.2963
0.9109
0.2870
0.0001
0.00
0.00
0.19
0.00
0.00
0.05
0
3
1
0
6970
0.2963
0.9109
0.2870
0.0001
-0.06
0.06
0.00
0.00
-0.01
0.02
0
3
1
0
6980
0.2963
0.9109
0.2870
0.0001
0.00
-0.06
0.06
-0.01
0.00
0.00
0
3
1
0
6990
0.2963
0.9109
0.2870
0.0001
0.00
-0.19
0.00
0.00
-0.02
0.00
0
3
1
0
7000
0.2963
0.9109
0.2870
0.0001
0.00
0.19
0.12
0.00
0.00
0.01
0
3
1
0
7010
0.2963
0.9109
0.2870
0.0001
0.06
-0.06
0.25
-0.01
-0.01
0.05
0
3
1
0
7020
0.2963
0.9109
0.2870
0.0001
0.00
0.06
0.31
0.01
-0.02
0.00
0
3
1
0
7030
0.2963
0.9109
0.2870
0.0001
0.00
0.19
0.19
0.00
-0.01
0.00
0
3
1
0
7040
0.2963
0.9109
0.2870
0.0001
0.06
-0.06
-0.06
-0.01
-0.01
0.00
0
3
1
0
7050
0.2963
0.9109
0.2870
0.0001
0.12
-0.06
-0.06
-0.01
-0.02
0.02
0
3
1
0
7060
0.2963
0.9109
0.2870
0.0001
0.00
0.06
-0.25
0.00
-0.01
0.01
0
3
1
0
7070
0.2963
0.9109
0.2870
0.0001
0.00
0.06
-0.06
-0.01
-0.01
-0.01
0
3
1
0
7080
0.2963
0.9109
0.2870
0.0001
-0.06
0.00
-0.06
-0.01
0.00
0.00
0
3
1
0
7090
0.2963
0.9109
0.2870
0.0001
0.00
0.06
0.19
0.01
0.00
0.03
0
3
1
0
7100
0.2963
0.9109
0.2870
0.0001
0.12
0.00
0.12
0.00
-0.01
0.01
0
3
1
0
7110
0.2963
0.9109
0.2870
0.0001
0.12
0.06
0.12
0.01
-0.01
0.00
0
3
1
0
7120
0.2963
0.9109
0.2870
0.0001
-0.06
0.12
0.19
-0.01
0.00
0.00
0
3
1
0
7130
0.2963
0.9109
0.2870
0.0001
0.00
0.19
-0.06
0.00
0.00
-0.02
0
3
1
0
7140
0.2963
0.9109
0.2870
0.0001
0.00
0.00
0.00
0.00
-0.03
-0.01
0
3
1
0
7150
0.2963
0.9109
0.2870
0.0001
0.06
-0.12
-0.19
0.00
-0.02
-0.01
0
3
1
0
7160
0.2963
0.9109
0.2870
0.0001
-0.19
-0.06
-0.12
0.00
-0.01
0.00
0
3
1
0
7170
0.2963
0.9109
0.2870
0.0001
0.06
0.12
-0.19
0.00
-0.02
0.00
0
3
1
0
7180
0.2963
0.9109
0.2870
0.0001
0.00
0.19
-0.06
0.01
-0.01
0.01
0
3
1
0
7190
0.2963
0.9109
0.2870
0.0001
0.00
0.12
0.19
0.00
-0.01
0.00
0
3
1
0
7200
0.2963
0.9109
0.2870
0.0001
0.00
0.12
0.19
-0.01
0.00
0.01
0
3
1
0
7211
0.2963
0.9109
0.2870
0.0001
0.00
0.12
0.12
-0.01
-0.01
-0.02
0
3
1
0
7220
0.2963
0.9109
0.2870
0.0001
0.00
-0.12
0.19
0.01
-0.01
0.00
0
3
1
0
7230
0.2963
0.9109
0.2870
0.0001
0.06
0.19
0.25
0.01
-0.04
0.00
0
3
1
0
7240
0.2963
0.9109
0.2870
0.0001
0.06
0.19
0.06
0.00
-0.01
0.00
0
3
1
0
7249
0.2963
0.9109
0.2870
0.0001
0.06
0.12
-0.06
0.00
0.00
-0.02
0
3
1
0
7260
0.2963
0.9109
0.2870
0.0001
0.00
-0.06
-0.19
0.01
0.00
0.01
0
3
1
0
7270
0.2963
0.9109
0.2870
0.0001
0.06
0.06
-0.25
0.00
-0.01
0.00
0
3
1
0
7280
0.2963
0.9109
0.2870
0.0001
0.00
0.06
-0.19
0.01
-0.02
0.00
0
3
1
0
7289
0.2963
0.9109
0.2870
0.0001
0.06
0.12
-0.19
0.00
0.00
0.00
0
3
1
0
7300
0.2963
0.9109
0.2870
0.0001
0.06
0.06
-0.12
0.01
0.00
-0.02
0
3
1
0
7310
0.2963
0.9109
0.2870
0.0001
-0.06
-0.06
0.00
-0.01
-0.01
0.00
0
3
1
0
7320
0.2963
0.9109
0.2870
0.0001
-0.06
-0.12
0.25
0.00
-0.01
0.01
0
3
1
0
7329
0.2963
0.9109
0.2870
0.0001
0.06
0.19
0.19
0.00
0.00
0.00
0
3
1
0
7340
0.2963
0.9109
0.2870
0.0001
-0.06
0.06
0.25
0.00
0.00
0.02
0
3
1
0
7350
0.2963
0.9109
0.2870
0.0001
0.06
0.06
0.06
0.01
0.00
-0.01
0
3
1
0
7360
0.2963
0.9109
0.2870
0.0001
0.00
0.00
0.12
-0.01
-0.01
0.00
0
3
1
0
7369
0.2963
0.9109
0.2870
0.0001
0.06
-0.19
0.06
0.00
-0.02
0.03
0
3
1
0
7379
0.2963
0.9109
0.2870
0.0001
-0.06
-0.12
-0.19
0.00
-0.02
-0.01
0
3
1
0
7390
0.2963
0.9109
0.2870
0.0001
-0.06
-0.06
0.06
0.01
-0.01
-0.02
0
3
1
0
7400
0.2963
0.9109
0.2870
0.0001
0.25
-0.06
0.12
0.00
-0.01
0.02
0
3
1
0
7410
0.2963
0.9109
0.2870
0.0001
-0.06
-0.06
0.00
0.00
-0.01
0.02
0
3
1
0
7419
0.2963
0.9109
0.2870
0.0001
-0.06
0.12
0.06
0.00
-0.01
-0.01
0
3
1
0
7430
0.2963
0.9109
0.2870
0.0001
0.00
0.00
-0.06
0.01
-0.01
0.00
0
3
1
0
7440
0.2963
0.9109
0.2870
0.0001
-0.12
-0.19
0.00
0.00
-0.01
0.00
0
3
1
0
7449
0.2963
0.9109
0.2870
0.0001
0.00
-0.25
0.00
-0.01
0.00
0.00
0
3
1
0
7459
0.2963
0.9109
0.2870
0.0001
0.06
0.00
0.06
-0.01
-0.02
0.00
0
3
1
0
7470
0.2963
0.9109
0.2870
0.0001
0.00
0.12
0.06
0.01
-0.02
0.00
0
3
1
0
7480
0.2963
0.9109
0.2870
0.0001
0.06
0.00
0.12
0.01
-0.01
0.00
0
3
1
0
7489
0.2963
0.9109
0.2870
0.0001
0.00
-0.12
0.19
0.00
-0.01
-0.01
0
3
1
0
7499
0.2963
0.9109
0.2870
0.0001
0.00
0.06
0.19
0.00
-0.01
0.02
0
3
1
0
7510
0.2963
0.9109
0.2870
0.0001
0.06
0.00
0.19
0.01
-0.01
0.00
0
3
1
0
7520
0.2963
0.9109
0.2870
0.0001
0.00
0.00
0.12
0.00
0.00
0.00
0
3
1
0
7529
0.2963
0.9109
0.2870
0.0001
0.00
0.06
0.00
-0.01
0.01
-0.02
0
3
1
0
7539
0.2963
0.9109
0.2870
0.0001
0.00
-0.25
-0.12
0.00
0.00
0.00
0
3
1
0
7549
0.2963
0.9109
0.2870
0.0001
0.12
-0.25
-0.06
0.00
0.00
0.00
0
3
1
0
7560
0.2963
0.9109
0.2870
0.0001
0.06
-0.12
-0.06
0.00
0.00
0.02
0
3
1
0
7569
0.2963
0.9109
0.2870
0.0001
-0.06
-0.06
0.06
0.00
0.00
0.00
0
3
1
0
7579
0.2963
0.9109
0.2870
0.0001
0.00
-0.06
0.06
-0.02
0.00
0.01
0
3
1
0
7589
0.2963
0.9109
0.2870
0.0001
0.06
-0.06
0.12
-0.01
-0.01
0.00
0
3
1
0
7600
0.2963
0.9109
0.2870
0.0001
0.06
0.12
0.19
0.00
-0.02
0.00
0
3
1
0
7610
0.2963
0.9109
0.2870
0.0001
0.06
-0.06
0.06
-0.02
0.00
0.00
0
3
1
0
7619
0.2963
0.9109
0.2870
0.0001
0.00
-0.19
0.12
-0.01
0.00
0.01
0
3
1
0
7629
0.2963
0.9109
0.2870
0.0001
0.06
-0.12
0.06
-0.01
-0.02
0.00
0
3
1
0
7640
0.2963
0.9109
0.2870
0.0001
-0.06
0.06
0.00
0.02
-0.01
-0.02
0
3
1
0
7649
0.2963
0.9109
0.2870
0.0001
0.06
0.00
0.12
0.01
-0.01
0.01
0
3
1
0
7659
0.2963
0.9109
0.2870
0.0001
0.00
0.12
0.06
0.00
-0.02
0.02
0
3
1
0
7669
0.2963
0.9109
0.2870
0.0001
0.06
0.06
0.06
0.00
-0.03
0.00
0
3
1
0
7680
0.2963
0.9109
0.2870
0.0001
0.00
-0.12
-0.12
0.00
-0.01
0.00
0
3
1
0
7689
0.2963
0.9109
0.2870
0.0001
-0.06
-0.19
-0.12
0.02
-0.02
0.00
0
3
1
0
7699
0.2963
0.9109
0.2870
0.0001
0.00
-0.19
-0.12
0.02
-0.01
0.01
0
3
1
0
7709
0.2963
0.9109
0.2870
0.0001
0.00
-0.12
0.12
0.00
-0.03
0.01
0
3
1
0
7719
0.2963
0.9109
0.2870
0.0001
0.00
-0.06
0.19
0.00
0.00
-0.02
0
3
1
0
7729
0.2963
0.9109
0.2870
0.0001
0.00
-0.06
0.19
0.00
0.00
0.00
0
3
1
0
7739
0.2963
0.9109
0.2870
0.0001
0.06
-0.06
0.12
-0.01
0.00
0.00
0
3
1
0
7749
0.2963
0.9109
0.2870
0.0001
0.06
0.00
-0.06
0.00
0.00
0.00
0
3
1
0
7759
0.2963
0.9109
0.2870
0.0001
0.12
0.06
-0.19
0.00
0.00
0.00
0
3
1
0
7769
0.2963
0.9109
0.2870
0.0001
-0.06
0.06
0.00
0.01
0.00
0.03
0
3
1
0
7779
0.2963
0.9109
0.2870
0.0001
-0.06
0.00
0.00
0.00
-0.01
-0.01
0
3
1
0
7789
0.2963
0.9109
0.2870
0.0001
-0.06
-0.06
0.00
0.00
-0.01
0.00
0
3
1
0
7799
0.2963
0.9109
0.2870
0.0001
0.12
0.19
0.00
-0.01
-0.01
0.02
0
3
1
0
7810
0.2963
0.9109
0.2870
0.0001
0.06
0.12
0.19
0.00
-0.03
0.00
0
3
1
0
7819
0.2963
0.9109
0.2870
0.0001
0.00
0.06
0.12
0.00
-0.01
0.01
0
3
1
0
7829
0.2963
0.9109
0.2870
0.0001
0.00
0.06
0.00
0.00
-0.02
0.00
0
3
1
0
7839
0.2963
0.9109
0.2870
0.0001
0.06
0.12
-0.12
0.02
0.00
-0.02
0
3
1
0
7848
0.2963
0.9109
0.2870
0.0001
0.00
-0.06
0.00
0.00
0.00
0.02
0
3
1
0
7859
0.2963
0.9109
0.2870
0.0001
-0.06
0.06
-0.12
0.00
-0.01
0.02
0
3
1
0
7869
0.2963
0.9109
0.2870
0.0001
0.00
-0.06
-0.06
0.00
0.00
0.02
0
3
1
0
7879
0.2963
0.9109
0.2870
0.0001
0.06
-0.25
-0.12
0.00
-0.01
0.00
0
3
1
0
7888
0.2963
0.9109
0.2870
0.0001
-0.06
-0.12
-0.12
-0.02
-0.01
0.00
0
3
1
0
7899
0.2963
0.9109
0.2870
0.0001
-0.12
-0.12
-0.25
0.00
0.00
0.03
0
3
1
0
7909
0.2963
0.9109
0.2870
0.0001
-0.06
-0.19
-0.06
-0.01
-0.02
0.03
0
3
1
0
7919
0.2963
0.9109
0.2870
0.0001
-0.12
0.06
0.06
-0.01
-0.02
0.00
0
3
1
0
7928
0.2963
0.9109
0.2870
0.0001
-0.12
0.12
0.25
0.00
-0.02
-0.01
0
3
1
0
7939
0.2963
0.9109
0.2870
0.0001
0.06
0.12
0.19
-0.01
-0.01
0.04
0
3
1
0
7949
0.2963
0.9109
0.2870
0.0001
-0.06
0.12
0.19
0.01
-0.03
0.00
0
3
1
0
7959
0.2963
0.9109
0.2870
0.0001
-0.06
0.06
0.00
-0.01
0.00
0.01
0
3
1
0
7968
0.2963
0.9109
0.2870
0.0001
0.00
0.00
-0.06
-0.01
-0.01
0.02
0
3
1
0
7979
0.2963
0.9109
0.2870
0.0001
0.00
-0.19
-0.31
0.00
-0.02
0.00
0
3
1
0
7989
0.2963
0.9109
0.2870
0.0001
0.00
-0.06
-0.12
-0.01
-0.01
0.04
0
3
1
0
7999
0.2963
0.9109
0.2870
0.0001
-0.06
-0.06
-0.19
0.01
-0.02
0.02
0
3
1
0
8009
0.2963
0.9109
0.2870
0.0001
-0.06
0.00
-0.19
0.00
0.00
0.00
0
3
1
0
8018
0.2963
0.9109
0.2870
0.0001
0.06
0.19
0.06
0.02
0.00
0.01
0
3
1
0
8029
0.2963
0.9109
0.2870
0.0001
0.12
0.00
0.19
-0.02
0.00
-0.02
0
3
1
0
8039
0.2963
0.9109
0.2870
0.0001
0.00
0.06
0.06
0.00
-0.02
0.00
0
3
1
0
8048
0.2963
0.9109
0.2870
0.0001
0.00
-0.12
0.25
0.00
-0.02
0.02
0
3
1
0
8058
0.2963
0.9109
0.2870
0.0001
0.19
0.00
0.12
0.01
-0.01
0.01
0
3
1
0
8069
0.2963
0.9109
0.2870
0.0001
-0.12
0.12
0.12
0.01
0.01
0.01
0
3
1
0
8079
0.2963
0.9109
0.2870
0.0001
0.00
0.12
0.06
0.00
0.00
-0.02
0
3
1
0
8088
0.2963
0.9109
0.2870
0.0001
0.06
0.25
0.06
-0.01
0.00
0.02
0
3
1
0
8098
0.2963
0.9109
0.2870
0.0001
0.19
-0.06
-0.19
0.00
-0.01
0.00
0
3
1
0
8109
0.2963
0.9109
0.2870
0.0001
0.12
-0.06
-0.44
0.00
-0.02
0.00
0
3
1
0
8119
0.2963
0.9109
0.2870
0.0001
0.06
-0.06
-0.25
0.00
-0.03
0.06
0
3
1
0
8128
0.2963
0.9109
0.2870
0.0001
0.19
-0.06
-0.31
-0.02
0.00
0.01
0
3
1
0
8138
0.2963
0.9109
0.2870
0.0001
0.12
0.12
-0.06
0.00
-0.02
0.00
0
3
1
0
8148
0.2963
0.9109
0.2870
0.0001
0.00
0.12
0.12
0.01
-0.01
0.00
0
3
1
0
8159
0.2963
0.9109
0.2870
0.0001
-0.12
-0.12
0.25
-0.01
-0.01
0.00
0
3
1
0
8168
0.2963
0.9109
0.2870
0.0001
0.00
-0.06
0.00
0.02
-0.01
0.00
0
3
1
0
8178
0.2963
0.9109
0.2870
0.0001
-0.12
0.25
0.19
0.00
-0.01
0.03
0
3
1
0
8188
0.2963
0.9109
0.2870
0.0001
-0.12
-0.19
0.25
0.00
-0.01
0.00
0
3
1
0
8199
0.2963
0.9109
0.2870
0.0001
0.00
-0.25
0.06
0.00
-0.01
0.00
0
3
1
0
8209
0.2963
0.9109
0.2870
0.0001
0.06
-0.06
-0.12
0.00
0.00
0.00
0
3
1
0
8218
0.2963
0.9109
0.2870
0.0001
0.12
0.06
0.00
0.00
-0.03
-0.02
0
3
1
0
8228
0.2963
0.9109
0.2870
0.0001
0.00
-0.19
-0.06
-0.01
0.00
0.01
0
3
1
0
8239
0.2963
0.9109
0.2870
0.0001
-0.06
-0.25
-0.12
0.01
-0.01
0.01
0
3
1
0
8248
0.2963
0.9109
0.2870
0.0001
-0.06
-0.25
-0.31
0.00
0.01
0.01
0
3
1
0
8258
0.2963
0.9109
0.2870
0.0001
0.06
0.00
-0.06
-0.01
-0.02
0.00
0
3
1
0
8268
0.2963
0.9109
0.2870
0.0001
0.06
-0.06
-0.12
0.00
0.00
-0.01
0
3
1
0
8279
0.2963
0.9109
0.2870
0.0001
0.06
-0.12
0.00
0.00
0.00
0.00
0
3
1
0
8288
0.2963
0.9109
0.2870
0.0001
0.06
-0.06
0.12
0.02
0.00
0.00
0
3
1
0
8298
0.2963
0.9109
0.2870
0.0001
0.00
-0.06
0.19
0.01
-0.02
0.01
0
3
1
0
8308
0.2963
0.9109
0.2870
0.0001
0.00
0.06
0.19
0.01
0.00
0.01
0
3
1
0
8318
0.2963
0.9109
0.2870
0.0001
0.00
0.31
0.12
0.00
0.00
0.02
0
3
1
0
8328
0.2963
0.9109
0.2870
0.0001
0.00
0.00
0.00
0.00
0.00
-0.01
0
3
1
0
8338
0.2963
0.9109
0.2870
0.0001
-0.06
-0.19
0.00
0.00
-0.01
0.00
0
3
1
0
8348
0.2963
0.9109
0.2870
0.0001
-0.06
-0.19
-0.19
0.00
-0.03
0.02
0
3
1
0
8358
0.2963
0.9109
0.2870
0.0001
0.06
0.00
-0.25
0.00
-0.01
0.01
0
3
1
0
8369
0.2963
0.9109
0.2870
0.0001
-0.12
-0.19
-0.19
0.01
0.00
0.00
0
3
1
0
8378
0.2963
0.9109
0.2870
0.0001
0.00
-0.06
0.00
0.00
0.00
0.00
0
3
1
0
8388
0.2963
0.9109
0.2870
0.0001
-0.06
-0.12
-0.06
0.01
0.00
0.00
0
3
1
0
8398
0.2963
0.9109
0.2870
0.0001
-0.06
-0.12
0.00
-0.01
-0.01
0.02
0
3
1
0
8409
0.2963
0.9109
0.2870
0.0001
-0.06
0.12
-0.12
0.02
0.00
0.00
0
3
1
0
8418
0.2963
0.9109
0.2870
0.0001
0.00
0.19
0.12
0.00
-0.03
0.01
0
3
1
0
8428
0.2963
0.9109
0.2870
0.0001
0.00
0.12
0.25
0.00
0.00
0.00
0
3
1
0
8438
0.2963
0.9109
0.2870
0.0001
0.00
-0.06
0.12
0.00
-0.01
0.00
0
3
1
0
8448
0.2963
0.9109
0.2870
0.0001
-0.12
0.31
0.00
0.00
-0.01
0.00
0
3
1
0
8458
0.2963
0.9109
0.2870
0.0001
0.06
0.06
-0.25
0.00
0.00
0.01
0
3
1
0
8468
0.2963
0.9109
0.2870
0.0001
0.00
-0.31
-0.31
0.00
0.00
0.02
0
3
1
0
8478
0.2963
0.9109
0.2870
0.0001
-0.06
-0.25
-0.37
0.01
0.00
-0.01
0
3
1
0
8488
0.2963
0.9109
0.2870
0.0001
0.00
-0.12
-0.19
0.00
0.01
-0.01
0
3
1
0
8498
0.2963
0.9109
0.2870
0.0001
-0.06
0.25
0.00
0.00
-0.01
0.02
0
3
1
0
8508
0.2963
0.9109
0.2870
0.0001
0.00
0.31
0.12
0.01
-0.01
0.00
0
3
1
0
8518
0.2963
0.9109
0.2870
0.0001
0.00
0.25
0.12
0.00
-0.01
0.01
0
3
1
0
8528
0.2963
0.9109
0.2870
0.0001
0.00
0.19
0.06
0.00
-0.03
0.02
0
3
1
0
8538
0.2963
0.9109
0.2870
0.0001
-0.06
0.00
0.06
0.00
-0.01
0.00
0
3
1
0
8548
0.2963
0.9109
0.2870
0.0001
-0.06
-0.06
-0.06
0.00
0.00
0.00
0
3
1
0
8558
0.2963
0.9109
0.2870
0.0001
-0.12
0.06
0.00
0.00
-0.01
0.03
0
3
1
0
8568
0.2963
0.9109
0.2870
0.0001
-0.06
0.25
-0.12
0.00
0.00
0.02
0
3
1
0
8578
0.2963
0.9109
0.2870
0.0001
0.06
0.19
-0.06
0.01
-0.02
-0.02
0
3
1
0
8588
0.2963
0.9109
0.2870
0.0001
-0.06
-0.06
-0.06
-0.01
0.00
0.00
0
3
1
0
8598
0.2963
0.9109
0.2870
0.0001
-0.06
0.19
-0.19
-0.01
-0.02
-0.01
0
3
1
0
8608
0.2963
0.9109
0.2870
0.0001
-0.06
-0.06
-0.19
0.00
-0.01
0.01
0
3
1
0
8617
0.2963
0.9109
0.2870
0.0001
-0.06
0.12
-0.12
0.02
-0.02
0.02
0
3
1
0
8628
0.2963
0.9109
0.2870
0.0001
-0.06
0.12
0.00
-0.01
-0.02
0.01
0
3
1
0
8638
0.2963
0.9109
0.2870
0.0001
-0.06
-0.06
0.00
0.00
-0.02
0.00
0
3
1
0
8647
0.2963
0.9109
0.2870
0.0001
0.00
0.12
0.12
0.00
0.00
0.00
0
3
1
0
8657
0.2963
0.9109
0.2870
0.0001
0.00
0.25
0.06
-0.01
-0.01
0.01
0
3
1
0
8668
0.2963
0.9109
0.2870
0.0001
0.00
0.12
0.12
0.01
-0.01
0.00
0
3
1
0
8678
0.2963
0.9109
0.2870
0.0001
0.06
0.00
0.00
-0.01
-0.02
0.00
0
3
1
0
8688
0.2963
0.9109
0.2870
0.0001
0.06
0.00
-0.06
-0.01
-0.01
0.00
0
3
1
0
8697
0.2963
0.9109
0.2870
0.0001
0.06
-0.06
-0.12
0.00
0.00
0.01
0
3
1
0
8708
0.2963
0.9109
0.2870
0.0001
0.06
0.00
-0.12
0.00
-0.01
0.00
0
3
1
0
8718
0.2963
0.9109
0.2870
0.0001
0.00
-0.06
0.06
0.00
-0.01
0.01
0
3
1
0
8728
0.2963
0.9109
0.2870
0.0001
-0.06
0.00
0.00
0.00
0.00
0.00
0
3
1
0
8737
0.2963
0.9109
0.2870
0.0001
0.06
0.06
0.12
0.00
-0.02
0.01
0
3
1
0
8748
0.2963
0.9109
0.2870
0.0001
0.00
0.25
0.00
-0.02
0.00
0.00
0
3
1
0
8758
0.2963
0.9109
0.2870
0.0001
0.00
0.19
0.00
-0.01
0.00
-0.01
0
3
1
0
8767
0.2963
0.9109
0.2870
0.0001
0.06
0.06
-0.19
0.00
-0.04
-0.01
0
3
1
0
8777
0.2963
0.9109
0.2870
0.0001
-0.12
0.12
-0.12
0.01
0.00
-0.04
0
3
1
0
8787
0.2963
0.9109
0.2870
0.0001
0.06
-0.06
-0.19
0.01
0.00
0.00
0
3
1
0
8798
0.2963
0.9109
0.2870
0.0001
0.00
0.06
-0.12
0.00
-0.02
0.03
0
3
1
0
8808
0.2963
0.9109
0.2870
0.0001
0.00
-0.06
-0.12
0.00
0.00
0.00
0
3
1
0
8817
0.2963
0.9109
0.2870
0.0001
0.00
0.06
0.00
0.00
-0.01
0.01
0
3
1
0
8827
0.2963
0.9109
0.2870
0.0001
0.00
0.12
0.06
-0.02
-0.04
-0.02
0
3
1
0
8838
0.2963
0.9109
0.2870
0.0001
-0.12
-0.12
0.12
0.00
-0.01
0.01
0
3
1
0
8848
0.2963
0.9109
0.2870
0.0001
0.00
-0.19
0.19
0.00
-0.01
-0.02
0
3
1
0
8857
0.2963
0.9109
0.2870
0.0001
0.00
0.25
0.25
0.00
-0.02
0.02
0
3
1
0
8867
0.2963
0.9109
0.2870
0.0001
-0.12
0.19
0.12
0.00
0.00
0.01
0
3
1
0
8878
0.2963
0.9109
0.2870
0.0001
0.00
0.00
0.00
-0.01
-0.01
0.00
0
3
1
0
8887
0.2963
0.9109
0.2870
0.0001
0.00
-0.12
0.06
0.00
-0.01
0.00
0
3
1
0
8897
0.2963
0.9109
0.2870
0.0001
-0.06
-0.12
-0.19
0.00
0.00
0.02
0
3
1
0
8907
0.2963
0.9109
0.2870
0.0001
0.00
-0.12
-0.31
0.00
0.00
0.01
0
3
1
0
8918
0.2963
0.9109
0.2870
0.0001
0.00
-0.12
-0.25
0.00
-0.01
-0.01
0
3
1
0
8928
0.2963
0.9109
0.2870
0.0001
0.06
-0.25
-0.19
0.00
-0.03
0.01
0
3
1
0
8937
0.2963
0.9109
0.2870
0.0001
0.12
-0.06
-0.19
-0.01
-0.01
0.00
0
3
1
0
8947
0.2963
0.9109
0.2870
0.0001
0.12
0.00
-0.12
-0.01
-0.02
-0.01
0
3
1
0
8957
0.2963
0.9109
0.2870
0.0001
0.06
-0.06
0.19
0.00
0.00
0.01
0
3
1
0
8968
0.2963
0.9109
0.2870
0.0001
0.00
0.19
0.25
-0.01
-0.01
0.02
0
3
1
0
8977
0.2963
0.9109
0.2870
0.0001
0.06
0.12
0.25
0.00
0.01
-0.02
0
3
1
0
8987
0.2963
0.9109
0.2870
0.0001
0.06
0.06
0.37
-0.01
0.00
0.03
0
3
1
0
8997
0.2963
0.9109
0.2870
0.0001
0.00
0.06
0.19
0.00
-0.02
0.05
0
3
1
0
9008
0.2963
0.9109
0.2870
0.0001
0.00
0.00
0.06
0.00
-0.01
0.00
0
3
1
0
9017
0.2963
0.9109
0.2870
0.0001
0.06
0.00
0.00
0.00
-0.02
0.00
0
3
1
0
9027
0.2963
0.9109
0.2870
0.0001
-0.06
0.00
0.06
0.00
-0.02
0.00
0
3
1
0
9037
0.2963
0.9109
0.2870
0.0001
0.00
-0.19
-0.06
0.00
0.00
0.02
0
3
1
0
9047
0.2963
0.9109
0.2870
0.0001
0.00
-0.25
-0.19
0.00
-0.01
0.00
0
3
1
0
9057
0.2963
0.9109
0.2870
0.0001
-0.12
-0.12
-0.31
0.00
-0.02
0.00
0
3
1
0
9067
0.2963
0.9109
0.2870
0.0001
-0.19
0.00
-0.31
-0.02
-0.03
0.01
0
3
1
0
9077
0.2963
0.9109
0.2870
0.0001
0.00
-0.12
0.00
0.00
0.01
-0.01
0
3
1
0
9088
0.2963
0.9109
0.2870
0.0001
0.06
0.00
0.25
0.02
0.00
0.01
0
3
1
0
9097
0.2963
0.9109
0.2870
0.0001
-0.06
0.12
0.19
0.01
0.00
0.02
0
3
1
0
9107
0.2963
0.9109
0.2870
0.0001
-0.06
0.31
0.44
0.00
-0.01
0.01
0
3
1
0
9117
0.2963
0.9109
0.2870
0.0001
0.06
0.19
0.37
0.00
0.00
0.02
0
3
1
0
9127
0.2963
0.9109
0.2870
0.0001
0.00
-0.12
0.19
0.00
0.00
-0.02
0
3
1
0
9137
0.2963
0.9109
0.2870
0.0001
0.00
-0.12
0.25
0.00
0.02
-0.02
0
3
1
0
9147
0.2963
0.9109
0.2870
0.0001
-0.06
-0.12
-0.06
-0.01
-0.02
0.00
0
3
1
0
9157
0.2963
0.9109
0.2870
0.0001
-0.12
-0.06
-0.37
0.00
-0.01
0.00
0
3
1
0
9167
0.2963
0.9109
0.2870
0.0001
0.06
-0.19
-0.63
0.00
-0.03
-0.01
0
3
1
0
9177
0.2963
0.9109
0.2870
0.0001
0.00
0.06
-0.12
-0.01
-0.02
-0.01
0
3
1
0
9187
0.2963
0.9109
0.2870
0.0001
0.06
0.12
0.19
0.00
-0.01
-0.01
0
3
1
0
9197
0.2963
0.9109
0.2870
0.0001
-0.06
0.19
0.31
0.00
0.00
0.02
0
3
1
0
9207
0.2963
0.9109
0.2870
0.0001
-0.19
0.06
0.19
-0.02
-0.01
0.01
0
3
1
0
9217
0.2963
0.9109
0.2870
0.0001
0.00
-0.06
0.19
0.00
-0.02
0.01
0
3
1
0
9227
0.2963
0.9109
0.2870
0.0001
0.00
0.25
0.19
0.00
0.00
0.00
0
3
1
0
9237
0.2963
0.9109
0.2870
0.0001
0.00
-0.06
0.00
0.00
0.00
0.00
0
3
1
0
9246
0.2963
0.9109
0.2870
0.0001
-0.12
0.06
0.12
0.00
-0.01
-0.01
0
3
1
0
9256
0.2963
0.9109
0.2870
0.0001
0.12
0.06
0.19
-0.02
0.00
0.00
0
3
1
0
9267
0.2963
0.9109
0.2870
0.0001
0.06
0.06
-0.19
0.00
0.01
0.00
0
3
1
0
9277
0.2963
0.9109
0.2870
0.0001
-0.06
-0.31
-0.37
0.00
-0.01
0.00
0
3
1
0
9286
0.2963
0.9109
0.2870
0.0001
-0.06
-0.19
-0.19
0.00
-0.03
0.01
0
3
1
0
9296
0.2963
0.9109
0.2870
0.0001
0.06
-0.19
0.19
0.01
-0.01
0.02
0
3
1
0
9307
0.2963
0.9109
0.2870
0.0001
-0.12
-0.06
0.25
0.00
0.00
0.00
0
3
1
0
9317
0.2963
0.9109
0.2870
0.0001
-0.19
0.12
0.31
0.01
-0.01
0.00
0
3
1
0
9327
0.2963
0.9109
0.2870
0.0001
-0.12
-0.06
0.25
0.00
-0.02
0.02
0
3
1
0
9336
0.2963
0.9109
0.2870
0.0001
0.12
0.06
-0.06
0.00
-0.01
0.00
0
3
1
0
9347
0.2963
0.9109
0.2870
0.0001
0.12
0.00
-0.12
0.01
-0.02
0.00
0
3
1
0
9357
0.2963
0.9109
0.2870
0.0001
0.06
-0.12
-0.37
0.00
-0.01
0.00
0
3
1
0
9367
0.2963
0.9109
0.2870
0.0001
-0.06
-0.06
-0.31
0.02
0.00
-0.01
0
3
1
0
9376
0.2963
0.9109
0.2870
0.0001
0.00
-0.25
0.00
0.00
-0.01
0.01
0
3
1
0
9387
0.2963
0.9109
0.2870
0.0001
0.06
-0.06
-0.06
0.00
-0.01
0.00
0
3
1
0
9397
0.2963
0.9109
0.2870
0.0001
0.00
-0.25
0.12
0.00
0.00
0.02
0
3
1
0
9407
0.2963
0.9109
0.2870
0.0001
0.06
0.12
0.12
0.02
-0.02
0.03
0
3
1
0
9416
0.2963
0.9109
0.2870
0.0001
0.00
0.12
0.06
0.00
0.00
0.03
0
3
1
0
9426
0.2963
0.9109
0.2870
0.0001
0.00
0.06
0.19
0.00
-0.01
-0.01
0
3
1
0
9437
0.2963
0.9109
0.2870
0.0001
-0.06
0.06
0.00
0.01
-0.01
0.01
0
3
1
0
9447
0.2963
0.9109
0.2870
0.0001
-0.12
0.00
0.00
0.00
-0.01
0.01
0
3
1
0
9456
0.2963
0.9109
0.2870
0.0001
0.06
-0.12
-0.12
0.00
-0.01
0.00
0
3
1
0
9466
0.2963
0.9109
0.2870
0.0001
0.00
-0.19
-0.19
-0.01
-0.01
0.00
0
3
1
0
9477
0.2963
0.9109
0.2870
0.0001
0.00
-0.12
-0.12
-0.01
-0.02
0.01
0
3
1
0
9486
0.2963
0.9109
0.2870
0.0001
-0.06
0.00
0.06
0.00
0.00
0.00
0
3
1
0
9496
0.2963
0.9109
0.2870
0.0001
0.06
-0.06
0.06
0.00
0.00
0.00
0
3
1
0
9506
0.2963
0.9109
0.2870
0.0001
0.06
0.12
0.00
0.00
-0.02
0.03
0
3
1
0
9517
0.2963
0.9109
0.2870
0.0001
0.00
0.12
-0.12
0.00
0.00
-0.02
0
3
1
0
9526
0.2963
0.9109
0.2870
0.0001
0.00
0.00
-0.12
0.00
-0.01
-0.01
0
3
1
0
9536
0.2963
0.9109
0.2870
0.0001
-0.06
-0.12
-0.25
0.00
0.00
0.00
0
3
1
0
9546
0.2963
0.9109
0.2870
0.0001
-0.06
-0.19
-0.06
0.00
-0.02
0.01
0
3
1
0
9556
0.2963
0.9109
0.2870
0.0001
0.00
-0.12
0.00
-0.01
-0.02
0.00
0
3
1
0
9567
0.2963
0.9109
0.2870
0.0001
0.06
0.00
0.25
0.00
-0.01
0.01
0
3
1
0
9576
0.2963
0.9109
0.2870
0.0001
-0.06
0.19
0.06
0.00
-0.02
-0.01
0
3
1
0
9586
0.2963
0.9109
0.2870
0.0001
0.06
-0.06
0.00
0.00
0.00
-0.02
0
3
1
0
9596
0.2963
0.9109
0.2870
0.0001
0.06
-0.12
-0.06
0.00
-0.03
0.01
0
3
1
0
9607
0.2963
0.9109
0.2870
0.0001
0.06
0.12
-0.12
0.00
-0.03
0.02
0
3
1
0
9616
0.2963
0.9109
0.2870
0.0001
0.12
0.00
-0.12
0.01
0.00
0.00
0
3
1
0
9626
0.2963
0.9109
0.2870
0.0001
-0.06
0.00
0.06
0.00
0.00
0.00
0
3
1
0
9636
0.2963
0.9109
0.2870
0.0001
-0.06
0.00
0.00
-0.01
0.00
0.03
0
3
1
0
9646
0.2963
0.9109
0.2870
0.0001
0.19
-0.12
0.06
0.00
0.00
0.02
0
3
1
0
9656
0.2963
0.9109
0.2870
0.0001
-0.06
-0.19
0.00
0.00
-0.01
0.01
0
3
1
0
9666
0.2963
0.9109
0.2870
0.0001
0.06
0.06
-0.12
-0.01
-0.01
0.01
0
3
1
0
9676
0.2963
0.9109
0.2870
0.0001
0.00
-0.19
0.00
0.01
0.00
-0.02
0
3
1
0
9686
0.2963
0.9109
0.2870
0.0001
0.06
0.00
-0.06
0.00
0.00
-0.01
0
3
1
0
9696
0.2963
0.9109
0.2870
0.0001
-0.06
0.00
-0.19
0.00
-0.01
0.01
0
3
1
0
9706
0.2963
0.9109
0.2870
0.0001
0.00
-0.06
-0.25
-0.01
-0.01
0.01
0
3
1
0
9716
0.2963
0.9109
0.2870
0.0001
-0.06
0.00
-0.06
0.00
0.00
0.00
0
3
1
0
9725
0.2963
0.9109
0.2870
0.0001
-0.06
0.00
-0.12
0.00
-0.01
-0.01
0
3
1
0
9736
0.2963
0.9109
0.2870
0.0001
0.12
0.06
0.06
0.00
-0.02
-0.03
0
3
1
0
9746
0.2963
0.9109
0.2870
0.0001
0.06
-0.06
0.31
0.00
0.01
-0.01
0
3
1
0
9756
0.2963
0.9109
0.2870
0.0001
-0.19
0.12
0.25
0.00
-0.01
0.03
0
3
1
0
9766
0.2963
0.9109
0.2870
0.0001
-0.25
-0.06
0.00
-0.01
-0.03
0.03
0
3
1
0
9776
0.2963
0.9109
0.2870
0.0001
0.00
0.00
0.19
0.02
0.00
-0.01
0
3
1
0
9786
0.2963
0.9109
0.2870
0.0001
0.06
-0.12
0.12
0.02
0.02
0.00
0
3
1
0
9796
0.2963
0.9109
0.2870
0.0001
-0.12
-0.12
-0.44
0.00
-0.03
0.00
0
3
1
0
9806
0.2963
0.9109
0.2870
0.0001
-0.06
-0.12
-0.31
0.00
-0.01
0.00
0
3
1
0
9816
0.2963
0.9109
0.2870
0.0001
0.00
-0.25
-0.12
0.01
0.00
0.01
0
3
1
0
9826
0.2963
0.9109
0.2870
0.0001
-0.06
-0.12
-0.12
0.00
0.00
-0.02
0
3
1
0
9836
0.2963
0.9109
0.2870
0.0001
-0.25
0.00
-0.12
0.00
-0.01
0.04
0
3
1
0
9846
0.2963
0.9109
0.2870
0.0001
0.06
-0.06
-0.19
0.00
-0.01
0.00
0
3
1
0
9856
0.2963
0.9109
0.2870
0.0001
-0.06
0.12
0.19
0.00
0.01
-0.01
0
3
1
0
9866
0.2963
0.9109
0.2870
0.0001
0.06
0.06
0.31
0.01
0.00
0.00
0
3
1
0
9876
0.2963
0.9109
0.2870
0.0001
0.00
0.25
0.19
0.01
-0.03
0.00
0
3
1
0
9885
0.2963
0.9109
0.2870
0.0001
0.00
0.00
0.06
0.00
-0.02
0.00
0
3
1
0
9895
0.2963
0.9109
0.2870
0.0001
0.19
-0.12
0.25
0.00
-0.01
0.02
0
3
1
0
9906
0.2963
0.9109
0.2870
0.0001
0.06
-0.12
0.06
0.00
0.00
0.00
0
3
1
0
9916
0.2963
0.9109
0.2870
0.0001
-0.12
-0.06
-0.25
0.03
-0.01
0.01
0
3
1
0
9926
0.2963
0.9109
0.2870
0.0001
-0.12
-0.06
-0.06
0.00
-0.01
0.00
0
3
1
0
9935
0.2963
0.9109
0.2870
0.0001
0.12
-0.12
-0.12
0.00
0.00
0.00
0
3
1
0
9946
0.2963
0.9109
0.2870
0.0001
0.12
-0.12
-0.31
0.00
-0.02
-0.01
0
3
1
0
9956
0.2963
0.9109
0.2870
0.0001
0.06
0.00
-0.12
0.03
0.00
0.01
0
3
1
0
9966
0.2963
0.9109
0.2870
0.0001
-0.12
-0.06
-0.19
0.00
-0.04
0.00
0
3
1
0
9975
0.2963
0.9109
0.2870
0.0001
0.00
0.06
0.00
0.00
-0.02
0.00
0
3
1
0
9986
0.2963
0.9109
0.2870
0.0001
0.00
0.00
0.00
0.00
0.01
0.00
0
3
1
0
9996
0.2963
0.9109
0.2870
0.0001
-0.06
0.00
0.19
-0.01
-0.01
0.01
0
3
1
0
10006
0.2963
0.9109
0.2870
0.0001
0.00
0.12
0.06
0.01
-0.01
0.00
0
3
1
0
10015
0.2963
0.9109
0.2870
0.0001
0.06
0.19
0.06
0.00
0.00
0.00
0
3
1
0
10025
0.2963
0.9109
0.2870
0.0001
0.06
-0.12
0.06
0.00
-0.01
0.00
0
3
1
0
10036
0.2963
0.9109
0.2870
0.0001
-0.06
-0.19
-0.19
-0.01
-0.01
0.02
0
3
1
0
10046
0.2963
0.9109
0.2870
0.0001
0.06
-0.31
-0.12
-0.01
0.00
0.00
0
3
1
0
10055
0.2963
0.9109
0.2870
0.0001
0.06
-0.25
-0.19
0.02
-0.02
0.00
0
3
1
0
10065
0.2963
0.9109
0.2870
0.0001
-0.12
-0.12
-0.19
0.00
0.00
0.00
0
3
1
0
10076
0.2963
0.9109
0.2870
0.0001
-0.12
-0.06
-0.06
0.02
-0.01
0.00
0
3
1
0
10086
0.2963
0.9109
0.2870
0.0001
0.00
0.00
-0.06
-0.01
0.00
0.00
0
3
1
0
10095
0.2963
0.9109
0.2870
0.0001
0.06
0.00
0.06
0.00
-0.01
0.01
0
3
1
0
10105
0.2963
0.9109
0.2870
0.0001
-0.12
0.06
0.00
0.00
-0.01
0.00
0
3
1
0
10116
0.2963
0.9109
0.2870
0.0001
0.00
0.12
0.12
0.00
0.00
0.00
0
3
1
0
10125
0.2963
0.9109
0.2870
0.0001
0.06
0.06
0.06
0.00
0.00
-0.02
0
3
1
0
10135
0.2963
0.9109
0.2870
0.0001
0.00
0.00
0.06
0.00
-0.03
0.02
0
3
1
0
10145
0.2963
0.9109
0.2870
0.0001
0.06
-0.25
0.00
0.01
-0.03
0.01
0
3
1
0
10156
0.2963
0.9109
0.2870
0.0001
-0.19
-0.06
-0.06
0.00
0.00
0.00
0
3
1
0
10166
0.2963
0.9109
0.2870
0.0001
0.06
0.06
-0.12
0.00
-0.01
0.00
0
3
1
0
10175
0.2963
0.9109
0.2870
0.0001
0.00
0.12
-0.12
0.00
-0.01
0.00
0
3
1
0
10185
0.2963
0.9109
0.2870
0.0001
-0.06
-0.25
-0.12
0.00
-0.03
0.03
0
3
1
0
10195
0.2963
0.9109
0.2870
0.0001
0.00
0.00
-0.19
0.01
0.00
0.00
0
3
1
0
10206
0.2963
0.9109
0.2870
0.0001
-0.06
-0.12
-0.06
0.01
0.00
0.02
0
3
1
0
10215
0.2963
0.9109
0.2870
0.0001
0.00
-0.12
0.00
0.00
0.00
0.02
0
3
1
0
10225
0.2963
0.9109
0.2870
0.0001
0.12
0.19
0.12
-0.01
0.00
0.00
0
3
1
0
10235
0.2963
0.9109
0.2870
0.0001
0.06
0.19
0.19
0.00
-0.01
0.00
0
3
1
0
10246
0.2963
0.9109
0.2870
0.0001
0.00
0.19
0.12
0.00
-0.01
0.02
0
3
1
0
10256
0.2963
0.9109
0.2870
0.0001
0.00
-0.06
0.12
0.02
-0.02
0.00
0
3
1
0
10265
0.2963
0.9109
0.2870
0.0001
-0.06
0.00
-0.06
0.00
-0.01
0.00
0
3
1
0
10275
0.2963
0.9109
0.2870
0.0001
0.00
-0.19
-0.19
0.00
-0.02
0.00
0
3
1
0
10286
0.2963
0.9109
0.2870
0.0001
-0.06
-0.12
-0.37
0.00
0.00
0.00
0
3
1
0
10295
0.2963
0.9109
0.2870
0.0001
0.00
-0.06
-0.19
0.00
-0.01
0.00
0
3
1
0
10305
0.2963
0.9109
0.2870
0.0001
-0.06
-0.06
-0.19
0.01
0.00
0.02
0
3
1
0
10315
0.2963
0.9109
0.2870
0.0001
0.00
0.19
0.12
0.00
-0.03
0.01
0
3
1
0
10326
0.2963
0.9109
0.2870
0.0001
0.06
0.06
0.19
0.00
-0.02
-0.03
0
3
1
0
10335
0.2963
0.9109
0.2870
0.0001
0.19
0.19
0.19
0.00
-0.01
0.00
0
3
1
0
10345
0.2963
0.9109
0.2870
0.0001
-0.12
0.12
0.19
0.02
-0.01
0.01
0
3
1
0
10355
0.2963
0.9109
0.2870
0.0001
-0.25
-0.06
0.12
0.01
-0.04
0.01
0
3
1
0
10365
0.2963
0.9109
0.2870
0.0001
-0.12
-0.06
0.12
0.00
0.01
0.01
0
3
1
0
10375
0.2963
0.9109
0.2870
0.0001
-0.06
0.06
0.25
0.00
-0.02
0.02
0
3
1
0
10385
0.2963
0.9109
0.2870
0.0001
-0.06
0.00
0.12
0.00
0.01
0.00
0
3
1
0
10395
0.2963
0.9109
0.2870
0.0001
0.06
0.12
0.12
0.00
0.00
0.00
0
3
1
0
10405
0.2963
0.9109
0.2870
0.0001
0.12
-0.12
0.00
-0.01
-0.02
0.03
0
3
1
0
10415
0.2963
0.9109
0.2870
0.0001
0.12
-0.19
-0.12
0.00
-0.01
-0.02
0
3
1
0
10425
0.2963
0.9109
0.2870
0.0001
-0.06
-0.25
-0.19
0.01
-0.03
-0.02
0
3
1
0
10435
0.2963
0.9109
0.2870
0.0001
0.00
-0.19
-0.19
0.00
-0.01
0.01
0
3
1
0
10445
0.2963
0.9109
0.2870
0.0001
0.00
-0.06
-0.12
0.01
-0.02
0.02
0
3
1
0
10456
0.2963
0.9109
0.2870
0.0001
-0.06
-0.25
0.12
0.00
-0.03
0.02
0
3
1
0
10465
0.2963
0.9109
0.2870
0.0001
0.00
-0.06
0.12
0.00
-0.01
-0.02
0
3
1
0
10475
0.2963
0.9109
0.2870
0.0001
0.00
-0.06
0.12
0.00
-0.02
0.04
0
3
1
0
10484
0.2963
0.9109
0.2870
0.0001
-0.06
0.06
0.31
-0.01
-0.01
0.01
0
3
1
0
10494
0.2963
0.9109
0.2870
0.0001
0.06
0.19
0.19
-0.01
-0.02
0.02
0
3
1
0
10505
0.2963
0.9109
0.2870
0.0001
0.06
0.06
0.06
0.00
0.00
0.01
0
3
1
0
10515
0.2963
0.9109
0.2870
0.0001
0.06
-0.25
-0.06
0.00
-0.02
0.01
0
3
1
0
10525
0.2963
0.9109
0.2870
0.0001
0.00
-0.06
0.06
0.00
0.00
-0.02
0
3
1
0
10534
0.2963
0.9109
0.2870
0.0001
-0.06
0.00
0.06
0.00
-0.01
0.00
0
3
1
0
10545
0.2963
0.9109
0.2870
0.0001
0.12
-0.06
0.06
0.00
0.00
0.00
0
3
1
0
10555
0.2963
0.9109
0.2870
0.0001
0.12
0.06
0.12
0.00
0.00
0.01
0
3
1
0
10565
0.2963
0.9109
0.2870
0.0001
0.00
0.00
0.19
-0.01
0.00
0.01
0
3
1
0
10574
0.2963
0.9109
0.2870
0.0001
0.00
-0.06
0.00
-0.01
-0.02
-0.01
0
3
1
0
10585
0.2963
0.9109
0.2870
0.0001
0.00
0.00
-0.06
0.00
-0.01
0.00
0
3
1
0
10595
0.2963
0.9109
0.2870
0.0001
-0.06
-0.19
-0.06
0.00
0.00
0.00
0
3
1
0
10605
0.2963
0.9109
0.2870
0.0001
0.00
-0.19
-0.06
0.00
-0.01
0.04
0
3
1
0
10614
0.2963
0.9109
0.2870
0.0001
-0.06
0.00
0.06
0.00
-0.03
0.00
0
3
1
0
10625
0.2963
0.9109
0.2870
0.0001
0.00
0.06
0.25
0.01
-0.01
0.00
0
3
1
0
10635
0.2963
0.9109
0.2870
0.0001
0.00
0.12
0.25
0.00
-0.01
0.03
0
3
1
0
10645
0.2963
0.9109
0.2870
0.0001
0.00
0.19
0.25
0.00
0.00
-0.01
0
3
1
0
10655
0.2963
0.9109
0.2870
0.0001
-0.06
-0.06
0.12
0.01
0.00
0.01
0
3
1
0
10664
0.2963
0.9109
0.2870
0.0001
-0.12
-0.06
0.00
-0.01
0.00
0.00
0
3
1
0
10675
0.2963
0.9109
0.2870
0.0001
-0.12
-0.06
-0.06
0.00
-0.02
0.00
0
3
1
0
10685
0.2963
0.9109
0.2870
0.0001
0.00
-0.12
-0.25
0.00
-0.03
0.00
0
3
1
0
10694
0.2963
0.9109
0.2870
0.0001
0.00
-0.12
-0.12
0.00
0.00
0.01
0
3
1
0
10704
0.2963
0.9109
0.2870
0.0001
0.00
-0.06
0.00
-0.01
-0.03
0.03
0
3
1
0
10715
0.2963
0.9109
0.2870
0.0001
-0.06
-0.12
0.00
0.01
-0.01
0.02
0
3
1
0
10725
0.2963
0.9109
0.2870
0.0001
-0.12
-0.12
0.06
0.00
-0.02
0.02
0
3
1
0
10734
0.2963
0.9109
0.2870
0.0001
0.00
-0.06
0.19
0.00
0.00
0.00
0
3
1
0
10744
0.2963
0.9109
0.2870
0.0001
-0.06
-0.06
0.25
0.01
-0.02
0.00
0
3
1
0
10755
0.2963
0.9109
0.2870
0.0001
-0.06
0.06
0.25
0.00
-0.02
0.00
0
3
1
0
10765
0.2963
0.9109
0.2870
0.0001
0.00
-0.12
0.19
0.00
-0.01
0.00
0
3
1
0
10774
0.2963
0.9109
0.2870
0.0001
0.06
0.12
0.12
0.00
0.00
0.00
0
3
1
0
10784
0.2963
0.9109
0.2870
0.0001
0.00
0.00
0.00
0.00
-0.02
0.00
0
3
1
0
10795
0.2963
0.9109
0.2870
0.0001
0.00
-0.12
0.06
0.00
-0.02
0.01
0
3
1
0
10805
0.2963
0.9109
0.2870
0.0001
0.06
-0.25
-0.19
0.00
-0.02
-0.01
0
3
1
0
10814
0.2963
0.9109
0.2870
0.0001
0.00
0.12
-0.19
0.01
-0.02
0.00
0
3
1
0
10824
0.2963
0.9109
0.2870
0.0001
0.00
0.06
0.00
0.00
-0.01
-0.03
0
3
1
0
10834
0.2963
0.9109
0.2870
0.0001
0.00
0.00
-0.06
0.02
0.00
-0.01
0
3
1
0
10845
0.2963
0.9109
0.2870
0.0001
-0.12
-0.06
-0.12
0.00
-0.02
0.01
0
3
1
0
10854
0.2963
0.9109
0.2870
0.0001
0.00
0.00
-0.06
0.01
-0.01
0.00
0
3
1
0
10864
0.2963
0.9109
0.2870
0.0001
0.00
0.12
0.06
0.01
-0.01
0.02
0
3
1
0
10874
0.2963
0.9109
0.2870
0.0001
-0.06
0.00
0.00
0.00
0.00
0.00
0
3
1
0
10885
0.2963
0.9109
0.2870
0.0001
-0.06
0.25
0.06
0.01
-0.02
0.01
0
3
1
0
10894
0.2963
0.9109
0.2870
0.0001
0.00
0.25
0.06
0.00
-0.02
0.01
0
3
1
0
10904
0.2963
0.9109
0.2870
0.0001
0.06
0.06
0.00
0.02
0.00
0.02
0
3
1
0
10914
0.2963
0.9109
0.2870
0.0001
0.06
0.06
-0.06
0.01
0.00
-0.02
0
3
1
0
10924
0.2963
0.9109
0.2870
0.0001
-0.06
0.06
-0.06
0.02
0.00
-0.02
0
3
1
0
10934
0.2963
0.9109
0.2870
0.0001
0.06
-0.06
-0.12
0.00
-0.02
0.00
0
3
1
0
10944
0.2963
0.9109
0.2870
0.0001
-0.06
0.06
-0.25
-0.01
-0.01
0.01
0
3
1
0
10954
0.2963
0.9109
0.2870
0.0001
-0.12
0.00
-0.12
0.01
-0.01
0.02
0
3
1
0
10964
0.2963
0.9109
0.2870
0.0001
0.06
0.00
0.06
0.00
0.01
0.00
0
3
1
0
10974
0.2963
0.9109
0.2870
0.0001
0.06
0.12
-0.06
0.01
0.00
0.00
0
3
1
0
10984
0.2963
0.9109
0.2870
0.0001
0.06
0.25
0.06
0.00
0.00
0.01
0
3
1
0
10994
0.2963
0.9109
0.2870
0.0001
-0.06
0.25
0.19
0.02
-0.01
0.01
0
3
1
0
11004
0.2963
0.9109
0.2870
0.0001
0.00
0.19
0.06
0.01
0.00
0.01
0
3
1
0
11014
0.2963
0.9109
0.2870
0.0001
-0.12
-0.06
-0.06
0.01
0.00
0.03
0
3
1
0
11024
0.2963
0.9109
0.2870
0.0001
-0.06
-0.12
-0.06
0.02
0.00
0.00
0
3
1
0
11034
0.2963
0.9109
0.2870
0.0001
-0.06
0.00
-0.19
0.00
-0.02
0.00
0
3
1
0
11044
0.2963
0.9109
0.2870
0.0001
0.00
0.12
-0.12
0.00
0.00
-0.01
0
3
1
0
11054
0.2963
0.9109
0.2870
0.0001
0.12
0.12
-0.06
0.00
0.00
0.00
0
3
1
0
11064
0.2963
0.9109
0.2870
0.0001
0.06
-0.19
-0.06
0.00
-0.01
0.01
0
3
1
0
11074
0.2963
0.9109
0.2870
0.0001
0.12
-0.12
-0.19
0.00
-0.01
0.00
0
3
1
0
11084
0.2963
0.9109
0.2870
0.0001
0.00
0.31
-0.06
0.00
0.00
0.00
0
3
1
0
11094
0.2963
0.9109
0.2870
0.0001
0.00
0.00
0.12
0.00
-0.02
0.00
0
3
1
0
11104
0.2963
0.9109
0.2870
0.0001
-0.06
0.12
0.06
0.01
-0.01
0.01
0
3
1
0
11114
0.2963
0.9109
0.2870
0.0001
0.06
0.12
0.12
0.01
-0.02
0.00
0
3
1
0
11124
0.2963
0.9109
0.2870
0.0001
0.00
0.00
0.25
0.00
0.00
0.00
0
3
1
0
11133
0.2963
0.9109
0.2870
0.0001
0.00
-0.06
0.12
0.00
-0.02
0.02
0
3
1
0
11144
0.2963
0.9109
0.2870
0.0001
-0.06
-0.12
-0.06
0.01
-0.02
0.00
0
3
1
0
11154
0.2963
0.9109
0.2870
0.0001
-0.06
-0.06
-0.12
0.00
-0.01
0.01
0
3
1
0
11164
0.2963
0.9109
0.2870
0.0001
0.06
-0.06
-0.31
0.00
-0.01
0.00
0
3
1
0
11173
0.2963
0.9109
0.2870
0.0001
-0.12
-0.19
-0.25
0.00
0.00
0.00
0
3
1
0
11184
0.2963
0.9109
0.2870
0.0001
-0.19
0.06
0.00
0.01
-0.01
0.01
0
3
1
0
11194
0.2963
0.9109
0.2870
0.0001
0.12
-0.12
-0.06
-0.01
-0.02
0.01
0
3
1
0
11204
0.2963
0.9109
0.2870
0.0001
0.06
0.06
0.00
0.01
-0.02
0.03
0
3
1
0
11213
0.2963
0.9109
0.2870
0.0001
0.00
0.12
0.12
0.01
-0.01
0.00
0
3
1
0
11224
0.2963
0.9109
0.2870
0.0001
0.06
-0.06
0.00
0.00
-0.02
-0.01
0
3
1
0
11234
0.2963
0.9109
0.2870
0.0001
-0.06
-0.06
0.00
0.00
-0.03
0.00
0
3
1
0
11244
0.2963
0.9109
0.2870
0.0001
0.00
0.06
0.12
-0.01
-0.01
0.02
0
3
1
0
11253
0.2963
0.9109
0.2870
0.0001
0.06
-0.06
0.06
0.01
-0.02
0.01
0
3
1
0
11264
0.2963
0.9109
0.2870
0.0001
0.12
0.19
-0.06
0.00
0.00
0.01
0
3
1
0
11274
0.2963
0.9109
0.2870
0.0001
0.00
0.06
-0.06
0.00
-0.02
0.03
0
3
1
0
11283
0.2963
0.9109
0.2870
0.0001
0.00
0.12
0.00
0.00
-0.03
0.00
0
3
1
0
11293
0.2963
0.9109
0.2870
0.0001
0.00
0.12
-0.12
0.00
0.00
0.02
0
3
1
0
11303
0.2963
0.9109
0.2870
0.0001
-0.12
-0.12
-0.12
0.00
-0.01
-0.02
0
3
1
0
11314
0.2963
0.9109
0.2870
0.0001
-0.12
-0.12
-0.25
0.01
0.00
0.00
0
3
1
0
11324
0.2963
0.9109
0.2870
0.0001
-0.12
0.06
-0.25
0.00
0.00
-0.02
0
3
1
0
11333
0.2963
0.9109
0.2870
0.0001
-0.06
0.06
-0.25
0.00
0.01
0.00
0
3
1
0
11343
0.2963
0.9109
0.2870
0.0001
0.00
0.06
-0.12
0.02
-0.01
-0.01
0
3
1
0
11354
0.2963
0.9109
0.2870
0.0001
0.06
0.06
0.12
0.00
0.00
0.00
0
3
1
0
11364
0.2963
0.9109
0.2870
0.0001
0.06
0.19
0.37
0.00
-0.01
-0.01
0
3
1
0
11373
0.2963
0.9109
0.2870
0.0001
0.06
0.06
0.25
0.00
-0.02
-0.01
0
3
1
0
11383
0.2963
0.9109
0.2870
0.0001
0.00
0.00
0.06
0.00
0.00
-0.01
0
3
1
0
11394
0.2963
0.9109
0.2870
0.0001
0.06
-0.06
-0.12
0.01
0.00
0.02
0
3
1
0
11404
0.2963
0.9109
0.2870
0.0001
-0.06
-0.12
-0.06
0.00
-0.01
0.03
0
3
1
0
11413
0.2963
0.9109
0.2870
0.0001
-0.06
-0.12
-0.12
0.00
0.02
0.01
0
3
1
0
11423
0.2963
0.9109
0.2870
0.0001
-0.06
-0.19
-0.19
-0.01
0.00
0.00
0
3
1
0
11433
0.2963
0.9109
0.2870
0.0001
0.00
0.00
-0.12
0.00
-0.01
0.00
0
3
1
0
11444
0.2963
0.9109
0.2870
0.0001
0.06
0.00
-0.19
0.00
-0.01
0.00
0
3
1
0
11453
0.2963
0.9109
0.2870
0.0001
0.06
0.00
-0.19
0.01
-0.01
0.01
0
3
1
0
11463
0.2963
0.9109
0.2870
0.0001
0.00
0.25
0.00
0.00
-0.01
-0.01
0
3
1
0
11473
0.2963
0.9109
0.2870
0.0001
0.00
0.00
0.12
0.01
-0.02
0.01
0
3
1
0
11484
0.2963
0.9109
0.2870
0.0001
0.00
-0.06
0.12
0.01
-0.01
-0.03
0
3
1
0
11493
0.2963
0.9109
0.2870
0.0001
-0.06
0.00
0.12
0.00
0.00
0.01
0
3
1
0
11503
0.2963
0.9109
0.2870
0.0001
-0.12
-0.06
0.12
0.00
0.00
0.00
0
3
1
0
11513
0.2963
0.9109
0.2870
0.0001
0.06
0.12
0.00
0.01
0.00
0.00
0
3
1
0
11524
0.2963
0.9109
0.2870
0.0001
-0.06
0.00
-0.06
0.01
0.00
0.00
0
3
1
0
11533
0.2963
0.9109
0.2870
0.0001
0.00
0.12
-0.06
-0.01
-0.01
0.00
0
3
1
0
11543
0.2963
0.9109
0.2870
0.0001
-0.12
-0.06
-0.06
0.00
0.00
0.01
0
3
1
0
11553
0.2963
0.9109
0.2870
0.0001
0.06
0.12
0.06
-0.01
0.00
0.00
0
3
1
0
11564
0.2963
0.9109
0.2870
0.0001
0.00
0.06
0.06
0.01
-0.01
0.00
0
3
1
0
11573
0.2963
0.9109
0.2870
0.0001
-0.06
-0.06
-0.06
0.00
-0.02
0.00
0
3
1
0
11583
0.2963
0.9109
0.2870
0.0001
-0.12
-0.12
-0.06
0.00
0.00
0.01
0
3
1
0
11593
0.2963
0.9109
0.2870
0.0001
0.00
0.00
0.12
0.00
-0.01
0.03
0
3
1
0
11603
0.2963
0.9109
0.2870
0.0001
-0.12
0.12
-0.06
0.01
0.00
0.03
0
3
1
0
11613
0.2963
0.9109
0.2870
0.0001
0.00
0.12
0.00
-0.01
0.00
0.03
0
3
1
0
11623
0.2963
0.9109
0.2870
0.0001
0.06
0.12
0.00
0.01
-0.01
-0.02
0
3
1
0
11633
0.2963
0.9109
0.2870
0.0001
-0.06
0.12
0.06
-0.01
-0.03
0.01
0
3
1
0
11643
0.2963
0.9109
0.2870
0.0001
-0.12
0.06
-0.06
0.00
-0.03
0.01
0
3
1
0
11654
0.2963
0.9109
0.2870
0.0001
-0.19
-0.12
0.06
0.00
-0.01
0.02
0
3
1
0
11663
0.2963
0.9109
0.2870
0.0001
0.06
0.06
0.19
0.00
-0.01
0.00
0
3
1
0
11673
0.2963
0.9109
0.2870
0.0001
0.06
0.00
0.19
-0.01
-0.02
0.00
0
3
1
0
11683
0.2963
0.9109
0.2870
0.0001
0.00
0.00
0.06
0.00
-0.03
0.00
0
3
1
0
11693
0.2963
0.9109
0.2870
0.0001
-0.06
0.06
-0.06
0.00
0.00
-0.01
0
3
1
0
11703
0.2963
0.9109
0.2870
0.0001
-0.06
0.19
-0.31
0.00
0.01
0.00
0
3
1
0
11713
0.2963
0.9109
0.2870
0.0001
0.06
-0.12
-0.25
0.00
-0.01
0.02
0
3
1
0
11723
0.2963
0.9109
0.2870
0.0001
0.06
-0.12
-0.19
0.00
-0.04
0.02
0
3
1
0
11732
0.2963
0.9109
0.2870
0.0001
0.12
0.12
-0.06
0.00
-0.02
0.00
0
3
1
0
11743
0.2963
0.9109
0.2870
0.0001
-0.12
0.12
-0.06
0.00
-0.03
0.02
0
3
1
0
11753
0.2963
0.9109
0.2870
0.0001
0.00
0.12
0.06
-0.01
-0.01
0.00
0
3
1
0
11763
0.2963
0.9109
0.2870
0.0001
0.06
0.00
0.06
0.00
-0.04
-0.01
0
3
1
0
11772
0.2963
0.9109
0.2870
0.0001
0.06
0.00
0.06
0.00
-0.02
0.00
0
3
1
0
11783
0.2963
0.9109
0.2870
0.0001
-0.06
0.12
0.06
0.00
-0.02
0.02
0
3
1
0
11793
0.2963
0.9109
0.2870
0.0001
0.12
-0.19
0.00
-0.01
-0.01
0.02
0
3
1
0
11803
0.2963
0.9109
0.2870
0.0001
0.06
0.06
0.00
0.00
0.00
0.01
0
3
1
0
11812
0.2963
0.9109
0.2870
0.0001
-0.06
-0.19
-0.06
-0.01
-0.04
0.02
0
3
1
0
11823
0.2963
0.9109
0.2870
0.0001
0.00
-0.12
-0.06
0.00
-0.01
0.00
0
3
1
0
11833
0.2963
0.9109
0.2870
0.0001
0.00
-0.06
0.06
0.02
-0.03
0.00
0
3
1
0
11843
0.2963
0.9109
0.2870
0.0001
0.00
-0.25
-0.06
0.01
-0.04
0.00
0
3
1
0
11853
0.2963
0.9109
0.2870
0.0001
0.06
0.12
0.00
0.01
-0.02
0.02
0
3
1
0
11863
0.2963
0.9109
0.2870
0.0001
-0.06
0.06
0.12
0.01
0.00
0.01
0
3
1
0
11873
0.2963
0.9109
0.2870
0.0001
0.06
0.19
0.12
0.01
-0.02
0.03
0
3
1
0
11883
0.2963
0.9109
0.2870
0.0001
0.00
0.00
0.12
0.00
-0.01
0.00
0
3
1
0
11892
0.2963
0.9109
0.2870
0.0001
0.06
0.00
-0.06
0.00
-0.02
0.00
0
3
1
0
11902
0.2963
0.9109
0.2870
0.0001
0.00
0.00
-0.12
0.00
-0.02
0.01
0
3
1
0
11913
0.2963
0.9109
0.2870
0.0001
0.06
0.12
-0.19
0.01
-0.01
0.03
0
3
1
0
11923
0.2963
0.9109
0.2870
0.0001
0.06
-0.06
-0.12
0.00
-0.01
0.00
0
3
1
0
11932
0.2963
0.9109
0.2870
0.0001
-0.06
0.06
-0.06
0.00
-0.02
0.00
0
3
1
0
11942
0.2963
0.9109
0.2870
0.0001
0.00
0.00
-0.06
0.00
-0.01
0.00
0
3
1
0
11953
0.2963
0.9109
0.2870
0.0001
0.00
0.00
0.00
0.01
-0.01
0.02
0
3
1
0
11963
0.2963
0.9109
0.2870
0.0001
0.06
0.00
-0.12
-0.01
-0.03
0.03
0
3
1
0
11972
0.2963
0.9109
0.2870
0.0001
-0.06
-0.12
-0.06
0.00
-0.01
0.00
0
3
1
0
11982
0.2963
0.9109
0.2870
0.0001
0.00
0.00
0.00
0.02
-0.03
0.02
0
3
1
0
11993
0.2963
0.9109
0.2870
0.0001
-0.06
0.12
0.06
0.01
-0.02
0.01
0
3
1
0
12003
0.2963
0.9109
0.2870
0.0001
0.06
0.06
0.12
0.01
-0.02
0.01
0
3
1
0
12013
0.2963
0.9109
0.2870
0.0001
0.06
0.12
0.06
0.00
-0.02
0.01
0
3
1
0
12022
0.2963
0.9109
0.2870
0.0001
0.06
0.06
0.00
0.02
-0.01
0.00
0
3
1
0
12033
0.2963
0.9109
0.2870
0.0001
0.00
-0.06
-0.06
0.00
0.00
0.00
0
3
1
0
12043
0.2963
0.9109
0.2870
0.0001
0.00
-0.06
-0.19
0.00
-0.01
0.01
0
3
1
0
12053
0.2963
0.9109
0.2870
0.0001
0.06
-0.12
-0.12
0.00
0.00
0.02
0
3
1
0
12062
0.2963
0.9109
0.2870
0.0001
-0.12
-0.12
-0.12
0.00
-0.01
-0.02
0
3
1
0
12072
0.2963
0.9109
0.2870
0.0001
-0.06
-0.12
-0.19
0.00
-0.03
0.00
0
3
1
0
12083
0.2963
0.9109
0.2870
0.0001
-0.12
0.06
-0.25
0.00
-0.01
0.00
0
3
1
0
12092
0.2963
0.9109
0.2870
0.0001
-0.06
-0.06
-0.12
0.00
0.00
0.00
0
3
1
0
12102
0.2963
0.9109
0.2870
0.0001
-0.19
0.06
0.00
0.00
0.00
0.01
0
3
1
0
12112
0.2963
0.9109
0.2870
0.0001
0.06
0.00
0.00
0.01
-0.02
0.00
0
3
1
0
12123
0.2963
0.9109
0.2870
0.0001
-0.06
0.19
0.19
0.01
0.00
0.02
0
3
1
0
12132
0.2963
0.9109
0.2870
0.0001
0.06
0.00
0.25
0.00
-0.01
0.01
0
3
1
0
12142
0.2963
0.9109
0.2870
0.0001
0.00
0.06
0.00
0.00
-0.02
0.00
0
3
1
0
12152
0.2963
0.9109
0.2870
0.0001
0.06
-0.06
0.00
0.02
-0.02
-0.01
0
3
1
0
12163
0.2963
0.9109
0.2870
0.0001
-0.12
-0.19
-0.12
0.00
-0.01
0.00
0
3
1
0
12172
0.2963
0.9109
0.2870
0.0001
-0.12
-0.12
-0.06
0.00
-0.01
-0.02
0
3
1
0
12182
0.2963
0.9109
0.2870
0.0001
-0.12
-0.06
-0.06
0.02
0.00
-0.01
0
3
1
0
12192
0.2963
0.9109
0.2870
0.0001
0.00
0.06
0.06
-0.01
0.00
0.00
0
3
1
0
12203
0.2963
0.9109
0.2870
0.0001
-0.06
-0.19
-0.12
0.01
-0.02
0.00
0
3
1
0
12212
0.2963
0.9109
0.2870
0.0001
0.12
-0.06
-0.06
0.00
-0.02
0.00
0
3
1
0
12222
0.2963
0.9109
0.2870
0.0001
0.00
0.12
0.12
0.00
0.00
0.00
0
3
1
0
12232
0.2963
0.9109
0.2870
0.0001
0.00
0.12
0.06
-0.01
-0.02
0.00
0
3
1
0
12242
0.2963
0.9109
0.2870
0.0001
0.06
0.00
0.06
0.00
-0.02
0.02
0
3
1
0
12253
0.2963
0.9109
0.2870
0.0001
0.06
0.00
0.06
0.02
-0.01
0.01
0
3
1
0
12262
0.2963
0.9109
0.2870
0.0001
-0.06
0.19
0.00
0.01
0.00
-0.01
0
3
1
0
12272
0.2963
0.9109
0.2870
0.0001
0.06
-0.12
-0.12
0.02
-0.01
-0.02
0
3
1
0
12282
0.2963
0.9109
0.2870
0.0001
-0.12
0.06
-0.12
0.00
-0.01
0.02
0
3
1
0
12293
0.2963
0.9109
0.2870
0.0001
-0.06
0.25
-0.12
0.00
0.00
0.02
0
3
1
0
12302
0.2963
0.9109
0.2870
0.0001
-0.06
-0.06
0.00
0.02
-0.03
0.01
0
3
1
0
12312
0.2963
0.9109
0.2870
0.0001
-0.06
-0.19
0.00
0.00
-0.01
0.05
0
3
1
0
12322
0.2963
0.9109
0.2870
0.0001
0.06
0.06
0.06
0.01
-0.02
-0.01
0
3
1
0
12332
0.2963
0.9109
0.2870
0.0001
0.19
0.06
0.12
0.00
-0.02
0.00
0
3
1
0
12342
0.2963
0.9109
0.2870
0.0001
0.12
0.06
-0.06
0.00
-0.02
0.03
0
3
1
0
12352
0.2963
0.9109
0.2870
0.0001
0.19
0.00
0.00
0.02
0.00
0.00
0
3
1
0
12362
0.2963
0.9109
0.2870
0.0001
0.00
0.12
-0.06
0.00
0.00
0.02
0
3
1
0
12371
0.2963
0.9109
0.2870
0.0001
0.12
-0.12
-0.06
0.00
0.00
0.00
0
3
1
0
12382
0.2963
0.9109
0.2870
0.0001
0.12
0.06
0.00
0.00
-0.01
0.00
0
3
1
0
12392
0.2963
0.9109
0.2870
0.0001
0.00
0.12
0.00
0.00
0.00
0.00
0
3
1
0
12402
0.2963
0.9109
0.2870
0.0001
-0.06
0.00
0.06
0.00
-0.01
0.01
0
3
1
0
12411
0.2963
0.9109
0.2870
0.0001
-0.06
-0.12
-0.12
0.02
-0.01
-0.01
0
3
1
0
12422
0.2963
0.9109
0.2870
0.0001
0.00
-0.12
-0.25
0.01
-0.03
0.01
0
3
1
0
12432
0.2963
0.9109
0.2870
0.0001
0.06
-0.12
-0.19
0.02
-0.01
0.00
0
3
1
0
12442
0.2963
0.9109
0.2870
0.0001
0.12
-0.12
-0.06
0.01
-0.01
-0.02
0
3
1
0
12452
0.2963
0.9109
0.2870
0.0001
0.06
-0.06
0.06
-0.01
0.00
0.02
0
3
1
0
12462
0.2963
0.9109
0.2870
0.0001
0.00
0.00
0.12
0.00
-0.02
0.01
0
3
1
0
12472
0.2963
0.9109
0.2870
0.0001
-0.06
-0.06
0.06
-0.01
0.01
0.00
0
3
1
0
12482
0.2963
0.9109
0.2870
0.0001
0.00
0.00
-0.12
0.00
0.00
0.01
0
3
1
0
12491
0.2963
0.9109
0.2870
0.0001
0.06
0.06
-0.19
0.01
0.00
0.00
0
3
1
0
12502
0.2963
0.9109
0.2870
0.0001
0.06
0.06
-0.25
0.03
-0.01
0.00
0
3
1
0
12512
0.2963
0.9109
0.2870
0.0001
0.12
0.25
-0.12
-0.01
-0.03
0.00
0
3
1
0
12522
0.2963
0.9109
0.2870
0.0001
0.12
0.12
-0.12
0.01
0.00
0.01
0
3
1
0
12531
0.2963
0.9109
0.2870
0.0001
0.25
0.12
0.00
0.00
-0.02
-0.03
