0.00
0
0
1
0
3326
0.3916
0.9192
0.0419
-0.0009
-0.37
0.44
1.56
0.00
-0.06
0.00
0
0
1
0
3336
0.3916
0.9192
0.0417
-0.0008
-0.19
0.63
1.81
0.03
-0.06
0.03
0
0
1
0
3346
0.3915
0.9192
0.0416
-0.0007
-0.56
0.31
0.56
0.02
-0.05
0.06
0
0
1
0
3356
0.3915
0.9192
0.0416
-0.0007
0.06
-0.31
0.12
0.01
-0.06
0.05
0
0
1
0
3366
0.3915
0.9192
0.0416
-0.0007
0.69
-0.19
-1.00
0.00
-0.01
0.02
0
0
1
0
3377
0.3915
0.9193
0.0417
-0.0007
0.00
-0.25
-1.69
0.00
-0.04
0.01
0
0
1
0
3386
0.3915
0.9192
0.0419
-0.0008
-0.12
-0.19
-0.12
0.00
-0.06
0.05
0
0
1
0
3396
0.3915
0.9192
0.0419
-0.0008
0.00
0.12
0.81
0.03
-0.02
-0.01
0
0
1
0
3406
0.3915
0.9193
0.0418
-0.0008
-0.31
0.19
0.63
0.01
-0.02
-0.01
0
0
1
0
3417
0.3915
0.9193
0.0416
-0.0007
-0.44
0.06
1.12
0.02
-0.05
0.01
0
0
1
0
3426
0.3915
0.9193
0.0416
-0.0007
0.00
0.06
0.37
0.04
-0.02
0.01
0
0
1
0
3436
0.3915
0.9193
0.0416
-0.0007
0.06
-0.19
-0.88
0.00
-0.04
-0.02
0
0
1
0
3446
0.3915
0.9193
0.0417
-0.0007
0.12
-0.25
-0.56
0.01
-0.05
0.00
0
0
1
0
3457
0.3915
0.9193
0.0417
-0.0007
0.00
-0.25
-0.44
0.01
-0.03
0.05
0
0
1
0
3466
0.3915
0.9193
0.0417
-0.0007
0.06
-0.25
-0.50
0.03
0.01
-0.03
0
0
1
0
3476
0.3915
0.9193
0.0417
-0.0007
-0.31
0.00
0.69
0.00
-0.06
0.05
0
0
1
0
3486
0.3915
0.9193
0.0417
-0.0007
0.00
0.25
1.50
0.05
0.00
-0.02
0
0
1
0
3495
0.3915
0.9193
0.0416
-0.0007
-0.37
0.19
0.00
0.00
-0.03
0.00
0
0
1
0
3506
0.3915
0.9193
0.0416
-0.0007
-0.37
-0.12
-0.31
0.01
-0.05
0.02
0
0
1
0
3516
0.3915
0.9193
0.0416
-0.0007
0.56
-0.31
-0.63
0.00
-0.05
0.05
0
0
1
0
3526
0.3915
0.9193
0.0416
-0.0007
0.37
-0.19
-1.37
0.00
-0.02
-0.03
0
0
1
0
3536
0.3915
0.9193
0.0417
-0.0007
-0.25
-0.25
-0.81
0.00
-0.05
0.02
0
0
1
0
3546
0.3915
0.9193
0.0417
-0.0008
-0.31
0.25
0.75
0.01
-0.05
0.00
0
0
1
0
3556
0.3915
0.9193
0.0417
-0.0007
-0.12
0.37
0.94
0.01
-0.01
-0.01
0
0
1
0
3566
0.3915
0.9193
0.0416
-0.0007
-0.31
0.44
1.19
0.01
-0.04
0.01
0
0
1
0
3576
0.3915
0.9193
0.0416
-0.0007
-0.25
-0.12
0.44
0.01
-0.05
0.02
0
0
1
0
3586
0.3915
0.9193
0.0416
-0.0007
0.00
-0.06
-0.88
0.02
-0.04
0.01
0
0
1
0
3596
0.3915
0.9193
0.0416
-0.0007
0.19
-0.25
-1.00
-0.03
-0.01
0.04
0
0
1
0
3606
0.3915
0.9193
0.0417
-0.0007
0.12
-0.25
-0.44
0.00
-0.01
0.04
0
0
1
0
3616
0.3915
0.9193
0.0417
-0.0007
0.12
-0.19
-0.19
0.01
-0.02
0.00
0
0
1
0
3625
0.3915
0.9193
0.0417
-0.0007
-0.19
0.19
0.12
0.00
0.00
0.01
0
0
1
0
3636
0.3915
0.9193
0.0417
-0.0007
-0.25
-0.06
0.81
0.00
-0.06
0.02
0
0
1
0
3646
0.3915
0.9193
0.0416
-0.0007
-0.12
0.00
0.88
0.00
-0.03
0.01
0
0
1
0
3656
0.3915
0.9193
0.0416
-0.0007
-0.12
0.00
0.37
0.01
-0.02
0.02
0
0
1
0
3666
0.3915
0.9193
0.0416
-0.0007
-0.12
-0.06
0.31
0.01
-0.04
0.02
0
0
1
0
3676
0.3915
0.9193
0.0416
-0.0007
0.25
-0.25
0.31
0.03
-0.04
-0.02
0
0
1
0
3686
0.3915
0.9193
0.0416
-0.0007
0.31
-0.37
-0.81
-0.01
-0.05
0.00
0
0
1
0
3696
0.3915
0.9193
0.0416
-0.0007
0.19
-0.50
-1.19
-0.01
-0.05
-0.01
0
0
1
0
3705
0.3915
0.9193
0.0417
-0.0007
0.06
-0.37
-0.94
0.00
-0.05
0.00
0
0
1
0
3716
0.3915
0.9193
0.0418
-0.0008
-0.06
-0.06
-0.25
0.00
-0.01
0.03
0
0
1
0
3726
0.3915
0.9193
0.0418
-0.0008
-0.44
0.06
0.81
0.02
-0.01
0.01
0
0
1
0
3735
0.3915
0.9193
0.0417
-0.0007
-0.50
0.50
1.69
0.01
-0.01
0.05
0
0
1
0
3745
0.3915
0.9193
0.0416
-0.0007
-0.44
0.50
1.63
0.01
-0.03
0.04
0
0
1
0
3756
0.3915
0.9193
0.0414
-0.0006
0.00
0.00
0.81
0.03
-0.01
0.01
0
0
1
0
3766
0.3915
0.9193
0.0414
-0.0006
0.31
-0.37
-0.37
0.01
-0.04
0.00
0
0
1
0
3776
0.3915
0.9193
0.0414
-0.0006
0.69
-0.81
-1.81
0.00
-0.07
0.02
0
0
1
0
3785
0.3915
0.9193
0.0415
-0.0007
0.50
-0.88
-2.25
0.00
-0.05
-0.03
0
0
1
0
3795
0.3915
0.9193
0.0417
-0.0009
0.19
-0.50
-1.88
-0.01
-0.03
-0.01
0
0
1
0
3806
0.3915
0.9193
0.0418
-0.0009
-0.06
0.06
-0.37
-0.03
-0.04
0.00
0
0
1
0
3815
0.3915
0.9193
0.0418
-0.0009
-0.56
0.56
1.56
0.01
-0.02
0.00
0
0
1
0
3824
0.3915
0.9193
0.0417
-0.0009
-0.56
0.56
1.56
0.03
-0.02
0.01
0
0
1
0
3834
0.3915
-0.0001
-0.0001
-0.0001
-0.81
0.88
3.00
0.03
-0.02
0.04
0
0
1
0
3845
0.3916
-0.0001
-0.0001
-0.0001
-0.31
0.31
1.75
0.02
-0.03
0.05
0
0
1
0
3855
0.3916
-0.0001
-0.0001
-0.0001
0.31
-0.44
-0.37
0.04
-0.05
0.03
0
0
1
0
3864
0.3916
0.9193
0.0412
-0.0005
0.31
-0.44
-0.37
0.01
-0.04
0.02
0
0
1
0
3873
0.3916
0.9192
0.0413
-0.0006
0.56
-0.81
-2.56
0.01
-0.04
0.02
0
0
1
0
3884
0.3915
-0.0001
-0.0001
-0.0001
0.69
-0.06
-0.06
-0.02
-0.03
0.03
0
0
1
0
3894
0.3915
-0.0001
-0.0001
-0.0001
-0.06
-0.25
-0.37
-0.02
-0.02
0.00
0
0
1
0
3904
0.3915
-0.0001
-0.0001
-0.0001
-0.63
0.56
1.94
0.00
-0.03
0.02
0
0
1
0
3914
0.3916
0.9192
0.0416
-0.0009
-0.63
0.56
1.94
0.01
-0.03
0.02
0
0
1
0
3923
0.3917
0.9192
0.0414
-0.0007
-0.94
1.00
3.31
0.01
-0.03
0.02
0
0
1
0
3933
0.3917
-0.0001
-0.0001
-0.0001
-0.69
0.81
2.94
0.02
-0.05
0.03
0
0
1
0
3944
0.3917
-0.0001
-0.0001
-0.0001
0.44
-0.25
-1.37
0.01
-0.06
0.02
0
0
1
0
3954
0.3917
-0.0001
-0.0001
-0.0001
0.75
-1.06
-3.06
-0.01
-0.04
0.00
0
0
1
0
3964
0.3917
0.9192
0.0414
-0.0008
0.75
-0.06
-0.06
0.00
-0.02
0.00
0
0
1
0
3974
0.3916
0.9192
0.0416
-0.0009
0.63
-0.81
-3.06
0.00
-0.02
0.00
0
0
1
0
3983
0.3916
-0.0001
-0.0001
-0.0001
0.06
-0.06
-0.06
0.00
-0.04
0.00
0
0
1
0
3993
0.3916
-0.0001
-0.0001
-0.0001
-0.50
0.19
1.00
0.01
-0.03
0.00
0
0
1
0
4004
0.3917
-0.0001
-0.0001
-0.0001
-0.63
0.69
3.06
0.02
-0.03
0.03
0
0
1
0
4014
0.3917
0.9192
0.0413
-0.0006
-0.63
0.69
3.06
0.02
-0.04
0.01
0
0
1
0
4023
0.3917
0.9192
0.0411
-0.0005
-0.37
0.37
1.69
0.02
-0.04
0.01
0
0
1
0
4033
0.3917
-0.0001
-0.0001
-0.0001
0.06
-0.06
-0.06
0.01
-0.04
0.01
0
0
1
0
4043
0.3917
-0.0001
-0.0001
-0.0001
0.50
-0.69
-2.44
0.00
-0.03
-0.02
0
0
1
0
4054
0.3917
-0.0001
-0.0001
-0.0001
0.12
-0.50
-1.56
0.00
-0.05
0.02
0
0
1
0
4064
0.3917
-0.0001
-0.0001
-0.0001
-0.19
-0.12
0.06
-0.01
-0.01
0.02
0
0
1
0
4074
0.3917
-0.0001
-0.0001
-0.0001
-0.44
0.37
1.44
0.00
-0.02
0.00
0
0
1
0
4084
0.3917
-0.0001
-0.0001
-0.0001
-0.37
0.37
1.69
0.00
-0.03
0.01
0
0
1
0
4094
0.3917
-0.0001
-0.0001
-0.0001
-0.12
0.31
1.31
0.01
-0.05
0.00
0
0
1
0
4105
0.3917
-0.0001
-0.0001
-0.0001
-0.06
0.06
0.31
0.01
-0.04
0.01
0
0
1
0
4114
0.3917
-0.0001
-0.0001
-0.0001
0.12
-0.25
-0.63
0.00
-0.04
0.01
0
0
1
0
4124
0.3917
-0.0001
-0.0001
-0.0001
0.25
-0.31
-1.00
0.01
-0.05
0.01
0
0
1
0
4134
0.3917
-0.0001
-0.0001
-0.0001
0.12
-0.25
-0.81
0.00
0.02
-0.01
0
0
1
0
4145
0.3917
-0.0001
-0.0001
-0.0001
-0.19
-0.37
-0.63
-0.03
0.00
0.00
0
0
1
0
4155
0.3917
0.9191
0.0414
-0.0008
-0.12
0.06
0.37
0.02
-0.01
0.03
0
0
1
0
4165
0.3917
0.9191
0.0414
-0.0008
0.12
0.25
1.12
0.00
-0.03
0.00
0
0
1
0
4175
0.3917
0.9191
0.0413
-0.0008
-0.19
0.12
0.88
0.01
-0.05
0.00
0
0
1
0
4185
0.3917
0.9192
0.0413
-0.0007
-0.37
-0.19
-0.19
0.01
-0.03
0.00
0
0
1
0
4195
0.3917
0.9192
0.0413
-0.0007
0.25
-0.31
-0.69
0.01
-0.05
0.00
0
0
1
0
4205
0.3917
0.9191
0.0413
-0.0008
0.44
-0.19
-0.50
0.00
-0.06
0.00
0
0
1
0
4215
0.3917
0.9191
0.0413
-0.0008
-0.31
-0.12
-0.56
-0.01
-0.03
0.01
0
0
1
0
4225
0.3917
0.9191
0.0413
-0.0008
-0.50
-0.31
-0.81
-0.01
-0.04
0.02
0
0
1
0
4235
0.3917
0.9191
0.0414
-0.0008
0.12
0.06
0.06
0.00
-0.01
-0.01
0
0
1
0
4245
0.3917
0.9191
0.0414
-0.0008
0.12
0.25
1.06
0.01
-0.02
0.00
0
0
1
0
4254
0.3917
0.9191
0.0413
-0.0008
-0.50
0.06
1.25
0.01
-0.03
0.00
0
0
1
0
4265
0.3917
0.9192
0.0412
-0.0007
-0.37
0.12
0.81
0.05
-0.02
0.03
0
0
1
0
4275
0.3917
0.9192
0.0411
-0.0007
0.00
0.25
0.50
0.02
-0.03
0.00
0
0
1
0
4285
0.3917
0.9192
0.0411
-0.0007
-0.19
-0.06
0.19
0.01
-0.02
-0.02
0
0
1
0
4295
0.3917
0.9192
0.0411
-0.0007
-0.25
-0.44
-0.94
0.00
-0.01
0.02
0
0
1
0
4304
0.3917
0.9192
0.0412
-0.0007
0.25
-0.37
-1.19
0.00
-0.07
0.04
0
0
1
0
4315
0.3917
0.9192
0.0414
-0.0008
0.69
-0.44
-0.63
0.01
-0.05
0.01
0
0
1
0
4325
0.3917
0.9192
0.0414
-0.0008
0.00
-0.19
-0.44
-0.01
-0.04
-0.01
0
0
1
0
4335
0.3917
0.9192
0.0414
-0.0008
-0.37
-0.06
-0.37
-0.01
-0.05
0.00
0
0
1
0
4344
0.3917
0.9192
0.0414
-0.0008
0.12
0.12
0.50
0.00
-0.06
0.02
0
0
1
0
4355
0.3917
0.9192
0.0414
-0.0008
0.12
0.19
0.50
0.00
-0.02
-0.02
0
0
1
0
4365
0.3917
0.9192
0.0414
-0.0008
-0.44
-0.12
0.37
0.01
-0.03
0.00
0
0
1
0
4375
0.3917
0.9192
0.0414
-0.0008
-0.25
0.12
0.81
0.03
-0.04
0.03
0
0
1
0
4384
0.3917
0.9192
-0.0001
-0.0001
-0.06
0.25
0.94
0.02
-0.04
0.00
0
0
1
0
4395
0.3917
0.9192
0.0412
-0.0007
-0.19
0.06
0.06
0.00
-0.03
0.03
0
0
1
0
4405
0.3917
0.9192
0.0412
-0.0007
0.06
-0.44
-0.88
0.00
-0.04
0.02
0
0
1
0
4414
0.3917
0.9192
0.0413
-0.0007
0.37
-0.44
-1.69
-0.01
0.00
0.02
0
0
1
0
4423
0.3917
0.9192
0.0414
-0.0008
0.37
-0.44
-1.69
0.01
-0.04
0.00
0
0
1
0
4433
0.3917
-0.0001
-0.0001
-0.0001
-0.06
0.00
0.50
0.00
-0.04
0.02
0
0
1
0
4444
0.3917
-0.0001
-0.0001
-0.0001
-0.31
0.19
0.94
0.01
-0.04
-0.01
0
0
1
0
4454
0.3917
-0.0001
-0.0001
-0.0001
-0.19
0.25
0.63
0.00
-0.07
0.01
0
0
1
0
4464
0.3917
-0.0001
-0.0001
-0.0001
0.06
0.06
-0.12
-0.02
-0.03
0.03
0
0
1
0
4473
0.3917
-0.0001
-0.0001
-0.0001
0.06
-0.37
-1.00
0.00
-0.03
0.00
0
0
1
0
4484
0.3917
-0.0001
-0.0001
-0.0001
0.19
-0.12
-0.63
0.02
-0.03
0.00
0
0
1
0
4494
0.3917
-0.0001
-0.0001
-0.0001
-0.12
0.25
0.56
0.02
-0.02
0.00
0
0
1
0
4504
0.3917
-0.0001
-0.0001
-0.0001
-0.50
0.44
1.25
0.03
-0.03
0.02
0
0
1
0
4514
0.3917
0.9192
0.0414
-0.0008
-0.50
0.37
1.31
0.02
-0.03
0.04
0
0
1
0
4524
0.3917
0.9192
0.0413
-0.0007
-0.50
0.37
1.31
0.02
-0.02
0.00
0
0
1
0
4533
0.3917
-0.0001
-0.0001
-0.0001
0.44
-0.50
-0.69
0.02
-0.04
0.02
0
0
1
0
4543
0.3917
-0.0001
-0.0001
-0.0001
0.44
-0.75
-1.75
0.00
-0.04
0.00
0
0
1
0
4553
0.3917
-0.0001
-0.0001
-0.0001
0.50
-0.56
-1.88
-0.01
-0.06
-0.01
0
0
1
0
4563
0.3917
-0.0001
-0.0001
-0.0001
0.06
-0.19
-1.00
0.00
-0.02
0.01
0
0
1
0
4574
0.3917
-0.0001
-0.0001
-0.0001
-0.31
0.12
0.06
-0.01
-0.01
0.00
0
0
1
0
4584
0.3917
-0.0001
-0.0001
-0.0001
-0.44
0.25
1.31
0.00
-0.04
0.03
0
0
1
0
4594
0.3917
-0.0001
-0.0001
-0.0001
-0.37
0.56
1.81
0.00
-0.03
0.00
0
0
1
0
4603
0.3917
-0.0001
-0.0001
-0.0001
-0.12
0.50
1.50
0.04
-0.02
0.02
0
0
1
0
4615
0.3917
0.9192
0.0413
-0.0009
-0.12
0.19
0.88
0.02
-0.05
0.03
0
0
1
0
4624
0.3917
0.9192
0.0413
-0.0008
0.00
-0.19
-0.12
0.03
-0.03
0.02
0
0
1
0
4634
0.3917
0.9192
0.0413
-0.0008
0.12
-0.56
-1.44
0.01
-0.05
0.00
0
0
1
0
4644
0.3917
0.9192
0.0414
-0.0009
0.25
-0.69
-2.00
0.00
-0.03
0.00
0
0
1
0
4655
0.3917
0.9192
0.0415
-0.0010
0.37
-0.75
-1.81
-0.02
-0.04
0.02
0
0
1
0
4665
0.3917
0.9192
0.0416
-0.0011
0.12
-0.44
-0.88
0.00
-0.03
0.00
0
0
1
0
4674
0.3917
0.9192
0.0417
-0.0012
-0.31
0.25
1.1.34
-0.0037
-0.06
0.06
0.31
0.08
0.02
0.00
0
3
1
0

0.69
0.06
-0.03
0.03
0
3
1
0
43796
0.3903
0.9197
0.0434
-0.0037
-0.06
0.06
0.31
0.08
0.02
0.00
0
3
1
0
43806
0.3903
0.9197
0.0434
-0.0037
-0.37
-0.06
0.06
0.07
-0.05
0.11
0
3
1
0
43816
0.3903
0.9197
0.0434
-0.0037
0.44
-0.06
0.19
0.09
0.00
0.00
0
3
1
0
43826
0.3903
0.9197
0.0434
-0.0037
0.12
-0.31
-0.63
0.07
0.01
0.01
0
3
1
0
43836
0.3903
0.9197
0.0435
-0.0037
-0.25
-0.19
-0.31
0.04
0.01
0.05
0
3
1
0
43846
0.3903
0.9197
0.0435
-0.0037
0.44
-0.12
0.19
0.06
0.00
0.00
0
3
1
0
43856
0.3903
0.9197
0.0435
-0.0037
0.06
0.00
-0.12
0.06
0.01
0.02
0
3
1
0
43866
0.3903
0.9197
0.0435
-0.0037
-0.19
-0.06
0.37
0.04
-0.01
0.07
0
3
1
0
43876
0.3903
0.9197
0.0435
-0.0037
0.06
-0.12
0.50
0.08
0.01
-0.01
0
3
1
0
43886
0.3903
0.9197
0.0435
-0.0037
0.12
0.00
-0.37
0.06
0.00
0.03
0
3
1
0
43895
0.3903
0.9197
0.0435
-0.0037
0.19
-0.06
-0.19
0.06
-0.03
0.04
0
3
1
0
43907
0.3903
0.9197
0.0435
-0.0037
0.12
-0.06
-0.31
0.08
0.01
0.04
0
3
1
0
43916
0.3903
0.9197
0.0435
-0.0037
-0.06
0.00
-0.44
0.05
0.00
0.04
0
3
1
0
43926
0.3903
0.9197
0.0435
-0.0037
0.12
0.06
0.25
0.07
-0.04
0.00
0
3
1
0
43936
0.3903
0.9197
0.0435
-0.0037
0.06
0.19
0.56
0.06
0.00
0.04
0
3
1
0
43945
0.3903
0.9197
0.0435
-0.0037
-0.06
0.06
0.12
0.05
-0.02
0.03
0
3
1
0
43956
0.3903
0.9197
0.0435
-0.0001
0.25
0.06
-0.12
0.07
-0.01
0.04
0
3
1
0
43966
0.3903
0.9197
0.0435
-0.0037
0.25
0.06
-0.06
0.07
-0.01
0.06
0
3
1
0
43976
0.3903
0.9197
0.0435
-0.0037
0.00
-0.31
-0.56
0.07
-0.01
0.03
0
3
1
0
43985
0.3903
0.9197
0.0435
-0.0037
0.06
-0.12
-0.19
0.06
0.00
0.01
0
3
1
0
43996
0.3903
0.9197
0.0435
-0.0037
0.06
0.06
-0.06
0.07
-0.02
0.04
0
3
1
0
44006
0.3903
0.9197
0.0435
-0.0037
0.00
0.25
0.37
0.06
-0.01
0.01
0
3
1
0
44016
0.3903
0.9197
0.0435
-0.0037
0.00
0.00
0.31
0.06
0.00
0.04
0
3
1
0
44025
0.3903
0.9197
0.0435
-0.0037
0.12
-0.19
0.25
0.06
-0.01
0.01
0
3
1
0
44036
0.3903
0.9197
0.0435
-0.0037
0.12
-0.12
0.12
0.07
-0.01
0.03
0
3
1
0
44046
0.3903
0.9197
0.0435
-0.0037
0.19
0.06
-0.25
0.06
-0.01
0.01
0
3
1
0
44056
0.3903
0.9197
0.0435
-0.0037
0.06
-0.12
-0.56
0.07
0.00
0.02
0
3
1
0
44065
0.3903
0.9197
0.0435
-0.0037
0.12
0.00
-0.50
0.06
0.00
0.00
0
3
1
0
44076
0.3903
0.9197
0.0435
-0.0037
0.19
0.00
0.06
0.05
-0.01
0.02
0
3
1
0
44086
0.3903
0.9197
0.0435
-0.0037
0.06
0.12
0.25
0.07
-0.01
0.02
0
3
1
0
44096
0.3903
0.9197
0.0435
-0.0037
0.00
0.00
0.31
0.07
0.00
0.04
0
3
1
0
44106
0.3903
0.9197
0.0435
-0.0037
0.00
0.12
0.37
0.07
-0.01
0.02
0
3
1
0
44115
0.3903
0.9197
0.0435
-0.0037
0.12
-0.12
-0.19
0.07
-0.01
0.03
0
3
1
0
44126
0.3903
0.9197
0.0435
-0.0037
0.19
-0.12
-0.56
0.08
-0.01
0.00
0
3
1
0
44136
0.3903
0.9197
0.0435
-0.0037
0.12
-0.25
-0.63
0.06
0.00
0.04
0
3
1
0
44145
0.3903
0.9197
0.0435
-0.0037
0.25
-0.12
-0.37
0.06
-0.01
0.04
0
3
1
0
44155
0.3903
0.9197
0.0435
-0.0037
0.06
0.06
0.19
0.06
0.00
0.05
0
3
1
0
44166
0.3903
0.9197
0.0435
-0.0037
-0.12
0.25
0.44
0.05
-0.03
0.04
0
3
1
0
44176
0.3903
0.9197
0.0435
-0.0037
-0.06
0.19
0.56
0.06
-0.01
0.03
0
3
1
0
44185
0.3903
0.9197
0.0435
-0.0037
0.19
-0.06
0.50
0.08
0.00
0.01
0
3
1
0
44195
0.3903
0.9197
0.0435
-0.0037
0.06
-0.19
-0.12
0.08
0.00
0.03
0
3
1
0
44206
0.3903
0.9197
0.0435
-0.0037
0.19
-0.12
-0.50
0.08
0.00
0.01
0
3
1
0
44216
0.3903
0.9197
0.0435
-0.0037
0.19
-0.19
-0.50
0.06
-0.01
0.03
0
3
1
0
44225
0.3903
0.9197
0.0435
-0.0037
0.12
-0.25
-0.25
0.06
-0.01
0.02
0
3
1
0
44235
0.3903
0.9197
0.0435
-0.0037
0.12
-0.12
-0.06
0.05
0.00
0.01
0
3
1
0
44246
0.3903
0.9197
0.0435
-0.0037
-0.06
0.00
0.37
0.07
-0.01
0.02
0
3
1
0
44256
0.3903
0.9197
0.0435
-0.0037
0.06
-0.06
0.44
0.07
-0.02
0.00
0
3
1
0
44265
0.3903
0.9197
0.0435
-0.0037
0.00
-0.06
0.25
0.07
0.00
0.05
0
3
1
0
44275
0.3903
0.9197
0.0435
-0.0037
0.12
0.00
-0.12
0.06
-0.02
0.03
0
3
1
0
44285
0.3903
0.9197
0.0435
-0.0037
0.31
-0.06
-0.31
0.07
0.00
0.04
0
3
1
0
44296
0.3903
0.9197
0.0435
-0.0037
0.12
-0.06
-0.31
0.07
-0.02
0.05
0
3
1
0
44306
0.3903
0.9197
0.0435
-0.0037
0.06
0.00
-0.19
0.07
0.00
0.04
0
3
1
0
44315
0.3903
0.9197
0.0435
-0.0037
-0.12
-0.19
0.00
0.07
0.00
0.04
0
3
1
0
44325
0.3903
0.9197
0.0435
-0.0037
0.12
0.00
0.06
0.06
0.00
0.01
0
3
1
0
44336
0.3903
0.9197
0.0435
-0.0037
0.06
-0.06
0.19
0.07
-0.04
0.04
0
3
1
0
44345
0.3903
0.9197
0.0435
-0.0037
0.00
0.00
-0.06
0.06
-0.01
0.03
0
3
1
0
44355
0.3903
0.9197
0.0435
-0.0037
0.12
-0.06
-0.25
0.06
0.00
0.04
0
3
1
0
44365
0.3903
0.9197
0.0435
-0.0037
0.12
-0.25
-0.12
0.07
-0.01
0.02
0
3
1
0
44376
0.3903
0.9197
0.0435
-0.0037
0.00
-0.19
0.06
0.08
0.00
0.00
0
3
1
0
44385
0.3903
0.9197
0.0435
-0.0037
-0.06
0.12
-0.06
0.06
0.00
0.01
0
3
1
0
44395
0.3903
0.9197
0.0435
-0.0037
0.12
-0.12
0.12
0.06
-0.02
0.02
0
3
1
0
44405
0.3903
0.9197
0.0435
-0.0037
-0.06
0.06
0.31
0.06
0.00
0.08
0
3
1
0
44416
0.3903
0.9197
0.0435
-0.0037
0.12
0.00
0.00
0.06
-0.02
0.04
0
3
1
0
44425
0.3903
0.9197
0.0435
-0.0037
0.12
0.06
-0.25
0.07
0.00
0.01
0
3
1
0
44435
0.3903
0.9197
0.0435
-0.0037
0.06
0.00
-0.56
0.06
-0.02
0.01
0
3
1
0
44445
0.3903
0.9197
0.0435
-0.0037
0.12
-0.25
-0.44
0.07
-0.04
0.06
0
3
1
0
44455
0.3903
0.9197
0.0435
-0.0037
0.00
-0.12
-0.12
0.06
-0.02
0.02
0
3
1
0
44466
0.3903
0.9197
0.0435
-0.0037
0.06
0.00
0.31
0.05
0.00
0.03
0
3
1
0
44475
0.3903
0.9197
0.0435
-0.0037
-0.12
0.25
0.75
0.07
0.00
0.03
0
3
1
0
44485
0.3903
0.9197
0.0435
-0.0037
-0.12
0.19
0.88
0.09
0.00
0.02
0
3
1
0
44495
0.3903
0.9197
0.0434
-0.0037
-0.25
0.06
0.37
0.07
-0.02
0.07
0
3
1
0
44506
0.3903
0.9197
0.0434
-0.0037
0.25
-0.25
-0.50
0.08
0.00
0.05
0
3
1
0
44515
0.3903
0.9197
0.0435
-0.0037
0.44
-0.31
-0.88
0.08
0.00
0.01
0
3
1
0
44525
0.3903
0.9197
0.0435
-0.0037
0.12
-0.31
-1.06
0.05
0.00
0.03
0
3
1
0
44535
0.3903
0.9197
0.0435
-0.0037
0.12
-0.06
-0.69
0.06
-0.01
0.00
0
3
1
0
44545
0.3903
0.9197
0.0436
-0.0038
0.19
0.12
-0.12
0.05
-0.03
0.02
0
3
1
0
44555
0.3903
0.9197
0.0436
-0.0038
0.12
0.12
0.19
0.06
-0.02
0.00
0
3
1
0
44565
0.3903
0.9197
0.0436
-0.0001
-0.37
0.50
0.75
0.06
0.00
0.03
0
3
1
0
44575
0.3903
0.9197
0.0435
-0.0037
-0.25
0.50
1.06
0.06
0.00
0.03
0
3
1
0
44584
0.3903
0.9197
0.0435
-0.0037
0.00
0.50
1.00
0.08
-0.03
0.04
0
3
1
0
44595
0.3903
0.9197
0.0434
-0.0037
0.06
0.19
0.44
0.10
0.00
0.02
0
3
1
0
44605
0.3903
0.9197
0.0434
-0.0037
0.06
-0.44
-0.56
0.07
-0.02
0.05
0
3
1
0
44615
0.3903
0.9197
0.0435
-0.0037
0.44
-0.25
-1.31
0.05
-0.01
0.03
0
3
1
0
44624
0.3903
0.9197
0.0435
-0.0037
0.44
-0.12
-1.19
0.07
-0.01
0.00
0
3
1
0
44635
0.3903
0.9197
0.0436
-0.0037
0.06
-0.25
-0.06
0.07
0.00
0.03
0
3
1
0
44645
0.3903
0.9197
0.0436
-0.0037
-0.06
0.06
0.31
0.05
0.00
0.06
0
3
1
0
44655
0.3903
0.9197
0.0436
-0.0037
-0.06
0.12
0.56
0.05
-0.02
0.04
0
3
1
0
44664
0.3903
0.9197
0.0436
-0.0037
0.25
-0.12
0.25
0.06
-0.02
0.02
0
3
1
0
44675
0.3903
0.9197
0.0436
-0.0037
0.12
-0.25
-0.44
0.06
-0.01
0.00
0
3
1
0
44685
0.3903
0.9197
0.0436
-0.0037
-0.06
-0.31
-0.50
0.05
-0.02
0.05
0
3
1
0
44695
0.3903
0.9197
0.0436
-0.0037
0.12
0.06
0.19
0.06
0.01
0.02
0
3
1
0
44705
0.3903
0.9197
0.0435
-0.0037
0.06
0.44
0.81
0.08
0.00
0.03
0
3
1
0
44715
0.3903
0.9197
0.0435
-0.0037
-0.25
0.25
0.69
0.06
0.00
0.05
0
3
1
0
44725
0.3903
0.9197
0.0435
-0.0037
-0.12
0.06
0.12
0.08
0.00
0.02
0
3
1
0
44735
0.3903
0.9197
0.0435
-0.0037
0.50
-0.12
-0.44
0.07
0.00
0.00
0
3
1
0
44744
0.3903
0.9197
0.0435
-0.0037
0.44
-0.25
-0.88
0.05
-0.01
0.04
0
3
1
0
44754
0.3903
0.9197
0.0436
-0.0038
0.19
-0.25
-1.12
0.06
-0.01
0.03
0
3
1
0
44765
0.3903
0.9197
0.0436
-0.0038
0.06
0.00
-0.69
0.05
-0.01
0.01
0
3
1
0
44775
0.3903
0.9197
0.0436
-0.0038
0.00
0.06
0.50
0.06
-0.02
0.01
0
3
1
0
44784
0.3903
0.9197
0.0436
-0.0038
-0.12
0.31
1.06
0.07
-0.01
0.06
0
3
1
0
44794
0.3903
0.9197
0.0436
-0.0038
-0.25
0.31
0.81
0.06
-0.02
0.03
0
3
1
0
44805
0.3903
0.9197
0.0435
-0.0037
-0.06
0.12
0.19
0.07
0.00
0.07
0
3
1
0
44815
0.3903
0.9197
0.0435
-0.0037
0.19
-0.19
-0.31
0.07
-0.02
0.06
0
3
1
0
44824
0.3903
0.9197
0.0435
-0.0037
0.31
-0.19
-0.88
0.06
-0.02
0.02
0
3
1
0
44834
0.3903
0.9197
0.0436
-0.0038
0.31
-0.25
-0.94
0.05
0.00
0.02
0
3
1
0
44845
0.3903
0.9197
0.0436
-0.0038
0.19
-0.06
-0.37
0.06
0.00
0.03
0
3
1
0
44855
0.3903
0.9197
0.0436
-0.0038
-0.12
0.12
0.50
0.07
0.00
0.06
0
3
1
0
44864
0.3903
0.9197
0.0436
-0.0038
-0.12
0.06
0.81
0.07
-0.02
0.05
0
3
1
0
44874
0.3903
0.9197
0.0436
-0.0038
-0.12
0.19
0.69
0.08
-0.02
0.04
0
3
1
0
44884
0.3903
0.9197
0.0435
-0.0037
0.19
0.00
0.25
0.09
0.00
0.03
0
3
1
0
44895
0.3903
0.9197
0.0435
-0.0037
0.19
-0.12
-0.31
0.07
-0.02
0.03
0
3
1
0
44905
0.3903
0.9197
0.0436
-0.0038
0.31
-0.44
-0.81
0.07
-0.01
0.04
0
3
1
0
44914
0.3903
0.9197
0.0436
-0.0038
0.25
-0.31
-0.69
0.06
-0.02
0.02
0
3
1
0
44924
0.3903
0.9197
0.0436
-0.0038
0.12
-0.06
-0.31
0.06
0.00
0.00
0
3
1
0
44935
0.3903
0.9197
0.0436
-0.0038
0.06
0.12
0.12
0.07
0.00
0.02
0
3
1
0
44944
0.3903
0.9197
0.0436
-0.0038
-0.06
0.31
0.44
0.06
0.00
0.02
0
3
1
0
44954
0.3903
-0.0001
-0.0001
-0.0001
-0.06
0.31
0.50
0.07
-0.01
0.07
0
3
1
0
44964
0.3903
0.9197
0.0436
-0.0038
0.06
0.00
0.31
0.04
-0.01
0.04
0
3
1
0
44975
0.3903
0.9197
0.0436
-0.0038
0.12
-0.31
-0.06
0.08
-0.01
0.00
0
3
1
0
44984
0.3903
0.9197
0.0436
-0.0038
0.25
-0.12
-0.37
0.05
-0.01
0.02
0
3
1
0
44994
0.3903
0.9197
0.0436
-0.0038
0.19
-0.12
-0.44
0.06
0.00
0.01
0
3
1
0
45004
0.3903
0.9197
0.0436
-0.0038
0.12
-0.06
-0.19
0.08
-0.01
0.06
0
3
1
0
45015
0.3903
0.9197
0.0436
-0.0038
0.12
0.06
0.00
0.06
0.00
0.03
0
3
1
0
45024
0.3903
0.9197
0.0436
-0.0038
0.19
0.06
0.44
0.08
0.00
0.04
0
3
1
0
45034
0.3903
0.9197
0.0436
-0.0038
-0.06
0.19
0.50
0.07
-0.01
0.04
0
3
1
0
45044
0.3903
0.9197
0.0436
-0.0038
0.00
0.12
0.50
0.08
-0.02
0.05
0
3
1
0
45054
0.3903
0.9197
0.0436
-0.0038
0.00
0.06
0.12
0.08
-0.01
0.03
0
3
1
0
45064
0.3903
0.9197
0.0436
-0.0038
0.25
-0.25
-0.50
0.07
-0.03
0.04
0
3
1
0
45074
0.3903
0.9197
0.0436
-0.0038
0.19
-0.31
-0.63
0.05
-0.01
0.02
0
3
1
0
45084
0.3903
0.9197
0.0437
-0.0038
0.19
-0.19
-0.81
0.05
0.00
0.02
0
3
1
0
45094
0.3903
0.9197
0.0438
-0.0038
0.06
0.12
-0.31
0.06
-0.01
0.04
0
3
1
0
45105
0.3903
0.9197
0.0438
-0.0038
-0.06
-0.06
0.12
0.07
0.01
0.03
0
3
1
0
45114
0.3903
0.9197
0.0438
-0.0038
0.00
0.12
0.63
0.08
0.00
0.02
0
3
1
0
45124
0.3903
0.9197
0.0437
-0.0038
-0.12
0.12
0.75
0.07
-0.01
0.01
0
3
1
0
45134
0.3903
0.9197
0.0436
-0.0038
0.00
0.19
0.37
0.10
0.00
0.03
0
3
1
0
45144
0.3903
0.9197
0.0436
-0.0038
0.06
0.12
-0.12
0.07
-0.01
0.02
0
3
1
0
45154
0.3903
0.9197
0.0436
-0.0038
0.31
-0.12
-0.56
0.07
-0.01
0.05
0
3
1
0
45164
0.3903
0.9197
0.0436
-0.0038
0.25
-0.25
-0.75
0.06
-0.01
0.03
0
3
1
0
45174
0.3903
0.9197
0.0437
-0.0038
0.19
-0.06
-0.31
0.07
0.00
0.01
0
3
1
0
45184
0.3903
0.9197
0.0437
-0.0038
0.06
0.19
0.12
0.06
-0.01
0.02
0
3
1
0
45194
0.3903
0.9197
0.0437
-0.0038
-0.12
0.06
0.25
0.08
-0.01
0.04
0
3
1
0
45204
0.3903
0.9197
0.0437
-0.0038
-0.06
0.12
0.37
0.05
0.00
0.03
0
3
1
0
45214
0.3903
0.9197
0.0437
-0.0038
0.06
0.12
0.19
0.07
0.00
0.02
0
3
1
0
45223
0.3903
0.9197
0.0437
-0.0038
0.06
-0.31
-0.25
0.09
0.00
0.00
0
3
1
0
45234
0.3903
0.9197
0.0437
-0.0038
0.25
-0.12
-0.44
0.07
0.00
0.01
0
3
1
0
45244
0.3903
0.9197
0.0437
-0.0038
0.12
0.06
-0.31
0.07
0.00
0.04
0
3
1
0
45254
0.3903
0.9197
0.0437
-0.0038
0.00
0.12
0.06
0.08
0.00
0.03
0
3
1
0
45263
0.3903
0.9197
0.0437
-0.0038
-0.12
-0.06
0.25
0.06
0.00
0.03
0
3
1
0
45274
0.3903
0.9197
0.0437
-0.0038
-0.19
0.19
0.44
0.07
0.00
0.03
0
3
1
0
45284
0.3903
0.9197
0.0437
-0.0038
0.00
-0.19
0.06
0.07
0.00
0.01
0
3
1
0
45294
0.3903
0.9197
0.0437
-0.0038
0.25
-0.06
-0.37
0.06
-0.02
0.04
0
3
1
0
45304
0.3903
0.9197
0.0437
-0.0038
0.25
-0.44
-0.56
0.07
-0.02
0.04
0
3
1
0
45314
0.3903
0.9197
0.0437
-0.0038
0.25
-0.19
-0.56
0.08
-0.03
0.02
0
3
1
0
45324
0.3903
0.9197
0.0437
-0.0038
0.06
-0.06
-0.25
0.06
0.00
0.03
0
3
1
0
45334
0.3903
0.9197
0.0437
-0.0038
-0.06
0.06
0.37
0.08
-0.01
0.04
0
3
1
0
45343
0.3903
0.9197
0.0437
-0.0038
-0.06
0.25
0.88
0.08
-0.01
0.04
0
3
1
0
45353
0.3903
0.9197
0.0436
-0.0038
-0.06
0.25
0.69
0.09
0.01
0.05
0
3
1
0
45364
0.3903
0.9197
0.0436
-0.0038
0.06
0.06
0.44
0.09
0.00
0.02
0
3
1
0
45374
0.3903
0.9197
0.0436
-0.0038
0.00
-0.12
-0.25
0.10
-0.01
0.00
0
3
1
0
45383
0.3903
0.9197
0.0436
-0.0038
0.19
-0.25
-0.81
0.05
0.00
0.04
0
3
1
0
45393
0.3903
0.9197
0.0436
-0.0038
0.25
-0.19
-0.94
0.05
-0.03
0.02
0
3
1
0
45404
0.3903
0.9197
0.0438
-0.0038
0.19
-0.12
-0.69
0.06
0.00
0.04
0
3
1
0
45414
0.3903
0.9197
0.0438
-0.0038
0.06
0.12
-0.31
0.03
-0.01
0.03
0
3
1
0
45423
0.3903
0.9197
0.0438
-0.0038
0.00
0.25
0.44
0.08
0.00
0.02
0
3
1
0
45433
0.3903
0.9197
0.0438
-0.0038
-0.12
0.31
0.88
0.09
0.01
0.03
0
3
1
0
45444
0.3903
0.9197
0.0437
-0.0038
-0.12
0.19
0.75
0.08
-0.02
0.04
0
3
1
0
45454
0.3903
0.9197
0.0436
-0.0038
0.00
0.12
0.37
0.09
-0.02
0.04
0
3
1
0
45463
0.3903
0.9197
0.0436
-0.0038
0.25
0.00
-0.37
0.06
-0.02
0.04
0
3
1
0
45473
0.3903
0.9197
0.0436
-0.0038
0.19
-0.31
-0.75
0.08
0.00
0.01
0
3
1
0
45484
0.3903
0.9197
0.0437
-0.0038
0.31
-0.25
-0.88
0.07
-0.01
0.01
0
3
1
0
45494
0.3903
0.9197
0.0438
-0.0038
0.25
0.12
-0.75
0.04
0.00
0.04
0
3
1
0
45504
0.3903
0.9197
0.0438
-0.0038
0.06
0.25
0.00
0.06
-0.01
0.06
0
3
1
0
45513
0.3903
0.9197
0.0438
-0.0038
-0.12
0.19
0.75
0.06
-0.02
0.04
0
3
1
0
45523
0.3903
0.9197
0.0438
-0.0038
-0.19
0.37
0.94
0.07
-0.01
0.02
0
3
1
0
45534
0.3903
0.9197
0.0437
-0.0038
0.00
0.19
0.69
0.08
0.00
0.03
0
3
1
0
45543
0.3903
-0.0001
-0.0001
-0.0001
0.12
-0.19
-0.06
0.08
-0.01
0.04
0
3
1
0
45553
0.3903
0.9197
0.0437
-0.0038
0.31
-0.19
-0.75
0.07
-0.01
0.03
0
3
1
0
45563
0.3903
0.9197
0.0437
-0.0038
0.31
-0.25
-1.12
0.06
-0.02
0.02
0
3
1
0
45574
0.3903
0.9197
0.0438
-0.0038
0.19
-0.19
-0.94
0.07
-0.01
0.01
0
3
1
0
45583
0.3903
0.9197
0.0439
-0.0039
0.06
-0.06
-0.25
0.07
0.00
0.02
0
3
1
0
45593
0.3903
0.9197
0.0439
-0.0039
0.00
0.19
0.56
0.08
0.00
0.02
0
3
1
0
45603
0.3903
0.9197
0.0439
-0.0039
-0.25
0.31
0.94
0.08
0.00
0.02
0
3
1
0
45614
0.3903
0.9197
0.0438
-0.0038
-0.25
0.25
0.88
0.07
0.00
0.02
0
3
1
0
45623
0.3903
0.9197
0.0438
-0.0038
0.06
-0.06
0.06
0.09
0.00
0.00
0
3
1
0
45633
0.3903
0.9197
0.0438
-0.0038
0.25
-0.19
-0.75
0.07
-0.01
0.03
0
3
1
0
45643
0.3903
0.9197
0.0438
-0.0038
0.37
-0.31
-1.25
0.05
0.00
0.03
0
3
1
0
45654
0.3903
0.9197
0.0439
-0.0039
0.25
-0.56
-0.81
0.08
0.00
0.02
0
3
1
0
45664
0.3903
0.9197
0.0439
-0.0039
0.12
0.00
0.00
0.07
0.00
0.02
0
3
1
0
45673
0.3903
0.9197
0.0439
-0.0039
-0.25
0.19
0.69
0.08
0.00
0.05
0
3
1
0
45683
0.3903
0.9197
0.0439
-0.0039
-0.25
0.31
0.94
0.07
-0.02
0.03
0
3
1
0
45693
0.3903
0.9197
0.0438
-0.0038
-0.12
0.50
0.69
0.07
-0.01
0.04
0
3
1
0
45703
0.3903
0.9197
0.0438
-0.0038
0.12
0.19
-0.06
0.07
0.00
0.06
0
3
1
0
45713
0.3903
0.9197
0.0438
-0.0038
0.25
-0.19
-0.69
0.07
0.00
0.01
0
3
1
0
45723
0.3903
0.9197
0.0438
-0.0038
0.37
-0.37
-1.00
0.07
-0.01
0.01
0
3
1
0
45733
0.3903
0.9197
0.0439
-0.0039
0.25
-0.12
-0.56
0.08
0.00
0.00
0
3
1
0
45743
0.3903
0.9197
0.0439
-0.0039
0.00
0.12
-0.06
0.07
-0.02
0.02
0
3
1
0
45753
0.3903
0.9197
0.0439
-0.0039
-0.06
0.00
0.31
0.06
-0.03
0.03
0
3
1
0
45763
0.3903
0.9197
0.0439
-0.0039
-0.12
0.12
0.63
0.08
0.00
0.06
0
3
1
0
45773
0.3903
0.9197
0.0439
-0.0039
0.00
0.06
0.50
0.08
0.00
0.03
0
3
1
0
45783
0.3903
0.9197
0.0439
-0.0039
0.00
0.12
0.25
0.07
0.00
0.00
0
3
1
0
45793
0.3903
0.9197
0.0439
-0.0039
0.25
0.12
-0.12
0.08
-0.03
0.05
0
3
1
0
45803
0.3903
0.9197
0.0439
-0.0039
0.25
-0.19
-0.63
0.06
-0.01
0.03
0
3
1
0
45813
0.3903
0.9197
0.0439
-0.0039
0.25
-0.06
-0.88
0.05
-0.02
0.03
0
3
1
0
45822
0.3903
0.9197
0.0439
-0.0039
0.19
-0.12
-0.81
0.05
-0.02
0.02
0
3
1
0
45833
0.3903
0.9197
0.0441
-0.0040
0.12
-0.12
-0.25
0.06
-0.02
0.01
0
3
1
0
45843
0.3903
0.9197
0.0441
-0.0040
-0.12
0.19
0.63
0.08
0.00
0.02
0
3
1
0
45853
0.3903
0.9197
0.0439
-0.0039
-0.25
0.12
1.00
0.07
-0.02
0.03
0
3
1
0
45863
0.3903
0.9197
0.0439
-0.0039
-0.31
0.12
0.75
0.07
0.00
0.02
0
3
1
0
45873
0.3903
0.9197
0.0438
-0.0038
0.06
-0.06
0.50
0.09
-0.02
0.03
0
3
1
0
45883
0.3903
0.9197
0.0438
-0.0038
0.19
-0.25
-0.50
0.06
-0.01
0.04
0
3
1
0
45893
0.3903
0.9197
0.0438
-0.0038
0.19
-0.50
-1.06
0.06
0.00
0.05
0
3
1
0
45903
0.3903
0.9197
0.0440
-0.0040
0.37
-0.31
-1.25
0.05
0.00
0.03
0
3
1
0
45913
0.3903
0.9197
0.0440
-0.0040
0.06
-0.31
-0.63
0.07
0.00
0.01
0
3
1
0
45923
0.3903
0.9197
0.0441
-0.0040
-0.06
0.06
0.31
0.08
0.00
0.00
0
3
1
0
45933
0.3903
0.9197
0.0441
-0.0040
-0.25
0.31
1.00
0.06
0.00
0.03
0
3
1
0
45942
0.3903
0.9197
0.0440
-0.0040
-0.25
0.37
1.19
0.09
-0.01
0.04
0
3
1
0
45953
0.3903
0.9197
0.0438
-0.0038
-0.06
0.19
1.00
0.08
-0.02
0.06
0
3
1
0
45963
0.3903
0.9197
0.0438
-0.0038
0.25
0.00
0.06
0.08
0.00
0.03
0
3
1
0
45973
0.3903
0.9197
0.0438
-0.0038
0.37
-0.25
-0.69
0.08
-0.01
0.01
0
3
1
0
45982
0.3903
0.9197
0.0439
-0.0039
0.19
-0.31
-1.37
0.08
-0.02
0.01
0
3
1
0
45992
0.3903
0.9197
0.0440
-0.0039
0.25
-0.25
-1.19
0.05
-0.02
0.02
0
3
1
0
46003
0.3903
0.9197
0.0441
-0.0040
0.12
-0.06
-0.63
0.05
0.00
0.04
0
3
1
0
46013
0.3903
0.9197
0.0441
-0.0040
0.06
0.00
0.37
0.06
0.00
0.02
0
3
1
0
46022
0.3903
0.9197
0.0441
-0.0040
-0.12
0.31
0.94
0.07
-0.01
0.03
0
3
1
0
46032
0.3903
0.9197
0.0441
-0.0040
-0.12
0.19
1.19
0.07
-0.01
0.03
0
3
1
0
46043
0.3903
0.9197
0.0439
-0.0039
0.00
0.31
0.75
0.09
-0.02
0.03
0
3
1
0
46053
0.3903
0.9197
0.0439
-0.0039
0.00
0.00
-0.12
0.09
-0.01
0.04
0
3
1
0
